18 February 2016   3:57:22.721 PM
 
SPAETH2_PRB
  FORTRAN77 version
  Test the SPAETH2 library.
 
KMEANS_TEST
  KMEANS uses a variance diminishing procedure.
  The number of data items is M =            22
  The dimension of the data items is L =      2

  Data to be clustered:

    -57.0000         28.0000    
     54.0000        -65.0000    
     46.0000         79.0000    
     8.00000         111.000    
    -36.0000         52.0000    
    -22.0000        -76.0000    
     34.0000         129.000    
     74.0000         6.00000    
    -6.00000        -41.0000    
     21.0000         45.0000    
     37.0000         155.000    
    -38.0000         35.0000    
    -5.00000        -24.0000    
     70.0000        -74.0000    
     59.0000        -26.0000    
     114.000        -56.0000    
     83.0000        -41.0000    
    -40.0000        -28.0000    
     21.0000        -12.0000    
     0.00000         71.0000    
     50.0000         140.000    
    -20.0000         70.0000    

  N    Initial       Final
       Variance      Variance

   2   153229.       64629.5    
   2   148223.       64629.5    
   2   151264.       64629.5    

   3   147307.       39099.0    
   3   131149.       39099.0    
   3   144491.       60759.5    

   4   129828.       21167.6    
   4   103030.       21167.6    
   4   135273.       21167.6    

   5   121380.       16464.3    
   5   112289.       16464.3    
   5   129567.       16464.3    

   6   121215.       12429.2    
   6   122260.       15467.6    
   6   133353.       12429.3    

   7   123058.       13216.3    
   7   113250.       10598.9    
   7   134748.       10598.9    

   8   80510.8       8933.92    
   8   99556.5       8933.92    
   8   112651.       8933.92    

   9   78125.3       7619.92    
   9   94367.3       7619.92    
   9   118452.       7619.92    

  10   105413.       7619.92    
  10   105842.       7619.92    
  10   110168.       7619.92    
 
SPAETH2_PRB
  Normal end of execution.
 
18 February 2016   3:57:22.722 PM
