13 February  2015  11:17:31.774 AM      
 
JOHN_PRB:
  FORTRAN77 version
  Test the NL2SOL library.
 
 
 ***** nl2sol on problem Rosenbrock *****      NL2SOL version 2.2  
  
     I     INITIAL X(I)       D(I)

     1    -0.120000E+01     0.240E+02
     2     0.100000E+01     0.100E+02
0   IT    NF      F        RELDF      PRELDF     RELDX
  
     0     1  0.121E+02
     1     3  0.216E+01  0.822E+00  0.849E+00  0.137E+00
     2     4  0.157E+01  0.272E+00  0.373E+00  0.171E+00
     3     5  0.132E+01  0.161E+00  0.435E+00  0.319E+00
     4     6  0.752E+00  0.430E+00  0.454E+00  0.197E+00
     5     8  0.626E+00  0.167E+00  0.159E+00  0.304E+00
     6    10  0.473E+00  0.244E+00  0.241E+00  0.100E+01
     7    11  0.423E+00  0.108E+00  0.351E+00  0.746E+00
     8    12  0.248E+00  0.412E+00  0.441E+00  0.314E+00
     9    13  0.179E+00  0.280E+00  0.320E+00  0.148E+00
    10    15  0.126E+00  0.295E+00  0.328E+00  0.111E+00
    11    17  0.864E-01  0.314E+00  0.345E+00  0.833E-01
    12    19  0.573E-01  0.337E+00  0.364E+00  0.639E-01
    13    21  0.356E-01  0.380E+00  0.412E+00  0.539E-01
    14    22  0.195E-01  0.452E+00  0.495E+00  0.475E-01
    15    23  0.865E-02  0.556E+00  0.617E+00  0.416E-01
    16    24  0.259E-02  0.700E+00  0.811E+00  0.370E-01
    17    25  0.537E-03  0.793E+00  0.100E+01  0.306E-01
    18    26  0.000E+00  0.100E+01  0.100E+01  0.818E-03
0***** ABSOLUTE FUNCTION CONVERGENCE *****
0FUNCTION     0.000000E+00   RELDX        0.818285E-03
 FUNC. EVALS      26         GRAD. EVALS      19
 PRELDF       0.100000E+01   NPRELDF      0.100000E+01
  
    2 EXTRA FUNC. EVALS FOR COVARIANCE.
    3 EXTRA GRAD. EVALS FOR COVARIANCE.
  
     I      FINAL X(I)        D(I)          G(I)

     1     0.100000E+01     0.200E+02     0.000E+00
     2     0.100000E+01     0.100E+02     0.000E+00
  
COVARIANCE = SCALE * H**-1 * (J**T * J) * H**-1
  
 ROW  1    0.0000E+00
 ROW  2    0.0000E+00  0.0000E+00
1           NL2SOL version 2.2            nl2sol test summary.....          (* = finite difference jacobian)
0 problem    n   p  niter   nf   ng  iv1  x0scal     final f     preldf     nreldf     reldx

  Rosenbrock   2   2     18   26   19   a      1.0    0.000E+00  0.100E+01  0.100E+01  0.818E-03
  
     I     INITIAL X(I)       D(I)

     1    -0.120000E+02     0.240E+03
     2     0.100000E+02     0.100E+02
0   IT    NF      F        RELDF      PRELDF     RELDX
  
     0     1  0.898E+06
     1     4  0.125E+05  0.986E+00  0.995E+00  0.122E+00
     2     5  0.137E+04  0.891E+00  0.997E+00  0.138E+00
     3     7  0.110E+03  0.920E+00  0.982E+00  0.873E-01
     4     8  0.956E+02  0.128E+00  0.843E+00  0.103E+00
     5    10  0.170E+02  0.822E+00  0.825E+00  0.106E-01
     6    13  0.157E+02  0.780E-01  0.101E+00  0.323E-01
     7    14  0.141E+02  0.101E+00  0.141E+00  0.388E-01
     8    15  0.126E+02  0.109E+00  0.178E+00  0.471E-01
     9    16  0.112E+02  0.107E+00  0.233E+00  0.590E-01
    10    17  0.104E+02  0.775E-01  0.321E+00  0.773E-01
    11    19  0.685E+01  0.338E+00  0.367E+00  0.512E-01
    12    20  0.587E+01  0.143E+00  0.190E+00  0.583E-01
    13    21  0.502E+01  0.145E+00  0.226E+00  0.730E-01
    14    22  0.397E+01  0.209E+00  0.182E+00  0.516E-01
    15    24  0.350E+01  0.120E+00  0.134E+00  0.562E-01
    16    26  0.297E+01  0.151E+00  0.136E+00  0.690E-01
    17    27  0.249E+01  0.163E+00  0.145E+00  0.865E-01
    18    28  0.201E+01  0.190E+00  0.167E+00  0.127E+00
    19    29  0.146E+01  0.274E+00  0.233E+00  0.139E+00
    20    30  0.120E+01  0.181E+00  0.275E+00  0.209E+00
    21    31  0.937E+00  0.217E+00  0.156E+00  0.121E+00
    22    33  0.790E+00  0.157E+00  0.356E+00  0.571E+00
    23    34  0.407E+00  0.485E+00  0.510E+00  0.100E+01
    24    35  0.405E+00  0.561E-02  0.403E+00  0.543E+00
    25    36  0.212E+00  0.478E+00  0.741E+00  0.178E+00
    26    38  0.164E+00  0.223E+00  0.245E+00  0.106E+00
    27    40  0.128E+00  0.224E+00  0.237E+00  0.767E-01
    28    42  0.960E-01  0.248E+00  0.264E+00  0.672E-01
    29    44  0.704E-01  0.267E+00  0.253E+00  0.548E-01
    30    46  0.499E-01  0.291E+00  0.281E+00  0.474E-01
    31    48  0.334E-01  0.329E+00  0.316E+00  0.416E-01
    32    50  0.208E-01  0.379E+00  0.362E+00  0.370E-01
    33    52  0.114E-01  0.452E+00  0.428E+00  0.333E-01
    34    53  0.501E-02  0.560E+00  0.522E+00  0.303E-01
    35    54  0.138E-02  0.725E+00  0.649E+00  0.278E-01
    36    55  0.161E-03  0.883E+00  0.744E+00  0.164E-01
    37    56  0.284E-05  0.982E+00  0.100E+01  0.800E-02
    38    57  0.000E+00  0.100E+01  0.100E+01  0.594E-04
0***** ABSOLUTE FUNCTION CONVERGENCE *****
0FUNCTION     0.000000E+00   RELDX        0.594485E-04
 FUNC. EVALS      57         GRAD. EVALS      39
 PRELDF       0.100000E+01   NPRELDF      0.100000E+01
  
    2 EXTRA FUNC. EVALS FOR COVARIANCE.
    3 EXTRA GRAD. EVALS FOR COVARIANCE.
  
     I      FINAL X(I)        D(I)          G(I)

     1     0.100000E+01     0.200E+02     0.000E+00
     2     0.100000E+01     0.100E+02     0.000E+00
  
COVARIANCE = SCALE * H**-1 * (J**T * J) * H**-1
  
 ROW  1    0.0000E+00
 ROW  2    0.0000E+00  0.0000E+00
  Rosenbrock   2   2     38   57   39   a     10.0    0.000E+00  0.100E+01  0.100E+01  0.594E-04
  
     I     INITIAL X(I)       D(I)

     1    -0.120000E+03     0.240E+04
     2     0.100000E+03     0.100E+02
0   IT    NF      F        RELDF      PRELDF     RELDX
  
     0     1  0.102E+11
     1     7  0.198E+09  0.981E+00  0.992E+00  0.128E+00
     2     8  0.492E+05  0.100E+01  0.100E+01  0.304E-01
     3    10  0.392E+04  0.920E+00  0.921E+00  0.180E-02
     4    12  0.388E+04  0.867E-02  0.233E-01  0.595E-02
     5    13  0.379E+04  0.228E-01  0.381E-01  0.608E-02
     6    14  0.370E+04  0.234E-01  0.394E-01  0.619E-02
     7    15  0.362E+04  0.238E-01  0.407E-01  0.631E-02
     8    16  0.353E+04  0.242E-01  0.419E-01  0.643E-02
     9    17  0.344E+04  0.246E-01  0.433E-01  0.656E-02
    10    18  0.336E+04  0.251E-01  0.447E-01  0.669E-02
    11    19  0.327E+04  0.255E-01  0.462E-01  0.682E-02
    12    20  0.318E+04  0.260E-01  0.477E-01  0.696E-02
    13    21  0.310E+04  0.265E-01  0.494E-01  0.711E-02
    14    22  0.302E+04  0.270E-01  0.511E-01  0.726E-02
    15    23  0.293E+04  0.275E-01  0.530E-01  0.742E-02
    16    24  0.285E+04  0.280E-01  0.549E-01  0.758E-02
    17    25  0.277E+04  0.285E-01  0.570E-01  0.775E-02
    18    26  0.269E+04  0.291E-01  0.592E-01  0.792E-02
    19    27  0.261E+04  0.296E-01  0.615E-01  0.811E-02
    20    28  0.253E+04  0.302E-01  0.639E-01  0.830E-02
    21    29  0.245E+04  0.308E-01  0.666E-01  0.850E-02
    22    30  0.238E+04  0.314E-01  0.694E-01  0.870E-02
    23    31  0.230E+04  0.321E-01  0.723E-01  0.892E-02
    24    32  0.222E+04  0.327E-01  0.755E-01  0.915E-02
    25    33  0.215E+04  0.334E-01  0.789E-01  0.938E-02
    26    34  0.208E+04  0.341E-01  0.825E-01  0.963E-02
    27    35  0.200E+04  0.348E-01  0.864E-01  0.989E-02
    28    36  0.193E+04  0.355E-01  0.906E-01  0.102E-01
    29    37  0.186E+04  0.363E-01  0.950E-01  0.105E-01
    30    38  0.179E+04  0.371E-01  0.998E-01  0.108E-01
    31    39  0.173E+04  0.379E-01  0.105E+00  0.111E-01
    32    40  0.166E+04  0.387E-01  0.111E+00  0.114E-01
    33    41  0.159E+04  0.395E-01  0.117E+00  0.118E-01
    34    42  0.153E+04  0.403E-01  0.123E+00  0.121E-01
    35    43  0.147E+04  0.412E-01  0.130E+00  0.125E-01
    36    44  0.140E+04  0.421E-01  0.138E+00  0.130E-01
    37    45  0.134E+04  0.429E-01  0.146E+00  0.134E-01
    38    46  0.129E+04  0.438E-01  0.155E+00  0.139E-01
    39    47  0.123E+04  0.447E-01  0.165E+00  0.144E-01
    40    48  0.117E+04  0.456E-01  0.175E+00  0.150E-01
    41    49  0.112E+04  0.465E-01  0.187E+00  0.155E-01
    42    50  0.106E+04  0.473E-01  0.199E+00  0.162E-01
    43    51  0.101E+04  0.481E-01  0.213E+00  0.169E-01
    44    52  0.964E+03  0.489E-01  0.228E+00  0.176E-01
    45    53  0.916E+03  0.496E-01  0.245E+00  0.184E-01
    46    54  0.870E+03  0.502E-01  0.263E+00  0.193E-01
    47    55  0.826E+03  0.507E-01  0.283E+00  0.202E-01
    48    56  0.784E+03  0.510E-01  0.304E+00  0.213E-01
    49    57  0.744E+03  0.512E-01  0.328E+00  0.224E-01
    50    58  0.706E+03  0.511E-01  0.354E+00  0.237E-01
    51    59  0.670E+03  0.508E-01  0.382E+00  0.251E-01
    52    60  0.636E+03  0.501E-01  0.413E+00  0.267E-01
    53    61  0.605E+03  0.490E-01  0.446E+00  0.285E-01
    54    62  0.576E+03  0.475E-01  0.482E+00  0.306E-01
    55    63  0.314E+03  0.455E+00  0.491E+00  0.170E-01
    56    64  0.295E+03  0.600E-01  0.126E+00  0.176E-01
    57    65  0.278E+03  0.565E-01  0.135E+00  0.188E-01
    58    66  0.250E+03  0.100E+00  0.102E+00  0.507E-02
    59    68  0.246E+03  0.186E-01  0.189E-01  0.495E-02
    60    70  0.238E+03  0.319E-01  0.383E-01  0.101E-01
    61    71  0.229E+03  0.390E-01  0.475E-01  0.110E-01
    62    72  0.219E+03  0.417E-01  0.530E-01  0.119E-01
    63    73  0.209E+03  0.445E-01  0.593E-01  0.130E-01
    64    74  0.199E+03  0.474E-01  0.670E-01  0.141E-01
    65    75  0.189E+03  0.502E-01  0.764E-01  0.154E-01
    66    76  0.179E+03  0.530E-01  0.879E-01  0.169E-01
    67    77  0.169E+03  0.555E-01  0.102E+00  0.186E-01
    68    78  0.160E+03  0.574E-01  0.120E+00  0.205E-01
    69    79  0.150E+03  0.584E-01  0.143E+00  0.227E-01
    70    80  0.142E+03  0.579E-01  0.173E+00  0.253E-01
    71    81  0.134E+03  0.550E-01  0.210E+00  0.284E-01
    72    82  0.127E+03  0.486E-01  0.258E+00  0.321E-01
    73    83  0.123E+03  0.371E-01  0.319E+00  0.365E-01
    74    84  0.120E+03  0.188E-01  0.394E+00  0.420E-01
    75    85  0.724E+02  0.399E+00  0.438E+00  0.254E-01
    76    86  0.669E+02  0.754E-01  0.157E+00  0.284E-01
    77    87  0.625E+02  0.663E-01  0.191E+00  0.329E-01
    78    88  0.522E+02  0.165E+00  0.176E+00  0.106E-01
    79    90  0.503E+02  0.368E-01  0.377E-01  0.103E-01
    80    92  0.483E+02  0.389E-01  0.402E-01  0.111E-01
    81    93  0.457E+02  0.533E-01  0.857E-01  0.246E-01
    82    94  0.422E+02  0.780E-01  0.127E+00  0.284E-01
    83    95  0.387E+02  0.822E-01  0.157E+00  0.328E-01
    84    96  0.356E+02  0.815E-01  0.197E+00  0.384E-01
    85    97  0.330E+02  0.726E-01  0.255E+00  0.457E-01
    86    98  0.314E+02  0.478E-01  0.336E+00  0.557E-01
    87   100  0.204E+02  0.349E+00  0.379E+00  0.344E-01
    88   101  0.182E+02  0.110E+00  0.157E+00  0.370E-01
    89   102  0.162E+02  0.111E+00  0.175E+00  0.421E-01
    90   103  0.138E+02  0.143E+00  0.124E+00  0.251E-01
    91   105  0.128E+02  0.741E-01  0.808E-01  0.259E-01
    92   107  0.117E+02  0.891E-01  0.834E-01  0.284E-01
    93   109  0.107E+02  0.862E-01  0.964E-01  0.308E-01
    94   111  0.958E+01  0.102E+00  0.912E-01  0.341E-01
    95   113  0.858E+01  0.104E+00  0.941E-01  0.379E-01
    96   114  0.756E+01  0.118E+00  0.103E+00  0.430E-01
    97   115  0.662E+01  0.125E+00  0.106E+00  0.453E-01
    98   116  0.578E+01  0.127E+00  0.109E+00  0.489E-01
    99   117  0.500E+01  0.135E+00  0.114E+00  0.518E-01
   100   118  0.431E+01  0.138E+00  0.117E+00  0.574E-01
   101   119  0.366E+01  0.151E+00  0.127E+00  0.692E-01
   102   120  0.302E+01  0.173E+00  0.138E+00  0.839E-01
   103   121  0.244E+01  0.194E+00  0.149E+00  0.871E-01
   104   122  0.201E+01  0.177E+00  0.223E+00  0.107E+00
   105   123  0.162E+01  0.192E+00  0.291E+00  0.159E+00
   106   124  0.121E+01  0.256E+00  0.207E+00  0.112E+00
   107   126  0.101E+01  0.164E+00  0.169E+00  0.138E+00
   108   128  0.811E+00  0.196E+00  0.208E+00  0.226E+00
   109   129  0.616E+00  0.240E+00  0.301E+00  0.622E+00
   110   130  0.445E+00  0.277E+00  0.203E+00  0.100E+01
   111   131  0.359E+00  0.194E+00  0.261E+00  0.439E+00
   112   132  0.270E+00  0.247E+00  0.220E+00  0.242E+00
   113   133  0.210E+00  0.225E+00  0.403E+00  0.231E+00
   114   134  0.103E+00  0.507E+00  0.512E+00  0.162E+00
   115   135  0.672E-01  0.349E+00  0.439E+00  0.992E-01
   116   136  0.274E-01  0.592E+00  0.707E+00  0.833E-01
   117   137  0.145E-01  0.473E+00  0.707E+00  0.626E-01
   118   138  0.105E-02  0.927E+00  0.140E+01  0.559E-01
   119   140  0.155E-03  0.853E+00  0.100E+01  0.214E-01
   120   141  0.000E+00  0.100E+01  0.100E+01  0.440E-03
0***** ABSOLUTE FUNCTION CONVERGENCE *****
0FUNCTION     0.000000E+00   RELDX        0.439909E-03
 FUNC. EVALS     141         GRAD. EVALS     121
 PRELDF       0.100000E+01   NPRELDF      0.100000E+01
  
    2 EXTRA FUNC. EVALS FOR COVARIANCE.
    3 EXTRA GRAD. EVALS FOR COVARIANCE.
  
     I      FINAL X(I)        D(I)          G(I)

     1     0.100000E+01     0.200E+02     0.000E+00
     2     0.100000E+01     0.100E+02     0.000E+00
  
COVARIANCE = SCALE * H**-1 * (J**T * J) * H**-1
  
 ROW  1    0.0000E+00
 ROW  2    0.0000E+00  0.0000E+00
  Rosenbrock   2   2    120  141  121   a    100.0    0.000E+00  0.100E+01  0.100E+01  0.440E-03
