DDR: Surface pressure (mm Hg X 10)
    7620    7652    7670    7683    7680    7660
7590    7612    7651    7672    7677    7665    7640
    7590    7618    7652    7665    7671    7655
7559    7585    7610    7650    7660    7663    7640
    7548    7568    7601    7630    7656    7654
7542    7541    7558    7585    7623    7651    7630
    7542    7547    7548    7587    7624    7629
7550    7546    7558    7561    7595    7617    7602
    7539    7553    7553    7569    7600    7598
7541    7540    7560    7555    7575    7597    7592
    7535    7552    7545    7562    7580    7599
7528    7545    7545    7554    7572    7595    7602
    7534    7543    7550    7565    7585    7610
7525    7535    7545    7560    7577    7601    7602
