 DDR: Wind Speed and Direction at 100mb.
 195.17 270.15 310.17 320.13 330.10 340.08 355.07
 145.22 170.13 315.10 330.17 340.12 355.08 360.07
 140.15 145.20 150.07 335.12 355.13 015.06 025.06
 125.09 135.15 140.13 030.10 030.12 030.03 060.06
 120.13 130.08 135.10 095.10 055.05 245.02 270.07
 120.10 130.16 140.08 140.04 210.02 230.08 265.12
 110.05 135.10 145.14 150.04 190.05 215.12 250.16        
 DDR: Wind Speed and Direction at 300mb.
 166.16 206.15 298.13 324.17 337.13 348.10 353.06
 150.18 160.15 235.09 330.15 345.15 360.11 013.06
 142.14 146.21 148.10 320.09 360.16 020.09 005.06
 135.10 136.15 132.19 082.13 038.13 040.06 340.06
 125.09 119.10 120.14 090.14 041.07 228.02 241.08
 121.14 128.10 111.08 064.06 220.01 227.08 233.12
 122.07 134.14 132.10 090.03 190.03 205.11 220.16
 DDR: Wind Speed and Direction at 500mb.
 180.15 210.12 270.09 310.10 320.09 330.05 360.03
 160.16 170.11 210.07 310.08 340.11 350.07 360.03
 150.15 145.15 150.08 360.04 020.10 025.06 030.03
 140.12 140.17 125.15 085.10 050.10 045.04 240.01
 125.08 130.13 135.17 135.12 090.03 225.01 240.03
 110.09 120.07 125.13 130.16 155.07 220.05 235.09
 115.07 125.11 125.07 125.10 160.08 210.08 230.12
 DDR: Wind Speed and Direction at 700mb.
 180.11 190.10 205.04 270.03 330.05 330.10 325.08
 170.11 170.10 160.04 150.01 360.03 360.09 340.09
 150.08 155.13 125.08 090.05 075.06 050.11 030.07
 140.05 145.11 130.08 110.11 090.11 055.09 045.03
 130.04 130.05 130.11 145.04 100.03 055.01 240.02
 130.08 135.04 125.04 120.08 130.04 270.03 250.06
 130.12 140.08 145.03 125.03 145.06 225.06 250.08
 DDR: Wind Speed and Direction at 900mb.
 159.10 160.07 130.04 100.03 080.03 050.04 360.06
 161.09 155.11 110.10 115.08 090.05 060.06 015.07
 155.04 180.06 120.10 110.11 105.10 080.08 360.05
 180.04 160.03 120.05 120.08 115.10 050.07 350.03
 190.05 140.03 135.02 140.04 145.06 360.04 300.02
 150.07 135.04 150.03 160.04 170.04 250.01 260.04
 130.10 128.05 135.03 170.04 180.06 230.06 270.07
