DDR: Geopotential height at 200mb.
  11750 11730 11710 11680 11620 11550 11450
  11760 11750 11730 11715 11700 11620 11525
  11740 11720 11710 11730 11720 11670 11575
  11700 11670 11670 11750 11720 11670 11600
  11650 11620 11620 11645 11650 11640 11590
  11590 11570 11580 11600 11600 11590 11570
  11540 11530 11550 11570 11590 11600 11580
DDR: Geopotential height at 400mb.
   7130  7150  7165  7155  7100  7050  6960
   7115  7145  7195  7210  7220  7120  7020
   7090  7130  7200  7230  7225  7160  7060
   7060  7100  7150  7230  7220  7150  7050
   7030  7040  7080  7120  7110  7090  7080
   6990  7010  7030  7060  7080  7090  7110
   6960  6980  7010  7030  7060  7110  7130
DDR: Geopotential height at 600mb.
   4150  4180  4205  4215  4203  4150  4088
   4140  4170  4210  4225  4217  4180  4110
   4120  4153  4200  4230  4222  4195  4135
   4108  4130  4175  4210  4210  4183  4145
   4094  4108  4134  4155  4162  4153  4138
   4085  4099  4116  4132  4141  4139  4145
   4080  4095  4112  4127  4138  4150  4155
DDR: Geopotential height at 800mb.
   1937  1952  1960  1973  1974  1953  1918
   1900  1918  1944  1960  1965  1954  1918
   1850  1875  1908  1944  1953  1950  1927
   1828  1852  1890  1922  1935  1936  1925
   1819  1838  1875  1909  1918  1924  1920
   1810  1826  1847  1880  1907  1918  1922
   1800  1818  1837  1860  1901  1915  1930
