24 August    2014   9:56:46.341 AM      
 
WEDGE_EXACTNESS
  FORTRAN77 version
  Investigate the polynomial exactness of
  a quadrature rule for the unit wedge.
 
  User input:
  W file = "wedge_felippa_3x2_w.txt".
  X file = "wedge_felippa_3x2_x.txt".
  Maximum total degree to check =        5
 
  Spatial dimension =        3
  Number of points  =        6
 
          Error          Degree  Exponents
 
        0.0000000000000002    0      0  0  0
 
        0.0000000000000001    1      1  0  0
        0.0000000000000001    1      0  1  0
        0.0000000000000000    1      0  0  1
 
        0.0000000000000000    2      2  0  0
        0.0000000000000001    2      1  1  0
        0.0000000000000001    2      0  2  0
        0.0000000000000000    2      1  0  1
        0.0000000000000000    2      0  1  1
        0.0000000000000001    2      0  0  2
 
        0.0018518518518519    3      3  0  0
        0.0009259259259259    3      2  1  0
        0.0009259259259259    3      1  2  0
        0.0018518518518519    3      0  3  0
        0.0000000000000000    3      2  0  1
        0.0000000000000000    3      1  1  1
        0.0000000000000000    3      0  2  1
        0.0000000000000000    3      1  0  2
        0.0000000000000000    3      0  1  2
        0.0000000000000000    3      0  0  3
 
        0.0003086419753086    4      4  0  0
        0.0010802469135803    4      3  1  0
        0.0026234567901235    4      2  2  0
        0.0010802469135803    4      1  3  0
        0.0003086419753086    4      0  4  0
        0.0000000000000000    4      3  0  1
        0.0000000000000000    4      2  1  1
        0.0000000000000000    4      1  2  1
        0.0000000000000000    4      0  3  1
        0.0000000000000000    4      2  0  2
        0.0000000000000000    4      1  1  2
        0.0000000000000000    4      0  2  2
        0.0000000000000000    4      1  0  3
        0.0000000000000000    4      0  1  3
        0.0888888888888889    4      0  0  4
 
        0.0036375661375661    5      5  0  0
        0.0016644620811288    5      4  1  0
        0.0012896825396825    5      3  2  0
        0.0012896825396825    5      2  3  0
        0.0016644620811288    5      1  4  0
        0.0036375661375661    5      0  5  0
        0.0000000000000000    5      4  0  1
        0.0000000000000000    5      3  1  1
        0.0000000000000000    5      2  2  1
        0.0000000000000000    5      1  3  1
        0.0000000000000000    5      0  4  1
        0.0006172839506173    5      3  0  2
        0.0003086419753086    5      2  1  2
        0.0003086419753086    5      1  2  2
        0.0006172839506173    5      0  3  2
        0.0000000000000000    5      2  0  3
        0.0000000000000000    5      1  1  3
        0.0000000000000000    5      0  2  3
        0.0296296296296296    5      1  0  4
        0.0296296296296296    5      0  1  4
        0.0000000000000000    5      0  0  5
 
 
WEDGE_EXACTNESS:
  Normal end of execution.
 
24 August    2014   9:56:46.342 AM      
