     0.00000        0.138390E-86
    0.250000         1.08127    
    0.500000         2.32332    
    0.750000         3.53672    
     1.00000         4.31386    
     1.25000         5.08128    
     1.50000         6.10769    
     1.75000         3.35033    
     2.00000         3.12687    
     2.25000         8.46269    
     2.50000         3.69520    
     2.75000         4.67641    
     3.00000         6.37080    
     3.25000         14.2957    
     3.50000         20.5286    
     3.75000         41.0983    
     4.00000         135.457    
     4.25000         47.6693    
     4.50000         35.9424    
     4.75000         69.4663    
     5.00000         29.5898    
     5.25000         29.6486    
     5.50000         4.95319    
     5.75000         2.46583    
     6.00000         1.00655    
     6.25000        0.726085    
     6.50000         2.81901    
     6.75000         5.62007    
     7.00000        0.503844    
     7.25000         1.28917    
     7.50000         1.73450    
     7.75000         5.54226    
     8.00000         2.55006    
     8.25000         8.39835    
     8.50000         2.09942    
     8.75000         2.13659    
     9.00000         1.31464    
     9.25000         3.21428    
     9.50000         4.65662    
     9.75000         2.90250    
     10.0000         4.73805    
     10.2500         3.21735    
     10.5000         4.03811    
     10.7500         3.92556    
     11.0000         7.94575    
     11.2500         7.50099    
     11.5000         28.9760    
     11.7500         4.10870    
     12.0000         1.17923    
     12.2500        0.432427    
     12.5000        0.144626    
     12.7500        0.424586    
     13.0000         1.15154    
     13.2500        0.141886E-01
     13.5000        0.164923E-01
     13.7500        0.972187E-02
     14.0000        0.274349E-02
     14.2500        0.434790E-02
     14.5000        0.591229E-02
     14.7500        0.580441E-02
     15.0000        0.948113E-02
     15.2500        0.352393E-02
     15.5000        0.747267E-02
     15.7500        0.204809E-01
     16.0000        0.167983E-01
     16.2500        0.218873E-01
     16.5000        0.687427E-01
     16.7500        0.172257    
     17.0000        0.467104    
     17.2500        0.619229    
     17.5000        0.894132    
     17.7500         2.03837    
     18.0000        0.656149    
     18.2500        0.714444    
     18.5000         1.02433    
     18.7500         1.38701    
     19.0000        0.185408    
     19.2500        0.531124E-01
     19.5000        0.707262E-01
     19.7500        0.180011    
     20.0000        0.486994    
     20.2500         1.20661    
     20.5000         1.35574    
     20.7500         1.25061    
     21.0000        0.744528    
     21.2500        0.146541E-01
     21.5000        0.151098E-01
     21.7500        0.586137E-02
     22.0000        0.896583E-02
     22.2500        0.200688E-01
     22.5000        0.519298E-03
     22.7500        0.181026E-03
     23.0000        0.200890E-03
     23.2500        0.734687E-03
     23.5000        0.399825E-03
     23.7500        0.226544E-03
     24.0000        0.232902E-03
     24.2500        0.541241E-03
     24.5000        0.218455E-03
     24.7500        0.393481E-04
     25.0000        0.611269E-05
     25.2500        0.800342E-05
     25.5000        0.163289E-04
     25.7500        0.470194E-04
     26.0000        0.119739E-03
     26.2500        0.207228E-05
     26.5000        0.573280E-06
     26.7500        0.527698E-06
     27.0000        0.901642E-06
     27.2500        0.534984E-06
     27.5000        0.205536E-05
     27.7500        0.161162E-05
     28.0000        0.500584E-05
     28.2500        0.727043E-05
     28.5000        0.173127E-04
     28.7500        0.665928E-05
     29.0000        0.583499E-05
     29.2500        0.817789E-05
     29.5000        0.183888E-04
     29.7500        0.374396E-04
     30.0000        0.109087E-03
     30.2500        0.220308E-03
     30.5000        0.113861E-03
     30.7500        0.133500E-03
     31.0000        0.596396E-04
     31.2500        0.111146E-03
     31.5000        0.354963E-03
     31.7500        0.446215E-05
     32.0000        0.106096E-04
     32.2500        0.270682E-04
     32.5000        0.180630E-04
     32.7500        0.300429E-04
     33.0000        0.950934E-04
     33.2500        0.148281E-03
     33.5000        0.265777E-03
     33.7500        0.128365E-03
     34.0000        0.295251E-03
     34.2500        0.484076E-03
     34.5000        0.140407E-02
     34.7500        0.174345E-02
     35.0000        0.166748E-02
     35.2500        0.626622E-02
     35.5000        0.111528E-01
     35.7500        0.159117E-01
     36.0000        0.413259E-01
     36.2500        0.525821E-02
     36.5000        0.562587E-02
     36.7500        0.128991E-01
     37.0000        0.113974E-02
     37.2500        0.133412E-02
     37.5000        0.139603E-02
     37.7500        0.170510E-02
     38.0000        0.435676E-02
     38.2500        0.889853E-02
     38.5000        0.247959E-01
     38.7500        0.608086E-01
     39.0000        0.375871E-01
     39.2500        0.757035E-02
     39.5000        0.767583E-02
     39.7500        0.140242E-01
     40.0000        0.392975E-02
     40.2500        0.850591E-04
     40.5000        0.843916E-04
     40.7500        0.356406E-03
     41.0000        0.937365E-04
     41.2500        0.111806E-03
     41.5000        0.418104E-04
     41.7500        0.204076E-04
     42.0000        0.719212E-05
     42.2500        0.607784E-05
     42.5000        0.540631E-05
     42.7500        0.565289E-05
     43.0000        0.645252E-05
     43.2500        0.108817E-04
     43.5000        0.345342E-04
     43.7500        0.750773E-04
     44.0000        0.479133E-04
     44.2500        0.828758E-04
     44.5000        0.695859E-04
     44.7500        0.153781E-03
     45.0000        0.272816E-03
     45.2500        0.393384E-04
     45.5000        0.463431E-04
     45.7500        0.611696E-04
     46.0000        0.480127E-04
     46.2500        0.447836E-04
     46.5000        0.121306E-03
     46.7500        0.201528E-03
     47.0000        0.175965E-03
     47.2500        0.322065E-03
     47.5000        0.787711E-04
     47.7500        0.122517E-03
     48.0000        0.822146E-04
     48.2500        0.530076E-04
     48.5000        0.101349E-03
     48.7500        0.172905E-03
     49.0000        0.715697E-04
     49.2500        0.489804E-04
     49.5000        0.496392E-04
     49.7500        0.226256E-04
     50.0000        0.404216E-04
     50.2500        0.219182E-04
     50.5000        0.104793E-03
     50.7500        0.577867E-04
     51.0000        0.133885E-03
     51.2500        0.262452E-03
     51.5000        0.605452E-03
     51.7500        0.196761E-02
     52.0000        0.156729E-02
     52.2500        0.385969E-02
     52.5000        0.829458E-02
     52.7500        0.176028E-01
     53.0000        0.189641E-01
     53.2500        0.528839E-01
     53.5000        0.698907E-02
     53.7500        0.334576E-01
     54.0000        0.884847E-01
     54.2500        0.108762    
     54.5000        0.128807    
     54.7500        0.463617E-01
     55.0000        0.592140E-01
     55.2500        0.142181    
     55.5000        0.121678    
     55.7500        0.697941E-01
     56.0000        0.770380E-01
     56.2500        0.146326    
     56.5000        0.343030    
     56.7500        0.321978    
     57.0000        0.381337E-01
     57.2500        0.916686E-02
     57.5000        0.339695E-01
     57.7500        0.952441E-01
     58.0000        0.309494    
     58.2500        0.239730    
     58.5000        0.168109    
     58.7500        0.354106    
     59.0000        0.510302    
     59.2500        0.982274    
     59.5000        0.359058    
     59.7500        0.272384    
     60.0000        0.711513    
     60.2500         1.15749    
     60.5000         1.60023    
     60.7500         5.09132    
     61.0000         9.65324    
     61.2500         26.0145    
     61.5000         29.3524    
     61.7500        0.310982    
     62.0000        0.430466    
     62.2500        0.347657    
     62.5000        0.370601    
     62.7500        0.131290    
     63.0000        0.321608    
     63.2500        0.713013    
     63.5000         1.75929    
     63.7500         4.74450    
     64.0000         8.68677    
     64.2500         11.7937    
     64.5000         2.16166    
     64.7500         2.72985    
     65.0000         12.5495    
     65.2500         10.6022    
     65.5000        0.629756    
     65.7500        0.947007    
     66.0000        0.726814    
     66.2500        0.437646    
     66.5000        0.290095    
     66.7500        0.806264    
     67.0000         2.09639    
     67.2500         1.19015    
     67.5000         1.05967    
     67.7500         2.25965    
     68.0000        0.211488E-01
     68.2500        0.158191E-01
     68.5000        0.253495E-01
     68.7500        0.360537E-01
     69.0000        0.838240E-01
     69.2500        0.278184    
     69.5000        0.184868    
     69.7500        0.222083    
     70.0000        0.366130E-01
     70.2500        0.659786E-01
     70.5000        0.188910    
     70.7500        0.619422    
     71.0000         1.01362    
     71.2500         2.23319    
     71.5000         4.38191    
     71.7500         8.50843    
     72.0000         6.47233    
     72.2500         8.40279    
     72.5000         16.5934    
     72.7500         35.2808    
     73.0000         46.2795    
     73.2500         13.9063    
     73.5000         34.8615    
     73.7500         30.6811    
     74.0000         68.6262    
     74.2500         47.8987    
     74.5000         87.5121    
     74.7500         85.7542    
     75.0000         281.748    
     75.2500         650.513    
     75.5000         747.107    
     75.7500         953.758    
     76.0000         417.981    
     76.2500         288.905    
     76.5000         168.096    
     76.7500         285.011    
     77.0000         670.414    
     77.2500         1138.75    
     77.5000         366.589    
     77.7500         249.778    
     78.0000         768.153    
     78.2500         498.577    
     78.5000         779.739    
     78.7500         276.221    
     79.0000         242.247    
     79.2500         245.790    
     79.5000         261.752    
     79.7500         217.622    
     80.0000         521.557    
     80.2500         55.8297    
     80.5000         56.1282    
     80.7500         98.1496    
     81.0000         243.104    
     81.2500         520.914    
     81.5000         119.588    
     81.7500         97.7319    
     82.0000         139.391    
     82.2500         322.214    
     82.5000         248.639    
     82.7500         349.662    
     83.0000         782.225    
     83.2500         649.368    
     83.5000         2425.30    
     83.7500         4265.90    
     84.0000         157.016    
     84.2500         435.348    
     84.5000         88.9619    
     84.7500         317.793    
     85.0000         998.960    
     85.2500         1915.66    
     85.5000         2197.48    
     85.7500         2421.43    
     86.0000         5646.65    
     86.2500         8834.60    
     86.5000         12542.1    
     86.7500         12.9145    
     87.0000         8.29123    
     87.2500         7.68264    
     87.5000         18.7436    
     87.7500         33.9652    
     88.0000         39.0614    
     88.2500         54.9661    
     88.5000         6.41767    
     88.7500         6.42948    
     89.0000         11.5201    
     89.2500         19.8981    
     89.5000         18.1324    
     89.7500         28.8466    
     90.0000         53.6748    
     90.2500         78.5298    
     90.5000         162.247    
     90.7500         393.335    
     91.0000         221.326    
     91.2500         147.572    
     91.5000         130.797    
     91.7500         154.349    
     92.0000         281.714    
     92.2500         930.882    
     92.5000         398.468    
     92.7500         539.287    
     93.0000         1351.57    
     93.2500         1220.61    
     93.5000         387.269    
     93.7500         299.021    
     94.0000         452.508    
     94.2500         371.585    
     94.5000         209.783    
     94.7500         341.726    
     95.0000         928.690    
     95.2500         4856.15    
     95.5000         677.526    
     95.7500         203.959    
     96.0000         261.628    
     96.2500         218.932    
     96.5000         76.2088    
     96.7500         125.587    
     97.0000         167.586    
     97.2500         290.801    
     97.5000         257.008    
     97.7500         953.849    
     98.0000         594.141    
     98.2500         2257.54    
     98.5000         4273.26    
     98.7500         3978.45    
     99.0000         1705.58    
     99.2500         747.703    
     99.5000         767.613    
     99.7500         1775.89    
     100.000         1255.16    
     100.250         1230.90    
     100.500         837.048    
     100.750         2599.68    
     101.000         2502.56    
     101.250         3464.70    
     101.500         11114.1    
     101.750         9781.22    
     102.000         31292.1    
     102.250         36101.4    
     102.500         18647.0    
     102.750         25513.1    
     103.000         7541.18    
     103.250         14314.5    
     103.500         17105.4    
     103.750         6307.87    
     104.000         2384.12    
     104.250         2882.62    
     104.500         4397.61    
     104.750         13727.0    
     105.000         3791.70    
     105.250         1764.60    
     105.500         3340.04    
     105.750         2488.65    
     106.000         1221.80    
     106.250         900.969    
     106.500         1425.67    
     106.750         2106.54    
     107.000         2120.90    
     107.250         4571.80    
     107.500         6546.96    
     107.750         16585.4    
     108.000         16426.6    
     108.250         13993.4    
     108.500         16739.2    
     108.750         15006.5    
     109.000         11885.3    
     109.250         24418.2    
     109.500         57627.1    
     109.750         75196.7    
     110.000         110018.    
     110.250         30041.9    
     110.500         21588.6    
     110.750         3633.39    
     111.000         13604.6    
     111.250         29694.4    
     111.500         63626.3    
     111.750         171365.    
     112.000         59913.0    
     112.250         54495.9    
     112.500         15778.3    
     112.750         23537.2    
     113.000         73225.8    
     113.250         139809.    
     113.500         400394.    
     113.750         369831.    
     114.000        0.106188E+07
     114.250         876668.    
     114.500        0.166442E+07
     114.750        0.137316E+07
     115.000         102447.    
     115.250         80831.2    
     115.500         22405.0    
     115.750         19945.7    
     116.000         29063.3    
     116.250         1401.84    
     116.500         1855.34    
     116.750         2326.83    
     117.000         1040.24    
     117.250         456.162    
     117.500         186.503    
     117.750         153.092    
     118.000         220.597    
     118.250         80.8829    
     118.500         134.537    
     118.750         142.409    
     119.000         22.3360    
     119.250         10.5938    
     119.500         11.3886    
     119.750         20.6101    
     120.000        0.581245    
     120.250        0.119179    
     120.500        0.263947    
     120.750        0.233314    
     121.000        0.943095E-01
     121.250        0.136255    
     121.500        0.172807    
     121.750        0.318059    
     122.000        0.579357    
     122.250        0.833413    
     122.500         1.37598    
     122.750         2.27021    
     123.000         9.57182    
     123.250         15.5648    
     123.500         10.2216    
     123.750         16.3719    
     124.000         35.3353    
     124.250         88.8539    
     124.500         111.886    
     124.750         170.151    
     125.000         409.904    
     125.250         725.592    
     125.500         2244.94    
     125.750         1728.91    
     126.000         2211.03    
     126.250         6192.73    
     126.500         16979.9    
     126.750         15610.4    
     127.000         63615.2    
     127.250         38539.5    
     127.500         8775.76    
     127.750         526.313    
     128.000         528.417    
     128.250         67.8300    
     128.500         28.2294    
     128.750         12.1033    
     129.000         1.95672    
     129.250        0.566672    
     129.500         1.16483    
     129.750         2.56174    
     130.000         4.24769    
     130.250         13.1562    
     130.500         9.51074    
     130.750         5.73094    
     131.000         9.39480    
     131.250         1.91324    
     131.500         2.26421    
     131.750        0.578827    
     132.000         1.05209    
     132.250         1.56372    
     132.500         3.26161    
     132.750         7.38267    
     133.000         9.64770    
     133.250         12.5388    
     133.500         2.04281    
     133.750         3.49307    
     134.000         5.51364    
     134.250         6.08610    
     134.500         4.80342    
     134.750         9.41579    
     135.000         12.4129    
     135.250         5.13574    
     135.500         2.40172    
     135.750         1.49355    
     136.000         3.85297    
     136.250         1.10603    
     136.500        0.210595    
     136.750        0.845468    
     137.000         1.74761    
     137.250         2.43969    
     137.500         3.11344    
     137.750         4.26469    
     138.000         5.59245    
     138.250         10.2596    
     138.500         23.9616    
     138.750         13.5036    
     139.000        0.575954    
     139.250        0.851771    
     139.500        0.511156    
     139.750        0.123999    
     140.000        0.624270E-01
     140.250        0.172105E-01
     140.500        0.237447E-02
     140.750        0.539038E-02
     141.000        0.808646E-02
     141.250        0.143372E-01
     141.500        0.146926E-01
     141.750        0.286321E-02
     142.000        0.283712E-02
     142.250        0.787664E-02
     142.500        0.450783E-02
     142.750        0.134722E-01
     143.000        0.494102E-01
     143.250        0.366058E-01
     143.500        0.639066E-01
     143.750        0.732720E-01
     144.000        0.594380E-01
     144.250        0.128919    
     144.500        0.852123E-01
     144.750        0.424671E-01
     145.000        0.137306    
     145.250        0.205916    
     145.500        0.488095    
     145.750         1.21966    
     146.000        0.459111    
     146.250         1.14026    
     146.500         3.32382    
     146.750         2.07321    
     147.000         3.92950    
     147.250         5.42401    
     147.500         15.8391    
     147.750         6.06949    
     148.000         6.12826    
     148.250         9.17540    
     148.500         39.7595    
     148.750         10.9448    
     149.000         11.6450    
     149.250         21.1140    
     149.500         15.5426    
     149.750         29.8058    
     150.000         3.18633    
     150.250         3.74117    
     150.500         1.55247    
     150.750         2.26948    
     151.000         1.18370    
     151.250         2.34986    
     151.500         3.53368    
     151.750         2.89109    
     152.000        0.384194    
     152.250        0.757429    
     152.500        0.588300    
     152.750        0.417167    
     153.000        0.145604    
     153.250        0.213769    
     153.500        0.862687E-02
     153.750        0.101485E-01
     154.000        0.181808E-01
     154.250        0.157446E-01
     154.500        0.245064E-01
     154.750        0.171521E-01
     155.000        0.696383E-02
     155.250        0.888080E-02
     155.500        0.773445E-02
     155.750        0.116315E-01
     156.000        0.108741E-01
     156.250        0.183323E-01
     156.500        0.226063E-01
     156.750        0.492849E-01
     157.000        0.106930    
     157.250        0.987728E-01
     157.500        0.252223    
     157.750        0.274614    
     158.000        0.385845    
     158.250        0.235483    
     158.500        0.292666    
     158.750        0.753544    
     159.000        0.571203    
     159.250         1.06888    
     159.500         1.07366    
     159.750         2.32536    
     160.000         2.51812    
     160.250         2.16609    
     160.500         3.88560    
     160.750         10.8780    
     161.000         32.2824    
     161.250         63.7293    
     161.500         20.5832    
     161.750         17.4776    
     162.000         8.89935    
     162.250         4.86185    
     162.500         5.02784    
     162.750         10.7893    
     163.000         39.5532    
     163.250         44.8111    
     163.500         85.7370    
     163.750         45.2937    
     164.000         70.1652    
     164.250         156.604    
     164.500         208.797    
     164.750         98.5314    
     165.000         242.698    
     165.250         295.829    
     165.500         900.696    
     165.750         1172.60    
     166.000         1176.63    
     166.250         204.970    
     166.500         79.0618    
     166.750         56.6838    
     167.000         4.95690    
     167.250         5.94535    
     167.500         4.88960    
     167.750         3.96082    
     168.000         6.83769    
     168.250         1.31845    
     168.500         1.21912    
     168.750        0.148554    
     169.000        0.243641    
     169.250        0.719211    
     169.500        0.548398    
     169.750        0.428447    
     170.000        0.809735    
     170.250        0.758110E-01
     170.500        0.322619E-01
     170.750        0.660760E-02
     171.000        0.932472E-02
     171.250        0.564794E-03
     171.500        0.257138E-04
     171.750        0.735114E-04
     172.000        0.156364E-03
     172.250        0.106623E-03
     172.500        0.467193E-04
     172.750        0.790098E-04
     173.000        0.658437E-05
     173.250        0.528630E-05
     173.500        0.516848E-05
     173.750        0.119089E-04
     174.000        0.879529E-05
     174.250        0.164340E-04
     174.500        0.202027E-04
     174.750        0.113514E-04
     175.000        0.154324E-04
     175.250        0.174381E-04
     175.500        0.264261E-04
     175.750        0.504359E-04
     176.000        0.880121E-04
     176.250        0.146449E-03
     176.500        0.326106E-03
     176.750        0.880771E-04
     177.000        0.848968E-04
     177.250        0.273126E-04
     177.500        0.174560E-04
     177.750        0.553097E-06
     178.000        0.741827E-06
     178.250        0.250801E-05
     178.500        0.193469E-05
     178.750        0.555578E-05
     179.000        0.169636E-04
     179.250        0.214865E-04
     179.500        0.269067E-04
     179.750        0.370619E-04
     180.000        0.856764E-06
     180.250        0.249621E-05
     180.500        0.425040E-05
     180.750        0.291181E-05
     181.000        0.783099E-05
     181.250        0.153245E-04
     181.500        0.177442E-04
     181.750        0.236539E-04
     182.000        0.345334E-04
     182.250        0.307748E-04
     182.500        0.298479E-04
     182.750        0.174309E-04
     183.000        0.394991E-04
     183.250        0.299935E-04
     183.500        0.571222E-04
     183.750        0.111877E-03
     184.000        0.223342E-04
     184.250        0.926301E-05
     184.500        0.837496E-05
     184.750        0.816819E-05
     185.000        0.111600E-04
     185.250        0.543763E-05
     185.500        0.210722E-04
     185.750        0.948571E-05
     186.000        0.953096E-06
     186.250        0.524873E-06
     186.500        0.189214E-05
     186.750        0.629254E-06
     187.000        0.452689E-06
     187.250        0.960532E-06
     187.500        0.250344E-07
     187.750        0.187583E-07
     188.000        0.278010E-07
     188.250        0.510295E-07
     188.500        0.104518E-06
     188.750        0.768947E-07
     189.000        0.274301E-06
     189.250        0.166080E-06
     189.500        0.381169E-06
     189.750        0.122965E-06
     190.000        0.138519E-06
     190.250        0.208992E-06
     190.500        0.582892E-07
     190.750        0.626899E-07
     191.000        0.519965E-07
     191.250        0.674288E-07
     191.500        0.170358E-06
     191.750        0.345485E-06
     192.000        0.123792E-07
     192.250        0.190571E-08
     192.500        0.116306E-08
     192.750        0.153933E-08
     193.000        0.494106E-08
     193.250        0.910023E-08
     193.500        0.132616E-07
     193.750        0.757591E-08
     194.000        0.821502E-08
     194.250        0.497787E-08
     194.500        0.477587E-08
     194.750        0.112743E-07
     195.000        0.133846E-07
     195.250        0.327292E-08
     195.500        0.166967E-09
     195.750        0.327520E-09
     196.000        0.105672E-08
     196.250        0.781874E-09
     196.500        0.605289E-09
     196.750        0.621575E-09
     197.000        0.998555E-09
     197.250        0.639135E-09
     197.500        0.722434E-09
     197.750        0.930047E-09
     198.000        0.253546E-08
     198.250        0.109280E-08
     198.500        0.186697E-08
     198.750        0.193056E-08
     199.000        0.119357E-08
     199.250        0.170349E-09
     199.500        0.447241E-09
     199.750        0.137186E-08
     200.000        0.121606E-08
     200.250        0.451452E-08
     200.500        0.298003E-08
     200.750        0.468486E-08
     201.000        0.122154E-07
     201.250        0.260059E-07
     201.500        0.773127E-07
     201.750        0.174170E-07
     202.000        0.117045E-07
     202.250        0.862477E-08
     202.500        0.118867E-07
     202.750        0.105507E-07
     203.000        0.152593E-07
     203.250        0.125461E-07
     203.500        0.180640E-07
     203.750        0.245620E-07
     204.000        0.372816E-09
     204.250        0.751521E-09
     204.500        0.773082E-09
     204.750        0.494536E-09
     205.000        0.656882E-09
     205.250        0.175734E-08
     205.500        0.193431E-08
     205.750        0.126970E-08
     206.000        0.400537E-08
     206.250        0.531621E-08
     206.500        0.115080E-07
     206.750        0.863048E-08
     207.000        0.165031E-07
     207.250        0.210974E-07
     207.500        0.704318E-08
     207.750        0.105727E-07
     208.000        0.397928E-08
     208.250        0.546458E-08
     208.500        0.784560E-10
     208.750        0.781212E-10
     209.000        0.282491E-09
     209.250        0.127088E-09
     209.500        0.124251E-09
     209.750        0.134983E-09
     210.000        0.155098E-09
     210.250        0.277692E-09
     210.500        0.686644E-09
     210.750        0.461439E-09
     211.000        0.633185E-09
     211.250        0.145459E-08
     211.500        0.754709E-09
     211.750        0.203975E-08
     212.000        0.447266E-08
     212.250        0.111112E-07
     212.500        0.650424E-08
     212.750        0.326058E-08
     213.000        0.119889E-07
     213.250        0.167651E-07
     213.500        0.246292E-07
     213.750        0.101515E-07
     214.000        0.152576E-07
     214.250        0.431123E-07
     214.500        0.342300E-08
     214.750        0.698105E-08
     215.000        0.120821E-08
     215.250        0.197940E-08
     215.500        0.174102E-08
     215.750        0.176959E-08
     216.000        0.257524E-08
     216.250        0.368201E-08
     216.500        0.971888E-08
     216.750        0.215464E-07
     217.000        0.388236E-07
     217.250        0.180456E-07
     217.500        0.533854E-07
     217.750        0.922833E-07
     218.000        0.589822E-07
     218.250        0.524049E-07
     218.500        0.274090E-07
     218.750        0.217255E-07
     219.000        0.131915E-07
     219.250        0.189378E-07
     219.500        0.205277E-07
     219.750        0.300453E-08
     220.000        0.255303E-08
     220.250        0.391154E-08
     220.500        0.231877E-08
     220.750        0.805455E-08
     221.000        0.206284E-07
     221.250        0.424366E-07
     221.500        0.338821E-07
     221.750        0.352005E-07
     222.000        0.819385E-07
     222.250        0.128924E-06
     222.500        0.196932E-06
     222.750        0.164440E-07
     223.000        0.246710E-07
     223.250        0.648416E-07
     223.500        0.942728E-08
     223.750        0.128189E-07
     224.000        0.176217E-07
     224.250        0.346460E-07
     224.500        0.246017E-07
     224.750        0.276447E-07
     225.000        0.119481E-07
     225.250        0.854730E-08
     225.500        0.114201E-07
     225.750        0.243386E-07
     226.000        0.404793E-07
     226.250        0.487683E-07
     226.500        0.937220E-08
     226.750        0.461677E-08
     227.000        0.144147E-08
     227.250        0.385457E-08
     227.500        0.440824E-08
     227.750        0.117497E-07
     228.000        0.605866E-08
     228.250        0.103478E-07
     228.500        0.808243E-08
     228.750        0.125413E-07
     229.000        0.407462E-07
     229.250        0.600531E-07
     229.500        0.236635E-07
     229.750        0.279883E-07
     230.000        0.234992E-07
     230.250        0.232626E-07
     230.500        0.227712E-07
     230.750        0.593250E-07
     231.000        0.662004E-07
     231.250        0.315469E-08
     231.500        0.568184E-08
     231.750        0.500603E-08
     232.000        0.936879E-09
     232.250        0.221180E-10
     232.500        0.401875E-10
     232.750        0.678305E-11
     233.000        0.268493E-10
     233.250        0.310507E-10
     233.500        0.500134E-11
     233.750        0.259039E-11
     234.000        0.494877E-11
     234.250        0.750417E-11
     234.500        0.366432E-11
     234.750        0.719555E-11
     235.000        0.229731E-12
     235.250        0.116833E-12
     235.500        0.134753E-12
     235.750        0.196677E-12
     236.000        0.516101E-12
     236.250        0.238004E-13
     236.500        0.707640E-15
     236.750        0.240788E-14
     237.000        0.210051E-14
     237.250        0.692906E-15
     237.500        0.771387E-15
     237.750        0.124170E-14
     238.000        0.187875E-14
     238.250        0.375305E-14
     238.500        0.903541E-14
     238.750        0.386602E-15
     239.000        0.168346E-15
     239.250        0.223247E-15
     239.500        0.280435E-15
     239.750        0.322623E-15
     240.000        0.602747E-15
     240.250        0.574097E-15
     240.500        0.805167E-15
     240.750        0.164588E-14
     241.000        0.455082E-14
     241.250        0.332442E-14
     241.500        0.253474E-14
     241.750        0.100794E-14
     242.000        0.134449E-14
     242.250        0.108694E-14
     242.500        0.155167E-14
     242.750        0.107691E-14
     243.000        0.403245E-14
     243.250        0.326493E-14
     243.500        0.264414E-14
     243.750        0.460209E-15
     244.000        0.694552E-15
     244.250        0.381635E-15
     244.500        0.789478E-15
     244.750        0.121150E-14
     245.000        0.320250E-15
     245.250        0.582447E-15
     245.500        0.163913E-14
     245.750        0.253772E-14
     246.000        0.698683E-14
     246.250        0.156533E-13
     246.500        0.443924E-14
     246.750        0.281860E-14
     247.000        0.584365E-14
     247.250        0.115381E-13
     247.500        0.248423E-13
     247.750        0.146877E-13
     248.000        0.514720E-15
     248.250        0.517239E-15
     248.500        0.676847E-16
     248.750        0.100009E-15
     249.000        0.293034E-17
     249.250        0.401821E-17
     249.500        0.459111E-17
     249.750        0.400409E-17
     250.000        0.325315E-18
     250.250        0.798547E-18
     250.500        0.565504E-18
     250.750        0.667441E-18
     251.000        0.330535E-18
     251.250        0.889068E-19
     251.500        0.373466E-19
     251.750        0.204226E-19
     252.000        0.203541E-19
     252.250        0.122247E-19
     252.500        0.797799E-20
     252.750        0.116632E-19
     253.000        0.177184E-19
     253.250        0.251184E-19
     253.500        0.225465E-19
     253.750        0.922857E-19
     254.000        0.139562E-19
     254.250        0.633469E-19
     254.500        0.305878E-19
     254.750        0.443545E-19
     255.000        0.950733E-19
     255.250        0.656968E-19
     255.500        0.632436E-19
     255.750        0.813691E-19
     256.000        0.987261E-19
     256.250        0.154906E-18
     256.500        0.941992E-19
     256.750        0.195855E-18
     257.000        0.258831E-18
     257.250        0.719885E-18
     257.500        0.697708E-18
     257.750        0.725548E-18
     258.000        0.180014E-18
     258.250        0.697216E-19
     258.500        0.106529E-18
     258.750        0.214951E-18
     259.000        0.666151E-18
     259.250        0.143027E-17
     259.500        0.791665E-18
     259.750        0.131229E-17
     260.000        0.394189E-17
     260.250        0.364472E-17
     260.500        0.126428E-17
     260.750        0.185294E-17
     261.000        0.126546E-17
     261.250        0.715578E-18
     261.500        0.368679E-18
     261.750        0.912409E-18
     262.000        0.783679E-18
     262.250        0.118014E-19
     262.500        0.286288E-19
     262.750        0.656946E-19
     263.000        0.724322E-19
     263.250        0.607871E-19
     263.500        0.673963E-20
     263.750        0.994539E-20
     264.000        0.244141E-19
     264.250        0.619188E-20
     264.500        0.224283E-19
     264.750        0.329565E-19
     265.000        0.614282E-19
     265.250        0.153896E-18
     265.500        0.584679E-18
     265.750        0.373744E-18
     266.000        0.419604E-18
     266.250        0.680379E-18
     266.500        0.625297E-18
     266.750        0.809975E-18
     267.000        0.106174E-17
     267.250        0.253774E-17
     267.500        0.432679E-17
     267.750        0.145861E-17
     268.000        0.113418E-17
     268.250        0.127160E-17
     268.500        0.654055E-18
     268.750        0.842803E-18
     269.000        0.885332E-18
     269.250        0.103318E-17
     269.500        0.726563E-18
     269.750        0.463395E-18
     270.000        0.963061E-18
     270.250        0.159853E-17
     270.500        0.153191E-19
     270.750        0.488837E-19
     271.000        0.546934E-19
     271.250        0.233589E-18
     271.500        0.141158E-18
     271.750        0.136377E-18
     272.000        0.158857E-18
     272.250        0.364484E-18
     272.500        0.169460E-18
     272.750        0.384252E-19
     273.000        0.162189E-19
     273.250        0.183652E-19
     273.500        0.289627E-19
     273.750        0.531626E-19
     274.000        0.748413E-19
     274.250        0.237173E-18
     274.500        0.281783E-19
     274.750        0.849637E-20
     275.000        0.136542E-19
     275.250        0.180580E-19
     275.500        0.337541E-19
     275.750        0.650206E-19
     276.000        0.588900E-19
     276.250        0.800131E-19
     276.500        0.210051E-18
     276.750        0.569604E-18
     277.000        0.365419E-18
     277.250        0.253130E-18
     277.500        0.400545E-18
     277.750        0.522459E-18
     278.000        0.166980E-17
     278.250        0.536400E-18
     278.500        0.179406E-18
     278.750        0.805709E-20
     279.000        0.684937E-20
     279.250        0.148607E-19
     279.500        0.226526E-19
     279.750        0.355939E-20
     280.000        0.190574E-20
     280.250        0.805696E-21
     280.500        0.160357E-20
     280.750        0.280375E-20
     281.000        0.189320E-20
     281.250        0.395180E-21
     281.500        0.987647E-22
     281.750        0.383683E-21
     282.000        0.709836E-22
     282.250        0.140750E-21
     282.500        0.644918E-23
     282.750        0.666296E-23
     283.000        0.225420E-23
     283.250        0.229422E-23
     283.500        0.152447E-23
     283.750        0.241735E-23
     284.000        0.317983E-23
     284.250        0.532764E-23
     284.500        0.150049E-22
     284.750        0.181587E-22
     285.000        0.248735E-22
     285.250        0.771035E-22
     285.500        0.208454E-21
     285.750        0.379802E-21
     286.000        0.584052E-21
     286.250        0.722268E-21
     286.500        0.693768E-21
     286.750        0.569464E-22
     287.000        0.151438E-21
     287.250        0.246692E-23
     287.500        0.308989E-23
     287.750        0.326557E-23
     288.000        0.113312E-22
     288.250        0.353954E-23
     288.500        0.554683E-24
     288.750        0.438232E-24
     289.000        0.856497E-24
     289.250        0.231065E-23
     289.500        0.434438E-23
     289.750        0.693408E-23
     290.000        0.192945E-22
     290.250        0.276405E-22
     290.500        0.583665E-22
     290.750        0.126828E-21
     291.000        0.183089E-21
     291.250        0.151128E-21
     291.500        0.543522E-22
     291.750        0.513296E-23
     292.000        0.366867E-23
     292.250        0.270064E-23
     292.500        0.308104E-23
     292.750        0.311574E-23
     293.000        0.816449E-23
     293.250        0.314555E-23
     293.500        0.265068E-23
     293.750        0.178203E-23
     294.000        0.617435E-24
     294.250        0.374862E-24
     294.500        0.296460E-24
     294.750        0.256142E-24
     295.000        0.225415E-24
     295.250        0.204386E-25
     295.500        0.538608E-25
     295.750        0.764758E-25
     296.000        0.164897E-24
     296.250        0.573164E-25
     296.500        0.283031E-25
     296.750        0.209469E-25
     297.000        0.379877E-26
     297.250        0.899576E-26
     297.500        0.349769E-26
     297.750        0.190736E-26
     298.000        0.417430E-26
     298.250        0.210221E-26
     298.500        0.195115E-26
     298.750        0.114327E-26
     299.000        0.503958E-27
     299.250        0.426711E-27
     299.500        0.408655E-27
     299.750        0.970989E-27
     300.000        0.515250E-27
     300.250        0.786526E-29
     300.500        0.590108E-29
     300.750        0.225539E-29
     301.000        0.481840E-29
     301.250        0.339963E-29
     301.500        0.748692E-31
     301.750        0.864066E-31
     302.000        0.171538E-30
     302.250        0.488384E-31
     302.500        0.118057E-30
     302.750        0.157490E-30
     303.000        0.475710E-31
     303.250        0.388959E-32
     303.500        0.609095E-32
     303.750        0.783057E-32
     304.000        0.447673E-32
     304.250        0.424689E-32
     304.500        0.460054E-33
     304.750        0.797134E-33
     305.000        0.113400E-32
     305.250        0.295207E-32
     305.500        0.316518E-32
     305.750        0.124766E-32
     306.000        0.403366E-33
     306.250        0.505232E-33
     306.500        0.167917E-32
     306.750        0.209787E-32
     307.000        0.429530E-32
     307.250        0.150407E-32
     307.500        0.430152E-34
     307.750        0.515916E-34
     308.000        0.552342E-34
     308.250        0.613434E-34
     308.500        0.114278E-33
     308.750        0.117035E-33
     309.000        0.186760E-33
     309.250        0.408231E-33
     309.500        0.987466E-33
     309.750        0.593022E-33
     310.000        0.194352E-33
     310.250        0.324905E-33
     310.500        0.490919E-33
     310.750        0.142614E-32
     311.000        0.288421E-32
     311.250        0.113109E-31
     311.500        0.841559E-32
     311.750        0.388107E-32
     312.000        0.324026E-32
     312.250        0.700065E-32
     312.500        0.123008E-31
     312.750        0.110894E-31
     313.000        0.162777E-31
     313.250        0.113798E-31
     313.500        0.831155E-32
     313.750        0.296300E-32
     314.000        0.474972E-33
     314.250        0.786169E-33
     314.500        0.144971E-32
     314.750        0.160664E-32
     315.000        0.980780E-33
     315.250        0.830835E-33
     315.500        0.382517E-33
     315.750        0.527246E-33
     316.000        0.687890E-33
     316.250        0.249767E-32
     316.500        0.142011E-32
     316.750        0.331768E-32
     317.000        0.151605E-32
     317.250        0.297449E-32
     317.500        0.417233E-32
     317.750        0.607384E-32
     318.000        0.914193E-32
     318.250        0.616261E-32
     318.500        0.166080E-31
     318.750        0.245157E-31
     319.000        0.418435E-31
     319.250        0.228286E-31
     319.500        0.411796E-32
     319.750        0.176164E-32
     320.000        0.297636E-32
     320.250        0.502137E-32
     320.500        0.758726E-32
     320.750        0.137211E-31
     321.000        0.279018E-31
     321.250        0.315871E-33
     321.500        0.586727E-33
     321.750        0.170853E-32
     322.000        0.506802E-33
     322.250        0.532397E-33
     322.500        0.916831E-33
     322.750        0.134728E-32
     323.000        0.428085E-33
     323.250        0.527729E-33
     323.500        0.581930E-33
     323.750        0.274251E-33
     324.000        0.118743E-34
     324.250        0.252018E-34
     324.500        0.421412E-34
     324.750        0.428398E-34
     325.000        0.128635E-34
     325.250        0.174861E-34
     325.500        0.334970E-34
     325.750        0.311094E-34
     326.000        0.480904E-34
     326.250        0.714535E-34
     326.500        0.147922E-33
     326.750        0.224481E-33
     327.000        0.123969E-33
     327.250        0.388675E-33
     327.500        0.346945E-33
     327.750        0.378840E-33
     328.000        0.129741E-32
     328.250        0.104673E-32
     328.500        0.341146E-32
     328.750        0.415014E-32
     329.000        0.913174E-32
     329.250        0.187604E-31
     329.500        0.676177E-32
     329.750        0.253047E-32
     330.000        0.376918E-33
     330.250        0.951488E-33
     330.500        0.160093E-33
     330.750        0.283339E-33
     331.000        0.324017E-33
     331.250        0.342670E-33
     331.500        0.420489E-33
     331.750        0.716900E-33
     332.000        0.269708E-32
     332.250        0.465468E-32
     332.500        0.867201E-32
     332.750        0.211683E-31
     333.000        0.198694E-31
     333.250        0.965410E-32
     333.500        0.173012E-31
     333.750        0.119233E-31
     334.000        0.348019E-31
     334.250        0.907297E-31
     334.500        0.468407E-33
     334.750        0.654570E-33
     335.000        0.102336E-32
     335.250        0.342109E-32
     335.500        0.243730E-32
     335.750        0.800200E-32
     336.000        0.241886E-31
     336.250        0.572530E-31
     336.500        0.809097E-32
     336.750        0.485844E-33
     337.000        0.158442E-32
     337.250        0.124488E-33
     337.500        0.727861E-34
     337.750        0.230150E-33
     338.000        0.415694E-33
     338.250        0.354784E-33
     338.500        0.187020E-33
     338.750        0.413823E-34
     339.000        0.202426E-34
     339.250        0.395080E-34
     339.500        0.538193E-34
     339.750        0.100784E-33
     340.000        0.108433E-34
     340.250        0.151874E-34
     340.500        0.321711E-34
     340.750        0.760803E-35
     341.000        0.494968E-35
     341.250        0.311063E-35
     341.500        0.364873E-35
     341.750        0.853036E-35
     342.000        0.255197E-35
     342.250        0.126387E-35
     342.500        0.374708E-35
     342.750        0.246923E-35
     343.000        0.284449E-35
     343.250        0.484298E-35
     343.500        0.327388E-35
     343.750        0.506670E-37
     344.000        0.112881E-36
     344.250        0.146753E-38
     344.500        0.214293E-38
     344.750        0.518049E-38
     345.000        0.292224E-38
     345.250        0.818513E-38
     345.500        0.801323E-38
     345.750        0.436100E-38
     346.000        0.211023E-39
     346.250        0.262621E-39
     346.500        0.113293E-39
     346.750        0.754328E-41
     347.000        0.676503E-41
     347.250        0.817828E-41
     347.500        0.216548E-40
     347.750        0.541688E-40
     348.000        0.443104E-40
     348.250        0.160810E-39
     348.500        0.199472E-39
     348.750        0.179186E-39
     349.000        0.527448E-39
     349.250        0.761212E-39
     349.500        0.232356E-39
     349.750        0.159786E-39
     350.000        0.804721E-40
     350.250        0.136842E-39
     350.500        0.230940E-39
     350.750        0.293655E-39
     351.000        0.853127E-41
     351.250        0.130689E-40
     351.500        0.153417E-40
     351.750        0.286397E-40
     352.000        0.363671E-40
     352.250        0.736811E-40
     352.500        0.525604E-40
     352.750        0.595999E-40
     353.000        0.131537E-39
     353.250        0.195693E-39
     353.500        0.172412E-40
     353.750        0.442463E-40
     354.000        0.195257E-40
     354.250        0.180179E-41
     354.500        0.547611E-41
     354.750        0.212662E-41
     355.000        0.740127E-41
     355.250        0.131712E-40
     355.500        0.617293E-42
     355.750        0.960631E-42
     356.000        0.565534E-42
     356.250        0.315612E-42
     356.500        0.622931E-42
     356.750        0.865182E-42
     357.000        0.208675E-41
     357.250        0.175098E-41
     357.500        0.674088E-42
     357.750        0.744866E-43
     358.000        0.101141E-42
     358.250        0.196938E-42
     358.500        0.455847E-43
     358.750        0.581725E-43
     359.000        0.709921E-44
     359.250        0.488708E-44
     359.500        0.625487E-44
     359.750        0.103623E-43
     360.000        0.748027E-46
     360.250        0.564333E-46
     360.500        0.429549E-47
     360.750        0.798918E-47
     361.000        0.131833E-46
     361.250        0.203571E-46
     361.500        0.443695E-46
     361.750        0.762773E-46
     362.000        0.353336E-46
     362.250        0.412051E-46
     362.500        0.431178E-46
     362.750        0.622362E-46
     363.000        0.733468E-46
     363.250        0.128239E-46
     363.500        0.639444E-47
     363.750        0.111076E-46
     364.000        0.215516E-47
     364.250        0.194829E-47
     364.500        0.204084E-47
     364.750        0.141712E-47
     365.000        0.292049E-47
     365.250        0.280871E-48
     365.500        0.891699E-49
     365.750        0.296491E-48
     366.000        0.742282E-48
     366.250        0.364406E-48
     366.500        0.720625E-49
     366.750        0.960034E-49
     367.000        0.102494E-48
     367.250        0.319081E-48
     367.500        0.512067E-48
     367.750        0.658774E-49
     368.000        0.133190E-49
     368.250        0.119331E-49
     368.500        0.206187E-49
     368.750        0.979371E-49
     369.000        0.264173E-49
     369.250        0.839190E-49
     369.500        0.409519E-49
     369.750        0.524492E-49
     370.000        0.851200E-50
     370.250        0.215610E-49
     370.500        0.376522E-50
     370.750        0.594816E-50
     371.000        0.208834E-49
     371.250        0.144227E-49
     371.500        0.169155E-49
     371.750        0.610248E-49
     372.000        0.129933E-48
     372.250        0.414943E-48
     372.500        0.606433E-49
     372.750        0.969953E-49
     373.000        0.237929E-48
     373.250        0.385347E-48
     373.500        0.274749E-48
     373.750        0.643886E-49
     374.000        0.163979E-48
     374.250        0.238289E-48
     374.500        0.719446E-49
     374.750        0.231568E-48
     375.000        0.617167E-48
     375.250        0.103573E-47
     375.500        0.247274E-47
     375.750        0.251243E-47
     376.000        0.257009E-47
     376.250        0.430626E-47
     376.500        0.373743E-47
     376.750        0.291462E-47
     377.000        0.190389E-47
     377.250        0.310000E-48
     377.500        0.506439E-49
     377.750        0.817065E-49
     378.000        0.387379E-49
     378.250        0.381865E-49
     378.500        0.147469E-48
     378.750        0.127425E-48
     379.000        0.265548E-48
     379.250        0.162664E-48
     379.500        0.222766E-48
     379.750        0.528229E-48
     380.000        0.414496E-48
     380.250        0.512696E-48
     380.500        0.358518E-48
     380.750        0.434732E-48
     381.000        0.224770E-48
     381.250        0.184691E-48
     381.500        0.256977E-48
     381.750        0.505954E-49
     382.000        0.682133E-49
     382.250        0.317682E-49
     382.500        0.106198E-48
     382.750        0.137776E-48
     383.000        0.662912E-50
     383.250        0.179140E-49
     383.500        0.177547E-49
     383.750        0.376444E-49
     384.000        0.840382E-49
     384.250        0.985850E-49
     384.500        0.264114E-48
     384.750        0.283588E-48
     385.000        0.370451E-48
     385.250        0.601432E-48
     385.500        0.533582E-48
     385.750        0.128809E-47
     386.000        0.303652E-47
     386.250        0.749737E-48
     386.500        0.648986E-48
     386.750        0.480639E-48
     387.000        0.193872E-48
     387.250        0.812524E-48
     387.500        0.269550E-48
     387.750        0.127929E-48
     388.000        0.871778E-50
     388.250        0.118067E-49
     388.500        0.107469E-49
     388.750        0.303978E-49
     389.000        0.303373E-49
     389.250        0.372492E-49
     389.500        0.541725E-49
     389.750        0.203844E-49
     390.000        0.614796E-49
     390.250        0.137636E-48
     390.500        0.132932E-48
     390.750        0.151628E-48
     391.000        0.470674E-48
     391.250        0.588917E-48
     391.500        0.137838E-47
     391.750        0.126646E-47
     392.000        0.121708E-47
     392.250        0.238346E-47
     392.500        0.171224E-47
     392.750        0.241341E-47
     393.000        0.494364E-47
     393.250        0.149487E-46
     393.500        0.220975E-46
     393.750        0.178942E-46
     394.000        0.197132E-46
     394.250        0.153997E-46
     394.500        0.281361E-46
     394.750        0.179396E-46
     395.000        0.423274E-46
     395.250        0.122180E-46
     395.500        0.234148E-46
     395.750        0.940696E-47
     396.000        0.139717E-46
     396.250        0.105959E-46
     396.500        0.230842E-46
     396.750        0.225075E-46
     397.000        0.583957E-46
     397.250        0.206648E-46
     397.500        0.223569E-46
     397.750        0.171126E-46
     398.000        0.124770E-46
     398.250        0.885581E-47
     398.500        0.147246E-46
     398.750        0.903509E-47
     399.000        0.196344E-47
     399.250        0.294156E-47
     399.500        0.536682E-47
     399.750        0.530191E-47
     400.000        0.190169E-47
     400.250        0.374719E-47
     400.500        0.217038E-47
     400.750        0.361820E-47
     401.000        0.723244E-50
     401.250        0.198182E-49
     401.500        0.592188E-50
     401.750        0.387014E-50
     402.000        0.482739E-50
     402.250        0.408330E-50
     402.500        0.132110E-50
     402.750        0.267074E-50
     403.000        0.328801E-50
     403.250        0.116398E-49
     403.500        0.174183E-49
     403.750        0.179089E-49
     404.000        0.585567E-49
     404.250        0.157460E-48
     404.500        0.185250E-48
     404.750        0.534125E-48
     405.000        0.201951E-47
     405.250        0.173335E-48
     405.500        0.294448E-48
     405.750        0.218504E-48
     406.000        0.359069E-48
     406.250        0.722261E-48
     406.500        0.743046E-48
     406.750        0.107483E-47
     407.000        0.360360E-48
     407.250        0.403199E-48
     407.500        0.105028E-47
     407.750        0.107101E-47
     408.000        0.204676E-47
     408.250        0.105422E-47
     408.500        0.775623E-48
     408.750        0.100191E-47
     409.000        0.130847E-47
     409.250        0.378969E-47
     409.500        0.229039E-47
     409.750        0.556382E-47
     410.000        0.138932E-46
     410.250        0.212291E-46
     410.500        0.451031E-46
     410.750        0.165756E-46
     411.000        0.133066E-47
     411.250        0.741079E-48
     411.500        0.511487E-48
     411.750        0.156895E-47
     412.000        0.981144E-48
     412.250        0.237894E-47
     412.500        0.162501E-47
     412.750        0.478833E-47
     413.000        0.155770E-47
     413.250        0.210514E-48
     413.500        0.709620E-50
     413.750        0.370679E-50
     414.000        0.777077E-50
     414.250        0.102278E-49
     414.500        0.119077E-50
     414.750        0.301117E-50
     415.000        0.260860E-50
     415.250        0.598918E-51
     415.500        0.879523E-51
     415.750        0.108104E-50
     416.000        0.114055E-50
     416.250        0.152256E-50
     416.500        0.130417E-50
     416.750        0.160213E-50
     417.000        0.145874E-51
     417.250        0.398119E-51
     417.500        0.345096E-52
     417.750        0.791086E-52
     418.000        0.144149E-53
     418.250        0.636300E-54
     418.500        0.118856E-53
     418.750        0.195717E-53
     419.000        0.162535E-53
     419.250        0.872516E-54
     419.500        0.587257E-54
     419.750        0.632859E-54
     420.000        0.128525E-57
     420.250        0.260103E-57
     420.500        0.409411E-57
     420.750        0.112771E-56
     421.000        0.769746E-57
     421.250        0.115080E-56
     421.500        0.207910E-56
     421.750        0.117092E-56
     422.000        0.561125E-57
     422.250        0.719514E-57
     422.500        0.246009E-56
     422.750        0.279983E-56
     423.000        0.115475E-58
     423.250        0.543402E-60
     423.500        0.190612E-60
     423.750        0.141383E-60
     424.000        0.287942E-60
     424.250        0.464556E-60
     424.500        0.109381E-59
     424.750        0.600820E-60
     425.000        0.619283E-60
     425.250        0.456681E-60
     425.500        0.480837E-60
     425.750        0.661423E-60
     426.000        0.162778E-59
     426.250        0.686033E-60
     426.500        0.646277E-60
     426.750        0.149866E-59
     427.000        0.326526E-59
     427.250        0.246817E-59
     427.500        0.124069E-59
     427.750        0.275667E-59
     428.000        0.787252E-59
     428.250        0.143723E-58
     428.500        0.951741E-59
     428.750        0.749843E-59
     429.000        0.187902E-58
     429.250        0.506903E-58
     429.500        0.125589E-60
     429.750        0.190299E-60
     430.000        0.927283E-61
     430.250        0.306085E-60
     430.500        0.158440E-60
     430.750        0.256158E-60
     431.000        0.396132E-60
     431.250        0.568166E-60
     431.500        0.165474E-59
     431.750        0.105870E-59
     432.000        0.277457E-59
     432.250        0.423188E-59
     432.500        0.197488E-59
     432.750        0.724110E-60
     433.000        0.376202E-60
     433.250        0.267568E-60
     433.500        0.406760E-60
     433.750        0.566382E-60
     434.000        0.743320E-60
     434.250        0.163142E-59
     434.500        0.647617E-60
     434.750        0.872956E-60
     435.000        0.113152E-59
     435.250        0.173801E-61
     435.500        0.230639E-61
     435.750        0.296427E-61
     436.000        0.598964E-61
     436.250        0.157780E-60
     436.500        0.458674E-60
     436.750        0.729141E-61
     437.000        0.945406E-61
     437.250        0.575838E-61
     437.500        0.583126E-61
     437.750        0.130734E-60
     438.000        0.256080E-60
     438.250        0.200517E-60
     438.500        0.383180E-60
     438.750        0.458546E-61
     439.000        0.778762E-61
     439.250        0.109695E-60
     439.500        0.191702E-60
     439.750        0.695068E-61
     440.000        0.842647E-61
     440.250        0.114305E-60
     440.500        0.253743E-60
     440.750        0.151163E-60
     441.000        0.153669E-60
     441.250        0.723171E-61
     441.500        0.526291E-61
     441.750        0.642609E-61
     442.000        0.331249E-61
     442.250        0.514263E-62
     442.500        0.162887E-61
     442.750        0.377765E-61
     443.000        0.695286E-61
     443.250        0.819818E-61
     443.500        0.118224E-60
     443.750        0.164940E-60
     444.000        0.371120E-60
     444.250        0.105194E-59
     444.500        0.150861E-59
     444.750        0.259569E-60
     445.000        0.421829E-60
     445.250        0.790717E-60
     445.500        0.283779E-59
     445.750        0.505266E-59
     446.000        0.685710E-59
     446.250        0.280858E-59
     446.500        0.105917E-59
     446.750        0.322592E-61
     447.000        0.855087E-61
     447.250        0.559247E-61
     447.500        0.128797E-60
     447.750        0.400606E-60
     448.000        0.111383E-59
     448.250        0.151113E-59
     448.500        0.690757E-60
     448.750        0.313197E-60
     449.000        0.573846E-61
     449.250        0.104916E-60
     449.500        0.918030E-61
     449.750        0.447178E-61
     450.000        0.198968E-61
     450.250        0.153820E-61
     450.500        0.120483E-61
     450.750        0.294174E-61
     451.000        0.328446E-61
     451.250        0.263398E-61
     451.500        0.153137E-61
     451.750        0.139140E-61
     452.000        0.172587E-61
     452.250        0.156426E-61
     452.500        0.272779E-61
     452.750        0.669765E-61
     453.000        0.104841E-60
     453.250        0.984339E-61
     453.500        0.143632E-60
     453.750        0.349824E-60
     454.000        0.308055E-60
     454.250        0.147019E-60
     454.500        0.220052E-60
     454.750        0.402770E-60
     455.000        0.310261E-60
     455.250        0.295419E-61
     455.500        0.415282E-61
     455.750        0.869191E-61
     456.000        0.208386E-61
     456.250        0.448369E-61
     456.500        0.961412E-61
     456.750        0.252017E-60
     457.000        0.653805E-60
     457.250        0.114876E-59
     457.500        0.279750E-59
     457.750        0.694768E-59
     458.000        0.425004E-59
     458.250        0.207559E-59
     458.500        0.714669E-60
     458.750        0.118062E-59
     459.000        0.344476E-59
     459.250        0.466154E-59
     459.500        0.744359E-59
     459.750        0.252494E-59
     460.000        0.535706E-59
     460.250        0.111196E-60
     460.500        0.107720E-60
     460.750        0.401695E-60
     461.000        0.650705E-61
     461.250        0.147828E-61
     461.500        0.328671E-61
     461.750        0.300516E-61
     462.000        0.557179E-61
     462.250        0.986175E-61
     462.500        0.332139E-60
     462.750        0.174293E-60
     463.000        0.292434E-60
     463.250        0.110857E-60
     463.500        0.249027E-60
     463.750        0.120629E-60
     464.000        0.167230E-60
     464.250        0.596154E-61
     464.500        0.984479E-62
     464.750        0.334784E-63
     465.000        0.273327E-63
     465.250        0.393473E-64
     465.500        0.154458E-64
     465.750        0.186952E-64
     466.000        0.177115E-64
     466.250        0.161663E-64
     466.500        0.496113E-65
     466.750        0.509218E-65
     467.000        0.428523E-65
     467.250        0.875935E-66
     467.500        0.253800E-65
     467.750        0.836530E-65
     468.000        0.197838E-64
     468.250        0.277436E-64
     468.500        0.268374E-64
     468.750        0.330941E-64
     469.000        0.431256E-64
     469.250        0.167210E-64
     469.500        0.200149E-64
     469.750        0.322489E-64
     470.000        0.418667E-64
     470.250        0.493046E-64
     470.500        0.390855E-64
     470.750        0.749926E-64
     471.000        0.293302E-64
     471.250        0.351450E-64
     471.500        0.851671E-65
     471.750        0.168093E-64
     472.000        0.112699E-64
     472.250        0.202942E-64
     472.500        0.817900E-65
     472.750        0.182099E-64
     473.000        0.190922E-64
     473.250        0.922959E-65
     473.500        0.245954E-64
     473.750        0.579560E-65
     474.000        0.814841E-65
     474.250        0.105043E-64
     474.500        0.105880E-64
     474.750        0.159864E-64
     475.000        0.680400E-64
     475.250        0.132230E-63
     475.500        0.289380E-64
     475.750        0.268695E-64
     476.000        0.622439E-64
     476.250        0.207075E-63
     476.500        0.453836E-65
     476.750        0.594164E-65
     477.000        0.343629E-66
     477.250        0.456314E-67
     477.500        0.904994E-67
     477.750        0.177873E-66
     478.000        0.221358E-66
     478.250        0.456269E-66
     478.500        0.376426E-66
     478.750        0.154168E-67
     479.000        0.626169E-68
     479.250        0.108695E-68
     479.500        0.430941E-69
     479.750        0.243024E-70
     480.000        0.222394E-71
     480.250        0.645679E-71
     480.500        0.155117E-71
     480.750        0.857262E-72
     481.000        0.928586E-72
     481.250        0.261958E-71
     481.500        0.445716E-71
     481.750        0.554156E-72
     482.000        0.118780E-71
     482.250        0.503698E-71
     482.500        0.129537E-70
     482.750        0.107846E-70
     483.000        0.187331E-70
     483.250        0.192589E-70
     483.500        0.251265E-70
     483.750        0.587231E-70
     484.000        0.448291E-70
     484.250        0.514821E-71
     484.500        0.113339E-70
     484.750        0.265936E-70
     485.000        0.374101E-70
     485.250        0.982867E-70
     485.500        0.502360E-70
     485.750        0.310419E-70
     486.000        0.898607E-70
     486.250        0.306119E-69
     486.500        0.154400E-69
     486.750        0.318933E-69
     487.000        0.637602E-69
     487.250        0.780369E-69
     487.500        0.115369E-68
     487.750        0.521599E-69
     488.000        0.926564E-69
     488.250        0.476948E-70
     488.500        0.190651E-69
     488.750        0.424091E-70
     489.000        0.813216E-70
     489.250        0.703840E-70
     489.500        0.711389E-70
     489.750        0.107032E-69
     490.000        0.535801E-70
     490.250        0.718296E-70
     490.500        0.109896E-69
     490.750        0.321468E-70
     491.000        0.553420E-70
     491.250        0.185375E-69
     491.500        0.149630E-69
     491.750        0.413757E-69
     492.000        0.478815E-69
     492.250        0.404352E-70
     492.500        0.135928E-70
     492.750        0.258968E-70
     493.000        0.528429E-70
     493.250        0.626728E-70
     493.500        0.359545E-70
     493.750        0.112760E-69
     494.000        0.479558E-70
     494.250        0.540295E-71
     494.500        0.136275E-70
     494.750        0.129447E-70
     495.000        0.839259E-71
     495.250        0.177374E-71
     495.500        0.222832E-71
     495.750        0.412711E-71
     496.000        0.127432E-72
     496.250        0.129301E-72
     496.500        0.120477E-72
     496.750        0.573991E-73
     497.000        0.628172E-73
     497.250        0.127920E-73
     497.500        0.445502E-74
     497.750        0.132896E-73
     498.000        0.102103E-73
     498.250        0.108754E-73
     498.500        0.127289E-73
     498.750        0.100844E-73
     499.000        0.731591E-74
     499.250        0.337659E-75
     499.500        0.310600E-75
     499.750        0.660534E-75
     500.000        0.175979E-74
