     0.00000         1.00000    
    0.250000        0.813640    
    0.500000        0.667521    
    0.750000        0.531727    
     1.00000        0.443653    
     1.25000        0.354984    
     1.50000        0.272320    
     1.75000        0.189659    
     2.00000        0.150768    
     2.25000        0.100542    
     2.50000        0.104287    
     2.75000        0.619449E-01
     3.00000        0.355095E-01
     3.25000        0.356753E-01
     3.50000        0.186720E-01
     3.75000        0.186807E-01
     4.00000        0.252140E-01
     4.25000        0.238360E-01
     4.50000        0.170322E-01
     4.75000        0.147917E-01
     5.00000        0.374959E-02
     5.25000        0.388990E-02
     5.50000        0.140792E-02
     5.75000        0.109377E-02
     6.00000        0.103208E-02
     6.25000        0.776287E-03
     6.50000        0.458671E-03
     6.75000        0.194994E-03
     7.00000        0.103696E-03
     7.25000        0.263840E-04
     7.50000        0.213262E-04
     7.75000        0.806337E-05
     8.00000        0.299078E-05
     8.25000        0.437006E-05
     8.50000        0.334915E-06
     8.75000        0.386873E-06
     9.00000        0.610138E-06
     9.25000        0.249670E-06
     9.50000        0.237834E-07
     9.75000        0.706505E-07
     10.0000        0.174807E-06
     10.2500        0.119941E-06
     10.5000        0.358910E-07
     10.7500        0.467150E-07
     11.0000        0.556385E-08
     11.2500        0.780763E-09
     11.5000        0.722717E-09
     11.7500        0.123894E-08
     12.0000        0.172707E-08
     12.2500        0.187677E-10
     12.5000        0.200429E-10
     12.7500        0.109588E-10
     13.0000        0.768756E-13
     13.2500        0.759467E-13
     13.5000        0.939614E-13
     13.7500        0.557756E-12
     14.0000        0.155348E-11
     14.2500        0.196872E-11
     14.5000        0.778931E-12
     14.7500        0.958492E-13
     15.0000        0.857368E-13
     15.2500        0.611985E-14
     15.5000        0.134266E-15
     15.7500        0.204754E-16
     16.0000        0.427917E-17
     16.2500        0.119052E-16
     16.5000        0.108045E-16
     16.7500        0.320276E-17
     17.0000        0.128042E-17
     17.2500        0.142586E-17
     17.5000        0.477016E-18
     17.7500        0.199437E-19
     18.0000        0.715181E-20
     18.2500        0.182208E-19
     18.5000        0.321056E-19
     18.7500        0.231976E-21
     19.0000        0.425682E-21
     19.2500        0.931408E-21
     19.5000        0.102151E-20
     19.7500        0.126582E-22
     20.0000        0.762623E-23
