     0.00000        0.138390E-86
    0.500000        0.563748    
     1.00000        0.986724    
     1.50000         2.68553    
     2.00000         7.58831    
     2.50000         32.5985    
     3.00000         32.2644    
     3.50000         35.6824    
     4.00000         59.7363    
     4.50000         10.0951    
     5.00000         24.1235    
     5.50000         140.985    
     6.00000         195.130    
     6.50000         1059.12    
     7.00000         3930.10    
     7.50000         8797.35    
     8.00000         10541.4    
     8.50000         15595.3    
     9.00000         24568.7    
     9.50000         13607.5    
     10.0000         17602.0    
     10.5000         11217.0    
     11.0000         15260.0    
     11.5000         2846.00    
     12.0000         8169.00    
     12.5000         27030.5    
     13.0000         64527.8    
     13.5000         105651.    
     14.0000         223807.    
     14.5000         706260.    
     15.0000        0.123305E+07
     15.5000        0.213502E+07
     16.0000        0.292557E+07
     16.5000        0.644513E+07
     17.0000        0.121354E+08
     17.5000        0.650118E+08
     18.0000        0.185353E+09
     18.5000        0.109554E+09
     19.0000        0.369659E+09
     19.5000        0.678736E+09
     20.0000        0.108557E+10
     20.5000        0.137291E+10
     21.0000        0.883796E+09
     21.5000        0.106583E+10
     22.0000        0.188605E+10
     22.5000        0.154741E+09
     23.0000        0.225965E+09
     23.5000        0.346966E+09
     24.0000        0.776254E+08
     24.5000        0.145823E+09
     25.0000        0.498032E+09
     25.5000        0.133665E+09
     26.0000        0.664584E+09
     26.5000        0.192306E+09
     27.0000        0.271937E+09
     27.5000        0.452293E+09
     28.0000        0.633334E+09
     28.5000        0.640422E+09
     29.0000        0.854316E+09
     29.5000        0.186563E+10
     30.0000        0.238216E+10
     30.5000        0.148423E+10
     31.0000        0.166569E+10
     31.5000        0.587788E+10
     32.0000        0.649701E+10
     32.5000        0.856830E+10
     33.0000        0.154341E+11
     33.5000        0.283322E+11
     34.0000        0.103684E+11
     34.5000        0.240908E+11
     35.0000        0.843949E+11
     35.5000        0.767705E+11
     36.0000        0.803118E+11
     36.5000        0.116854E+12
     37.0000        0.527235E+11
     37.5000        0.163674E+11
     38.0000        0.674976E+10
     38.5000        0.276558E+11
     39.0000        0.316797E+11
     39.5000        0.231982E+11
     40.0000        0.462183E+11
     40.5000        0.587193E+11
     41.0000        0.141347E+12
     41.5000        0.772362E+11
     42.0000        0.264222E+12
     42.5000        0.231549E+12
     43.0000        0.120159E+13
     43.5000        0.348340E+12
     44.0000        0.797328E+12
     44.5000        0.127618E+13
     45.0000        0.138554E+12
     45.5000        0.734901E+11
     46.0000        0.326380E+12
     46.5000        0.424658E+12
     47.0000        0.275840E+13
     47.5000        0.368139E+12
     48.0000        0.243866E+12
     48.5000        0.574405E+12
     49.0000        0.769280E+12
     49.5000        0.119757E+13
     50.0000        0.376733E+13
     50.5000        0.713565E+12
     51.0000        0.125181E+13
     51.5000        0.340592E+13
     52.0000        0.710546E+13
     52.5000        0.279010E+14
     53.0000        0.380572E+14
     53.5000        0.447866E+14
     54.0000        0.141425E+14
     54.5000        0.361283E+14
     55.0000        0.664977E+14
     55.5000        0.153301E+14
     56.0000        0.363826E+14
     56.5000        0.266229E+14
     57.0000        0.445805E+14
     57.5000        0.603680E+14
     58.0000        0.333448E+14
     58.5000        0.294155E+14
     59.0000        0.524686E+14
     59.5000        0.809617E+14
     60.0000        0.509264E+14
     60.5000        0.136544E+15
     61.0000        0.219919E+15
     61.5000        0.879412E+15
     62.0000        0.282616E+15
     62.5000        0.849014E+14
     63.0000        0.381241E+14
     63.5000        0.587195E+14
     64.0000        0.807856E+14
     64.5000        0.941657E+14
     65.0000        0.141907E+15
     65.5000        0.146925E+15
     66.0000        0.373052E+15
     66.5000        0.518754E+15
     67.0000        0.133465E+16
     67.5000        0.306146E+16
     68.0000        0.852734E+16
     68.5000        0.230318E+17
     69.0000        0.101119E+17
     69.5000        0.247216E+17
     70.0000        0.542573E+17
     70.5000        0.151420E+18
     71.0000        0.275327E+18
     71.5000        0.208303E+18
     72.0000        0.898087E+18
     72.5000        0.261479E+19
     73.0000        0.100227E+20
     73.5000        0.451952E+18
     74.0000        0.334122E+18
     74.5000        0.672632E+18
     75.0000        0.627955E+18
     75.5000        0.108780E+17
     76.0000        0.268192E+17
     76.5000        0.169108E+17
     77.0000        0.404002E+17
     77.5000        0.486009E+17
     78.0000        0.122262E+18
     78.5000        0.189783E+18
     79.0000        0.311244E+18
     79.5000        0.149482E+18
     80.0000        0.156932E+18
     80.5000        0.284191E+18
     81.0000        0.140576E+18
     81.5000        0.125662E+18
     82.0000        0.326364E+18
     82.5000        0.748600E+18
     83.0000        0.722450E+18
     83.5000        0.316670E+19
     84.0000        0.194379E+18
     84.5000        0.817453E+18
     85.0000        0.563685E+18
     85.5000        0.123594E+19
     86.0000        0.714746E+18
     86.5000        0.899403E+18
     87.0000        0.530736E+18
     87.5000        0.590450E+18
     88.0000        0.832418E+18
     88.5000        0.151472E+19
     89.0000        0.316861E+19
     89.5000        0.103501E+20
     90.0000        0.466692E+19
     90.5000        0.101759E+20
     91.0000        0.307527E+19
     91.5000        0.948068E+19
     92.0000        0.257944E+20
     92.5000        0.493687E+19
     93.0000        0.452477E+19
     93.5000        0.941784E+19
     94.0000        0.455048E+19
     94.5000        0.565083E+19
     95.0000        0.631636E+19
     95.5000        0.504023E+19
     96.0000        0.855320E+19
     96.5000        0.154233E+20
     97.0000        0.391088E+20
     97.5000        0.830537E+19
     98.0000        0.754958E+19
     98.5000        0.115469E+20
     99.0000        0.265478E+20
     99.5000        0.504641E+20
     100.000        0.188151E+21
     100.500        0.465714E+21
     101.000        0.556110E+21
     101.500        0.829598E+20
     102.000        0.235785E+21
     102.500        0.245648E+20
     103.000        0.858578E+20
     103.500        0.587336E+20
     104.000        0.911378E+20
     104.500        0.702622E+20
     105.000        0.215796E+21
     105.500        0.526809E+21
     106.000        0.958073E+21
     106.500        0.377552E+21
     107.000        0.315413E+21
     107.500        0.833389E+21
     108.000        0.243584E+22
     108.500        0.122861E+23
     109.000        0.446615E+22
     109.500        0.445639E+22
     110.000        0.572458E+22
     110.500        0.197455E+23
     111.000        0.448627E+23
     111.500        0.306464E+23
     112.000        0.341006E+23
     112.500        0.177348E+24
     113.000        0.106514E+24
     113.500        0.439775E+24
     114.000        0.663653E+23
     114.500        0.227004E+24
     115.000        0.420133E+24
     115.500        0.506675E+24
     116.000        0.199215E+25
     116.500        0.482538E+25
     117.000        0.114422E+26
     117.500        0.134469E+26
     118.000        0.126498E+26
     118.500        0.989721E+25
     119.000        0.109580E+26
     119.500        0.332996E+25
     120.000        0.107772E+26
     120.500        0.268968E+26
     121.000        0.468496E+26
     121.500        0.103421E+27
     122.000        0.157531E+27
     122.500        0.102797E+26
     123.000        0.521628E+25
     123.500        0.621614E+24
     124.000        0.138303E+25
     124.500        0.679427E+24
     125.000        0.246663E+25
     125.500        0.376971E+25
     126.000        0.133701E+26
     126.500        0.290449E+26
     127.000        0.231758E+25
     127.500        0.776967E+24
     128.000        0.405903E+24
     128.500        0.809698E+24
     129.000        0.160543E+25
     129.500        0.420629E+25
     130.000        0.652381E+24
     130.500        0.162409E+25
     131.000        0.228594E+25
     131.500        0.141367E+25
     132.000        0.970619E+24
     132.500        0.128177E+25
     133.000        0.246881E+25
     133.500        0.490376E+25
     134.000        0.255128E+25
     134.500        0.202497E+25
     135.000        0.607348E+25
     135.500        0.137826E+26
     136.000        0.182765E+26
     136.500        0.357970E+26
     137.000        0.842717E+26
     137.500        0.799799E+26
     138.000        0.485395E+26
     138.500        0.230260E+26
     139.000        0.728537E+26
     139.500        0.778868E+25
     140.000        0.189227E+26
     140.500        0.439281E+25
     141.000        0.103226E+26
     141.500        0.119875E+26
     142.000        0.353592E+26
     142.500        0.240213E+25
     143.000        0.159493E+25
     143.500        0.316456E+25
     144.000        0.542410E+24
     144.500        0.521185E+24
     145.000        0.167894E+25
     145.500        0.486351E+25
     146.000        0.457038E+25
     146.500        0.377964E+25
     147.000        0.107293E+26
     147.500        0.157123E+26
     148.000        0.521420E+26
     148.500        0.179746E+27
     149.000        0.246764E+27
     149.500        0.254846E+27
     150.000        0.181179E+27
     150.500        0.126243E+27
     151.000        0.281736E+27
     151.500        0.979966E+27
     152.000        0.118969E+28
     152.500        0.283955E+28
     153.000        0.321472E+28
     153.500        0.137681E+28
     154.000        0.216282E+28
     154.500        0.967640E+28
     155.000        0.208564E+29
     155.500        0.170505E+28
     156.000        0.162574E+28
     156.500        0.313419E+28
     157.000        0.851852E+28
     157.500        0.145285E+29
     158.000        0.504558E+28
     158.500        0.157355E+29
     159.000        0.476234E+29
     159.500        0.178975E+30
     160.000        0.385831E+29
     160.500        0.926965E+29
     161.000        0.533144E+29
     161.500        0.173630E+29
     162.000        0.270893E+29
     162.500        0.245346E+29
     163.000        0.257648E+29
     163.500        0.559626E+29
     164.000        0.270078E+29
     164.500        0.103575E+30
     165.000        0.185458E+30
     165.500        0.534124E+28
     166.000        0.167592E+29
     166.500        0.141745E+29
     167.000        0.122625E+29
     167.500        0.298630E+29
     168.000        0.612776E+29
     168.500        0.158397E+30
     169.000        0.290874E+30
     169.500        0.489642E+30
     170.000        0.194074E+30
     170.500        0.581431E+29
     171.000        0.219858E+30
     171.500        0.453099E+30
     172.000        0.829689E+30
     172.500        0.153971E+31
     173.000        0.562130E+31
     173.500        0.150291E+32
     174.000        0.307694E+32
     174.500        0.840213E+32
     175.000        0.640299E+32
     175.500        0.109866E+32
     176.000        0.296368E+32
     176.500        0.183204E+32
     177.000        0.463997E+32
     177.500        0.588741E+30
     178.000        0.301799E+31
     178.500        0.231799E+31
     179.000        0.968822E+31
     179.500        0.386602E+31
     180.000        0.150322E+32
     180.500        0.359593E+32
     181.000        0.368802E+32
     181.500        0.501097E+32
     182.000        0.321896E+32
     182.500        0.132245E+30
     183.000        0.117299E+30
     183.500        0.251726E+29
     184.000        0.384005E+29
     184.500        0.741576E+28
     185.000        0.354233E+28
     185.500        0.774200E+28
     186.000        0.153005E+29
     186.500        0.353796E+29
     187.000        0.273617E+29
     187.500        0.501874E+29
     188.000        0.975160E+29
     188.500        0.172673E+30
     189.000        0.281527E+30
     189.500        0.912270E+29
     190.000        0.423073E+29
     190.500        0.457952E+29
     191.000        0.726659E+29
     191.500        0.183289E+30
     192.000        0.148049E+30
     192.500        0.668016E+30
     193.000        0.122635E+31
     193.500        0.417302E+31
     194.000        0.147742E+31
     194.500        0.628121E+31
     195.000        0.628465E+31
     195.500        0.386308E+32
     196.000        0.794699E+32
     196.500        0.391099E+33
     197.000        0.760882E+33
     197.500        0.316285E+33
     198.000        0.649568E+33
     198.500        0.519361E+33
     199.000        0.307143E+33
     199.500        0.592302E+33
     200.000        0.188424E+34
     200.500        0.417616E+33
     201.000        0.204374E+34
     201.500        0.434783E+34
     202.000        0.130094E+35
     202.500        0.811484E+34
     203.000        0.182261E+35
     203.500        0.808541E+35
     204.000        0.219085E+36
     204.500        0.593693E+36
     205.000        0.281154E+37
     205.500        0.257920E+37
     206.000        0.601139E+37
     206.500        0.184368E+38
     207.000        0.450000E+38
     207.500        0.105793E+39
     208.000        0.150322E+39
     208.500        0.144998E+39
     209.000        0.214987E+39
     209.500        0.280836E+39
     210.000        0.156566E+39
     210.500        0.245255E+38
     211.000        0.382859E+38
     211.500        0.504374E+38
     212.000        0.318928E+39
     212.500        0.174548E+39
     213.000        0.728695E+39
     213.500        0.144812E+40
     214.000        0.106539E+40
     214.500        0.268397E+40
     215.000        0.106911E+41
     215.500        0.219052E+41
     216.000        0.240549E+41
     216.500        0.613475E+41
     217.000        0.167993E+42
     217.500        0.197907E+42
     218.000        0.224355E+42
     218.500        0.113734E+41
     219.000        0.143569E+41
     219.500        0.109728E+41
     220.000        0.664915E+40
     220.500        0.720674E+39
     221.000        0.879048E+39
     221.500        0.106817E+40
     222.000        0.200190E+40
     222.500        0.380567E+40
     223.000        0.305196E+40
     223.500        0.407166E+40
     224.000        0.324299E+40
     224.500        0.178818E+40
     225.000        0.742830E+40
     225.500        0.282784E+41
     226.000        0.998085E+40
     226.500        0.249452E+41
     227.000        0.351610E+41
     227.500        0.121235E+41
     228.000        0.265490E+41
     228.500        0.321409E+41
     229.000        0.523343E+41
     229.500        0.186939E+41
     230.000        0.253747E+40
     230.500        0.152937E+40
     231.000        0.335285E+40
     231.500        0.854381E+40
     232.000        0.991188E+40
     232.500        0.407389E+41
     233.000        0.142408E+42
     233.500        0.469962E+42
     234.000        0.666321E+42
     234.500        0.167357E+43
     235.000        0.722076E+42
     235.500        0.121878E+43
     236.000        0.371338E+43
     236.500        0.188267E+43
     237.000        0.224298E+43
     237.500        0.626927E+42
     238.000        0.125593E+43
     238.500        0.211535E+43
     239.000        0.267268E+43
     239.500        0.473602E+43
     240.000        0.831773E+43
     240.500        0.490870E+43
     241.000        0.474083E+43
     241.500        0.550077E+43
     242.000        0.103431E+44
     242.500        0.134580E+44
     243.000        0.263387E+44
     243.500        0.317168E+44
     244.000        0.825255E+43
     244.500        0.316265E+44
     245.000        0.560511E+44
     245.500        0.718256E+44
     246.000        0.219122E+45
     246.500        0.358628E+45
     247.000        0.146278E+46
     247.500        0.913544E+44
     248.000        0.504793E+44
     248.500        0.142790E+45
     249.000        0.148115E+45
     249.500        0.969911E+44
     250.000        0.569146E+44
     250.500        0.366620E+44
     251.000        0.728883E+44
     251.500        0.495591E+44
     252.000        0.885605E+44
     252.500        0.153897E+45
     253.000        0.111775E+45
     253.500        0.192742E+45
     254.000        0.935895E+45
     254.500        0.311986E+45
     255.000        0.252823E+45
     255.500        0.624208E+45
     256.000        0.113779E+46
     256.500        0.341591E+46
     257.000        0.200988E+47
     257.500        0.323679E+47
     258.000        0.320026E+46
     258.500        0.476316E+46
     259.000        0.126918E+47
     259.500        0.531299E+47
     260.000        0.120774E+48
     260.500        0.223061E+48
     261.000        0.303738E+48
     261.500        0.643892E+47
     262.000        0.140293E+48
     262.500        0.240822E+48
     263.000        0.254570E+48
     263.500        0.662674E+48
     264.000        0.253984E+49
     264.500        0.510632E+49
     265.000        0.318685E+49
     265.500        0.429601E+49
     266.000        0.614138E+49
     266.500        0.907615E+49
     267.000        0.293358E+49
     267.500        0.310617E+49
     268.000        0.401472E+49
     268.500        0.193370E+50
     269.000        0.138615E+50
     269.500        0.707146E+50
     270.000        0.157071E+49
     270.500        0.757528E+48
     271.000        0.209912E+49
     271.500        0.353883E+49
     272.000        0.128895E+50
     272.500        0.185627E+50
     273.000        0.111025E+50
     273.500        0.332307E+50
     274.000        0.788869E+50
     274.500        0.479403E+50
     275.000        0.647778E+50
     275.500        0.628902E+50
     276.000        0.319472E+50
     276.500        0.964113E+50
     277.000        0.393616E+50
     277.500        0.118746E+50
     278.000        0.811401E+49
     278.500        0.105367E+50
     279.000        0.223515E+50
     279.500        0.853148E+49
     280.000        0.313534E+50
     280.500        0.102882E+51
     281.000        0.175035E+51
     281.500        0.363692E+50
     282.000        0.624083E+50
     282.500        0.277003E+50
     283.000        0.439521E+50
     283.500        0.369986E+50
     284.000        0.164145E+51
     284.500        0.496255E+51
     285.000        0.904251E+51
     285.500        0.767710E+51
     286.000        0.160165E+52
     286.500        0.387946E+52
     287.000        0.684740E+52
     287.500        0.636704E+52
     288.000        0.340051E+52
     288.500        0.346648E+52
     289.000        0.867992E+52
     289.500        0.966816E+52
     290.000        0.697270E+52
     290.500        0.221951E+51
     291.000        0.335987E+51
     291.500        0.880396E+51
     292.000        0.202526E+52
     292.500        0.738698E+52
     293.000        0.861528E+52
     293.500        0.679146E+52
     294.000        0.241553E+52
     294.500        0.341115E+52
     295.000        0.448961E+52
     295.500        0.909445E+52
     296.000        0.509661E+53
     296.500        0.492350E+53
     297.000        0.221454E+54
     297.500        0.149052E+53
     298.000        0.861773E+53
     298.500        0.598039E+53
     299.000        0.199833E+53
     299.500        0.162894E+53
     300.000        0.869843E+52
     300.500        0.158240E+53
     301.000        0.595185E+53
     301.500        0.573368E+53
     302.000        0.178065E+54
     302.500        0.415547E+54
     303.000        0.176188E+54
     303.500        0.861930E+53
     304.000        0.142797E+54
     304.500        0.577587E+54
     305.000        0.896593E+54
     305.500        0.120529E+55
     306.000        0.334205E+55
     306.500        0.937969E+55
     307.000        0.133075E+56
     307.500        0.193768E+56
     308.000        0.780915E+55
     308.500        0.568282E+55
     309.000        0.151865E+56
     309.500        0.252476E+56
     310.000        0.288655E+56
     310.500        0.385012E+56
     311.000        0.132442E+57
     311.500        0.134130E+56
     312.000        0.413156E+56
     312.500        0.832028E+56
     313.000        0.106098E+57
     313.500        0.440021E+56
     314.000        0.919336E+56
     314.500        0.412775E+56
     315.000        0.105111E+56
     315.500        0.412862E+55
     316.000        0.112225E+54
     316.500        0.691690E+53
     317.000        0.156416E+54
     317.500        0.216753E+54
     318.000        0.419100E+54
     318.500        0.359360E+54
     319.000        0.135036E+55
     319.500        0.134384E+55
     320.000        0.667629E+55
     320.500        0.437522E+55
     321.000        0.984347E+55
     321.500        0.200006E+56
     322.000        0.126292E+57
     322.500        0.629670E+57
     323.000        0.262947E+58
     323.500        0.232815E+58
     324.000        0.706536E+58
     324.500        0.795391E+58
     325.000        0.282012E+58
     325.500        0.234075E+58
     326.000        0.801972E+58
     326.500        0.195974E+59
     327.000        0.104244E+59
     327.500        0.396158E+58
     328.000        0.146451E+59
     328.500        0.907983E+58
     329.000        0.275631E+59
     329.500        0.730088E+59
     330.000        0.627437E+59
     330.500        0.551443E+59
     331.000        0.240494E+60
     331.500        0.355344E+60
     332.000        0.639758E+60
     332.500        0.191794E+61
     333.000        0.927702E+61
     333.500        0.964289E+61
     334.000        0.212929E+62
     334.500        0.146868E+62
     335.000        0.385645E+62
     335.500        0.137836E+63
     336.000        0.196911E+62
     336.500        0.378541E+62
     337.000        0.138567E+62
     337.500        0.247030E+62
     338.000        0.613193E+62
     338.500        0.852895E+61
     339.000        0.143525E+62
     339.500        0.125194E+61
     340.000        0.233168E+61
     340.500        0.188134E+61
     341.000        0.529395E+61
     341.500        0.672734E+59
     342.000        0.235917E+60
     342.500        0.120590E+60
     343.000        0.185198E+60
     343.500        0.140769E+60
     344.000        0.338366E+60
     344.500        0.169809E+60
     345.000        0.159273E+60
     345.500        0.110998E+60
     346.000        0.357377E+60
     346.500        0.280855E+60
     347.000        0.166208E+61
     347.500        0.113273E+61
     348.000        0.237634E+61
     348.500        0.111654E+61
     349.000        0.206675E+60
     349.500        0.178088E+60
     350.000        0.331138E+59
     350.500        0.156436E+59
     351.000        0.233891E+59
     351.500        0.770846E+58
     352.000        0.131308E+59
     352.500        0.184469E+59
     353.000        0.611219E+57
     353.500        0.223227E+57
     354.000        0.533926E+57
     354.500        0.151978E+57
     355.000        0.488646E+57
     355.500        0.225312E+58
     356.000        0.614694E+58
     356.500        0.691865E+58
     357.000        0.258220E+59
     357.500        0.153597E+58
     358.000        0.113852E+58
     358.500        0.265031E+58
     359.000        0.189690E+58
     359.500        0.963415E+58
     360.000        0.778042E+58
     360.500        0.908520E+58
     361.000        0.141138E+59
     361.500        0.335653E+59
     362.000        0.781888E+59
     362.500        0.113422E+60
     363.000        0.116303E+60
     363.500        0.250149E+60
     364.000        0.850014E+60
     364.500        0.226165E+61
     365.000        0.587216E+61
     365.500        0.460551E+61
     366.000        0.356221E+61
     366.500        0.131200E+62
     367.000        0.141060E+62
     367.500        0.334040E+62
     368.000        0.284884E+62
     368.500        0.180423E+63
     369.000        0.632023E+62
     369.500        0.185345E+62
     370.000        0.622990E+62
     370.500        0.132059E+63
     371.000        0.145504E+63
     371.500        0.155852E+63
     372.000        0.478895E+63
     372.500        0.829470E+63
     373.000        0.289406E+64
     373.500        0.791348E+63
     374.000        0.200326E+64
     374.500        0.167086E+64
     375.000        0.433800E+63
     375.500        0.100103E+64
     376.000        0.232079E+64
     376.500        0.769691E+64
     377.000        0.120033E+65
     377.500        0.231485E+65
     378.000        0.618094E+65
     378.500        0.182560E+66
     379.000        0.141045E+65
     379.500        0.115445E+65
     380.000        0.332435E+65
     380.500        0.354957E+65
     381.000        0.160793E+65
     381.500        0.427130E+65
     382.000        0.214753E+66
     382.500        0.583714E+66
     383.000        0.165618E+67
     383.500        0.244205E+66
     384.000        0.968092E+66
     384.500        0.106951E+67
     385.000        0.330161E+67
     385.500        0.324368E+67
     386.000        0.329000E+66
     386.500        0.866682E+65
     387.000        0.224366E+66
     387.500        0.821688E+66
     388.000        0.540839E+66
     388.500        0.279689E+66
     389.000        0.900652E+66
     389.500        0.135459E+67
     390.000        0.517623E+67
     390.500        0.371908E+67
     391.000        0.102804E+68
     391.500        0.189841E+68
     392.000        0.928463E+67
     392.500        0.166744E+68
     393.000        0.237720E+68
     393.500        0.459145E+68
     394.000        0.135171E+68
     394.500        0.273482E+68
     395.000        0.571288E+68
     395.500        0.658984E+68
     396.000        0.146764E+69
     396.500        0.255590E+69
     397.000        0.444348E+69
     397.500        0.366034E+69
     398.000        0.207194E+70
     398.500        0.640954E+70
     399.000        0.874616E+69
     399.500        0.828413E+69
     400.000        0.271342E+70
     400.500        0.428744E+70
     401.000        0.109591E+71
     401.500        0.328703E+71
     402.000        0.543473E+71
     402.500        0.378689E+71
     403.000        0.161170E+72
     403.500        0.349121E+72
     404.000        0.112620E+72
     404.500        0.940708E+71
     405.000        0.370206E+71
     405.500        0.269616E+71
     406.000        0.391808E+71
     406.500        0.630400E+71
     407.000        0.709014E+71
     407.500        0.193079E+72
     408.000        0.347736E+72
     408.500        0.625696E+72
     409.000        0.227645E+73
     409.500        0.308804E+73
     410.000        0.329785E+73
     410.500        0.130670E+74
     411.000        0.225202E+74
     411.500        0.214430E+74
     412.000        0.109431E+74
     412.500        0.162019E+74
     413.000        0.206867E+74
     413.500        0.499326E+74
     414.000        0.595179E+73
     414.500        0.188696E+74
     415.000        0.194751E+74
     415.500        0.404472E+73
     416.000        0.793285E+73
     416.500        0.619492E+72
     417.000        0.113980E+73
     417.500        0.212061E+73
     418.000        0.202445E+73
     418.500        0.358821E+73
     419.000        0.695203E+73
     419.500        0.631077E+73
     420.000        0.493439E+73
     420.500        0.214516E+73
     421.000        0.242394E+73
     421.500        0.618020E+73
     422.000        0.160210E+74
     422.500        0.644694E+73
     423.000        0.314865E+74
     423.500        0.122199E+75
     424.000        0.127632E+75
     424.500        0.659376E+74
     425.000        0.945018E+71
     425.500        0.311250E+72
     426.000        0.284748E+72
     426.500        0.375199E+72
     427.000        0.162054E+73
     427.500        0.485978E+73
     428.000        0.475560E+73
     428.500        0.396459E+73
     429.000        0.188056E+74
     429.500        0.229306E+74
     430.000        0.354675E+74
     430.500        0.912370E+74
     431.000        0.903644E+73
     431.500        0.109925E+74
     432.000        0.208460E+73
     432.500        0.526690E+73
     433.000        0.590337E+73
     433.500        0.851508E+73
     434.000        0.151551E+74
     434.500        0.180709E+74
     435.000        0.439176E+74
     435.500        0.843146E+74
     436.000        0.133729E+75
     436.500        0.180153E+75
     437.000        0.135858E+75
     437.500        0.309961E+75
     438.000        0.173452E+75
     438.500        0.635563E+75
     439.000        0.187727E+76
     439.500        0.623665E+75
     440.000        0.582490E+75
     440.500        0.167141E+75
     441.000        0.668796E+74
     441.500        0.130495E+75
     442.000        0.467244E+74
     442.500        0.873332E+74
     443.000        0.660516E+73
     443.500        0.883899E+73
     444.000        0.979279E+73
     444.500        0.146005E+74
     445.000        0.454171E+74
     445.500        0.162094E+75
     446.000        0.502828E+75
     446.500        0.394559E+74
     447.000        0.196758E+74
     447.500        0.755703E+74
     448.000        0.148083E+75
     448.500        0.316771E+75
     449.000        0.124829E+76
     449.500        0.700346E+75
     450.000        0.203450E+76
     450.500        0.363362E+76
     451.000        0.615417E+76
     451.500        0.194508E+77
     452.000        0.182101E+77
     452.500        0.100429E+77
     453.000        0.874389E+76
     453.500        0.133478E+77
     454.000        0.450737E+76
     454.500        0.144949E+75
     455.000        0.403794E+75
     455.500        0.804507E+75
     456.000        0.246478E+76
     456.500        0.626043E+76
     457.000        0.117489E+76
     457.500        0.108517E+76
     458.000        0.437963E+75
     458.500        0.516739E+75
     459.000        0.292371E+74
     459.500        0.121189E+75
     460.000        0.207312E+75
     460.500        0.961662E+75
     461.000        0.295152E+76
     461.500        0.327165E+76
     462.000        0.129324E+76
     462.500        0.233002E+76
     463.000        0.929962E+76
     463.500        0.304950E+77
     464.000        0.433008E+77
     464.500        0.922435E+77
     465.000        0.577291E+77
     465.500        0.109168E+78
     466.000        0.120258E+78
     466.500        0.340909E+78
     467.000        0.969950E+78
     467.500        0.253628E+79
     468.000        0.591113E+79
     468.500        0.197359E+80
     469.000        0.731181E+78
     469.500        0.545626E+78
     470.000        0.193208E+78
     470.500        0.626711E+78
     471.000        0.334845E+79
     471.500        0.263280E+79
     472.000        0.107989E+80
     472.500        0.806151E+79
     473.000        0.975858E+79
     473.500        0.163005E+80
     474.000        0.351494E+80
     474.500        0.165789E+81
     475.000        0.164986E+81
     475.500        0.201318E+80
     476.000        0.569238E+79
     476.500        0.170777E+80
     477.000        0.308535E+80
     477.500        0.780099E+80
     478.000        0.118365E+81
     478.500        0.999587E+80
     479.000        0.362921E+81
     479.500        0.100985E+82
     480.000        0.292990E+82
     480.500        0.878892E+82
     481.000        0.314821E+83
     481.500        0.158588E+83
     482.000        0.208522E+83
     482.500        0.585504E+83
     483.000        0.133691E+84
     483.500        0.999080E+83
     484.000        0.364007E+83
     484.500        0.921260E+83
     485.000        0.113153E+84
     485.500        0.245713E+84
     486.000        0.783493E+83
     486.500        0.483831E+83
     487.000        0.225671E+83
     487.500        0.478769E+83
     488.000        0.108747E+84
     488.500        0.210875E+84
     489.000        0.365569E+84
     489.500        0.570595E+84
     490.000        0.511012E+84
     490.500        0.159163E+85
     491.000        0.252791E+85
     491.500        0.613185E+83
     492.000        0.306840E+84
     492.500        0.425123E+84
     493.000        0.311029E+84
     493.500        0.141306E+85
     494.000        0.110600E+85
     494.500        0.131508E+85
     495.000        0.330918E+85
     495.500        0.112988E+84
     496.000        0.752509E+83
     496.500        0.188787E+84
     497.000        0.955964E+83
     497.500        0.264866E+84
     498.000        0.385002E+84
     498.500        0.607700E+84
     499.000        0.806711E+84
     499.500        0.169523E+84
     500.000        0.496335E+83
