     0.00000         1.00000    
    0.500000         1.73539    
     1.00000         3.02382    
     1.50000         5.26297    
     2.00000         9.26566    
     2.50000         16.3526    
     3.00000         31.8865    
     3.50000         57.2132    
     4.00000         73.1835    
     4.50000         122.784    
     5.00000         198.103    
     5.50000         345.022    
     6.00000         387.730    
     6.50000         749.252    
     7.00000         725.833    
     7.50000         647.731    
     8.00000         683.875    
     8.50000         881.524    
     9.00000         1153.68    
     9.50000         3391.88    
     10.0000         4244.05    
     10.5000         8261.84    
     11.0000         10559.6    
     11.5000         17992.9    
     12.0000         40706.2    
     12.5000         18002.3    
     13.0000         20072.6    
     13.5000         8768.75    
     14.0000         24210.0    
     14.5000         61725.8    
     15.0000         197806.    
     15.5000         115460.    
     16.0000         150861.    
     16.5000         168936.    
     17.0000         60455.2    
     17.5000         246068.    
     18.0000         376230.    
     18.5000        0.148247E+07
     19.0000         821345.    
     19.5000         362709.    
     20.0000         283873.    
