     0.00000         1.00000    
     1.00000         7.01990    
     2.00000         49.1987    
     3.00000         346.303    
     4.00000         2566.77    
     5.00000         17260.7    
     6.00000         116738.    
     7.00000         771062.    
     8.00000        0.521591E+07
     9.00000        0.388878E+08
     10.0000        0.270565E+09
     11.0000        0.210434E+10
     12.0000        0.313356E+11
     13.0000        0.953248E+11
     14.0000        0.904553E+12
     15.0000        0.110131E+14
     16.0000        0.154037E+14
     17.0000        0.779618E+14
     18.0000        0.459383E+15
     19.0000        0.304602E+16
     20.0000        0.217081E+17
