Process [0]
0.00260417
0.00260417
0.00260417
0.00260417
0.00260417
0.00260417
0.00260417
0.00260417
0.00260417
0.00260417
0.00260417
0.00260417
0.00260417
0.00260417
0.00260417
0.00260417
0.00260417
0.00260417
0.00260417
0.00260417
0.00260417
0.00260417
0.00260417
0.00260417
0.00260417
0.00260417
0.00260417
0.00260417
0.00260417
0.00260417
0.00260417
0.00260417
0.00260417
0.00260417
0.00260417
0.00260417
0.00260417
0.00260417
0.00260417
0.00260417
0.00260417
0.00260417
0.00260417
0.00260417
0.00260417
0.00260417
0.00260417
0.00260417
0.00260417
0.00260417
0.00260417
0.00260417
0.00260417
0.00260417
0.00260417
0.00260417
0.00260417
0.00260417
0.00260417
0.00260417
0.00260417
0.00260417
0.00260417
0.00260417
0.00260417
0.00260417
0.00260417
0.00260417
0.00260417
0.00260417
0.00260417
0.00260417
0.00260417
0.00260417
0.00260417
0.00260417
0.00260417
0.00260417
0.00260417
0.00260417
0.00260417
0.00260417
0.00260417
0.00260417
0.00260417
0.00260417
0.00260417
0.00260417
0.00260417
0.00260417
0.00260417
0.0116551
0.0154977
0.0171642
0.0176393
0.0171642
0.0154977
0.0116551
0.00260417
0.00260417
0.0154977
0.0216667
0.0245074
0.0253371
0.0245074
0.0216667
0.0154977
0.00260417
0.00260417
0.0171642
0.0245074
0.0280008
0.0290363
0.0280008
0.0245074
0.0171642
0.00260417
0.00260417
0.0176393
0.025337
0.0290363
0.0301382
0.0290363
0.025337
0.0176393
0.00260417
0.00260417
0.0171642
0.0245074
0.0280008
0.0290363
0.0280008
0.0245074
0.0171642
0.00260417
0.00260417
0.0154977
0.0216667
0.0245074
0.025337
0.0245074
0.0216667
0.0154977
0.00260417
0.00260417
0.0116551
0.0154977
0.0171642
0.0176393
0.0171642
0.0154977
0.0116551
0.00260417
0.00260417
0.00260417
0.00260417
0.00260417
0.00260417
0.00260417
0.00260417
0.00260417
0.00260417
0.00260417
0.00260417
0.00260417
0.00260417
0.00260417
0.00260417
0.00260417
0.00260417
0.00260417
0.00260417
0.0154977
0.0216667
0.0245074
0.0253371
0.0245074
0.0216667
0.0154977
0.00260417
0.00260417
0.0216667
0.0317608
0.0366466
0.0381027
0.0366466
0.0317608
0.0216667
0.00260417
0.00260417
0.0245074
0.0366466
0.0426882
0.0445119
0.0426882
0.0366466
0.0245074
0.00260417
0.00260417
0.025337
0.0381027
0.0445119
0.0464547
0.0445119
0.0381027
0.025337
0.00260417
0.00260417
0.0245074
0.0366466
0.0426882
0.0445119
0.0426882
0.0366466
0.0245074
0.00260417
0.00260417
0.0216667
0.0317608
0.0366466
0.0381027
0.0366466
0.0317608
0.0216667
0.00260417
Process [1]
0.00260417
0.0154977
0.0216667
0.0245074
0.0253371
0.0245074
0.0216667
0.0154977
0.00260417
0.00260417
0.00260417
0.00260417
0.00260417
0.00260417
0.00260417
0.00260417
0.00260417
0.00260417
0.00260417
0.00260417
0.00260417
0.00260417
0.00260417
0.00260417
0.00260417
0.00260417
0.00260417
0.00260417
0.0171642
0.0245074
0.0280008
0.0290363
0.0280008
0.0245074
0.0171642
0.00260417
0.00260417
0.0245074
0.0366466
0.0426882
0.0445119
0.0426882
0.0366466
0.0245074
0.00260417
0.00260417
0.0280008
0.0426882
0.0501863
0.0524761
0.0501863
0.0426882
0.0280008
0.00260417
0.00260417
0.0290363
0.0445119
0.0524761
0.0549177
0.0524761
0.0445119
0.0290363
0.00260417
0.00260417
0.0280008
0.0426882
0.0501863
0.0524761
0.0501863
0.0426882
0.0280008
0.00260417
0.00260417
0.0245074
0.0366466
0.0426882
0.0445119
0.0426882
0.0366466
0.0245074
0.00260417
0.00260417
0.0171642
0.0245074
0.0280008
0.0290363
0.0280008
0.0245074
0.0171642
0.00260417
0.00260417
0.00260417
0.00260417
0.00260417
0.00260417
0.00260417
0.00260417
0.00260417
0.00260417
0.00260417
0.00260417
0.00260417
0.00260417
0.00260417
0.00260417
0.00260417
0.00260417
0.00260417
0.00260417
0.0176393
0.025337
0.0290363
0.0301382
0.0290363
0.025337
0.0176393
0.00260417
0.00260417
0.025337
0.0381027
0.0445119
0.0464547
0.0445119
0.0381027
0.025337
0.00260417
0.00260417
0.0290363
0.0445119
0.0524761
0.0549177
0.0524761
0.0445119
0.0290363
0.00260417
0.00260416
0.0301382
0.0464547
0.0549177
0.0575219
0.0549177
0.0464547
0.0301382
0.00260417
0.00260417
0.0290363
0.0445119
0.0524762
0.0549177
0.0524761
0.0445119
0.0290363
0.00260417
0.00260417
0.025337
0.0381027
0.0445119
0.0464547
0.0445118
0.0381027
0.025337
0.00260417
0.00260417
0.0176393
0.0253371
0.0290363
0.0301382
0.0290363
0.025337
0.0176393
0.00260417
0.00260417
0.00260417
0.00260417
0.00260417
0.00260417
0.00260417
0.00260417
0.00260417
0.00260417
Process [2]
0.00260417
0.00260417
0.00260417
0.00260417
0.00260417
0.00260417
0.00260417
0.00260417
0.00260417
0.00260417
0.0171642
0.0245074
0.0280008
0.0290363
0.0280008
0.0245074
0.0171642
0.00260417
0.00260417
0.0245074
0.0366466
0.0426882
0.0445119
0.0426882
0.0366466
0.0245074
0.00260417
0.00260417
0.0280008
0.0426882
0.0501863
0.0524761
0.0501863
0.0426882
0.0280008
0.00260417
0.00260417
0.0290363
0.0445119
0.0524762
0.0549177
0.0524761
0.0445119
0.0290363
0.00260417
0.00260417
0.0280008
0.0426882
0.0501864
0.0524761
0.0501863
0.0426882
0.0280008
0.00260417
0.00260417
0.0245074
0.0366466
0.0426882
0.0445119
0.0426882
0.0366466
0.0245074
0.00260417
0.00260417
0.0171642
0.0245074
0.0280008
0.0290363
0.0280008
0.0245074
0.0171642
0.00260417
0.00260417
0.00260417
0.00260417
0.00260417
0.00260417
0.00260417
0.00260417
0.00260417
0.00260417
0.00260417
0.00260417
0.00260417
0.00260417
0.00260417
0.00260417
0.00260417
0.00260417
0.00260417
0.00260417
0.0154977
0.0216667
0.0245074
0.025337
0.0245074
0.0216667
0.0154977
0.00260417
0.00260417
0.0216667
0.0317608
0.0366466
0.0381027
0.0366466
0.0317608
0.0216667
0.00260417
0.00260417
0.0245074
0.0366466
0.0426882
0.0445119
0.0426882
0.0366466
0.0245074
0.00260417
0.00260417
0.025337
0.0381027
0.0445119
0.0464547
0.0445118
0.0381027
0.025337
0.00260417
0.00260417
0.0245074
0.0366466
0.0426882
0.0445119
0.0426882
0.0366466
0.0245074
0.00260417
0.00260417
0.0216667
0.0317608
0.0366466
0.0381027
0.0366466
0.0317608
0.0216667
0.00260417
0.00260417
0.0154977
0.0216667
0.0245074
0.025337
0.0245074
0.0216667
0.0154977
0.00260417
0.00260417
0.00260417
0.00260417
0.00260417
0.00260417
0.00260417
0.00260417
0.00260417
0.00260417
0.00260417
0.00260417
0.00260417
0.00260417
0.00260417
0.00260417
0.00260417
0.00260417
0.00260417
0.00260417
0.0116551
0.0154977
0.0171642
0.0176393
0.0171642
0.0154977
0.0116551
0.00260417
Process [3]
0.00260417
0.0154977
0.0216667
0.0245074
0.0253371
0.0245074
0.0216667
0.0154977
0.00260417
0.00260417
0.0171642
0.0245074
0.0280008
0.0290363
0.0280008
0.0245074
0.0171642
0.00260417
0.00260417
0.0176393
0.0253371
0.0290363
0.0301382
0.0290363
0.025337
0.0176393
0.00260417
0.00260417
0.0171642
0.0245074
0.0280008
0.0290363
0.0280008
0.0245074
0.0171642
0.00260417
0.00260417
0.0154977
0.0216667
0.0245074
0.025337
0.0245074
0.0216667
0.0154977
0.00260417
0.00260417
0.0116551
0.0154977
0.0171642
0.0176393
0.0171642
0.0154977
0.0116551
0.00260417
0.00260417
0.00260417
0.00260417
0.00260417
0.00260417
0.00260417
0.00260417
0.00260417
0.00260417
0.00260417
0.00260417
0.00260417
0.00260417
0.00260417
0.00260417
0.00260417
0.00260417
0.00260417
0.00260417
0.00260417
0.00260417
0.00260417
0.00260417
0.00260417
0.00260417
0.00260417
0.00260417
0.00260417
0.00260417
0.00260417
0.00260417
0.00260417
0.00260417
0.00260417
0.00260417
0.00260417
0.00260417
0.00260417
0.00260417
0.00260417
0.00260417
0.00260417
0.00260417
0.00260417
0.00260417
0.00260417
0.00260417
0.00260417
0.00260417
0.00260417
0.00260417
0.00260417
0.00260417
0.00260417
0.00260417
0.00260417
0.00260417
0.00260417
0.00260417
0.00260417
0.00260417
0.00260417
0.00260417
0.00260417
0.00260417
0.00260417
0.00260417
0.00260417
0.00260417
0.00260417
0.00260417
0.00260417
0.00260417
0.00260417
0.00260417
0.00260417
0.00260417
0.00260417
0.00260417
0.00260417
0.00260417
0.00260417
0.00260417
0.00260417
0.00260417
0.00260417
0.00260417
0.00260417
0.00260417
0.00260417
