  0.3498310570689643E-01
  0.3498310570689643E-01
  0.3498310570689643E-01
  0.3677615355236283E-01
  0.3677615355236283E-01
  0.3677615355236283E-01
  0.6250000000000000E-01
  0.5597296913103428E-01
  0.5597296913103428E-01
  0.5597296913103428E-01
  0.5884184568378053E-01
  0.5884184568378053E-01
  0.5884184568378053E-01
  0.9999999999999999E-01
  0.3498310570689643E-01
  0.3498310570689643E-01
  0.3498310570689643E-01
  0.3677615355236283E-01
  0.3677615355236283E-01
  0.3677615355236283E-01
  0.6250000000000000E-01
