  0.8843323515718321E-02
  0.8843323515718321E-02
  0.8843323515718321E-02
  0.2031233592848985E-01
  0.2031233592848985E-01
  0.2031233592848985E-01
  0.1441007403935042E-01
  0.1441007403935042E-01
  0.1441007403935042E-01
  0.1441007403935042E-01
  0.1441007403935042E-01
  0.1441007403935042E-01
  0.1657912966938509E-01
  0.1657912966938509E-01
  0.1657912966938509E-01
  0.3808080193469984E-01
  0.3808080193469984E-01
  0.3808080193469984E-01
  0.2701546376983637E-01
  0.2701546376983637E-01
  0.2701546376983637E-01
  0.2701546376983637E-01
  0.2701546376983637E-01
  0.2701546376983637E-01
  0.1657912966938509E-01
  0.1657912966938509E-01
  0.1657912966938509E-01
  0.3808080193469984E-01
  0.3808080193469984E-01
  0.3808080193469984E-01
  0.2701546376983637E-01
  0.2701546376983637E-01
  0.2701546376983637E-01
  0.2701546376983637E-01
  0.2701546376983637E-01
  0.2701546376983637E-01
  0.8843323515718321E-02
  0.8843323515718321E-02
  0.8843323515718321E-02
  0.2031233592848985E-01
  0.2031233592848985E-01
  0.2031233592848985E-01
  0.1441007403935042E-01
  0.1441007403935042E-01
  0.1441007403935042E-01
  0.1441007403935042E-01
  0.1441007403935042E-01
  0.1441007403935042E-01
