 2 January   2014  12:01:50.250 PM      
 
BALL_MONTE_CARLO_PRB
  FORTRAN77 version
  Test the BALL_MONTE_CARLO library.
 
TEST01
  Estimate integrals over the interior of the unit ball
  using the Monte Carlo method.
 
         N        1              X^2             Y^2             Z^2             X^4           X^2Y^2           Z^4
 
         1     4.18879         2.10115        0.166584        0.639416E-01     1.05396        0.835605E-01    0.976064E-03
         2     4.18879         1.33811         1.18386        0.824457        0.851908        0.928941E-01    0.170178    
         4     4.18879        0.823432        0.215071        0.867296        0.502681        0.860580E-01    0.268632    
         8     4.18879        0.559213        0.819403        0.438098        0.156366        0.124699        0.944194E-01
        16     4.18879        0.935042        0.775718         1.26817        0.405839        0.138122        0.636904    
        32     4.18879         1.06703        0.607315        0.942521        0.540660        0.894477E-01    0.473337    
        64     4.18879        0.828392        0.753533        0.721694        0.373544        0.917863E-01    0.314429    
       128     4.18879        0.958329        0.814284        0.854071        0.449406        0.120068        0.390935    
       256     4.18879        0.792226        0.875814        0.884512        0.328443        0.132256        0.406137    
       512     4.18879        0.778220        0.898254        0.859766        0.315004        0.117823        0.387077    
      1024     4.18879        0.833271        0.824132        0.836273        0.359631        0.116585        0.346667    
      2048     4.18879        0.846999        0.846275        0.816794        0.361223        0.124864        0.358204    
      4096     4.18879        0.854254        0.827099        0.827323        0.371063        0.120246        0.358114    
      8192     4.18879        0.849908        0.829800        0.830507        0.367458        0.122723        0.362282    
     16384     4.18879        0.824975        0.849543        0.826854        0.353038        0.120346        0.354715    
     32768     4.18879        0.848940        0.840033        0.828053        0.367482        0.122917        0.358300    
     65536     4.18879        0.847325        0.843156        0.826967        0.366251        0.121895        0.360129    
 
     Exact     4.18879        0.837758        0.837758        0.837758        0.359039        0.119680        0.359039    
 
BALL_MONTE_CARLO_PRB
  Normal end of execution.
 
 2 January   2014  12:01:50.425 PM      
