   0.0000000       0.0000000       0.0000000      0.15354075      0.14908189    
  4.99999970E-02  7.54352659E-03  7.43637979E-03  0.14820032      0.14801800    
  0.10000000      1.48200318E-02  1.47662535E-02  0.14285988      0.14482373    
  0.15000001      2.18295157E-02  2.18831152E-02  0.13751943      0.13949108    
  0.20000000      2.85719782E-02  2.86795497E-02  0.13217901      0.13200670    
  0.25000000      3.50474156E-02  3.50475907E-02  0.12683859      0.12235188    
  0.30000001      4.09916639E-02  4.08781171E-02  0.11070661      0.11050248    
  0.34999999      4.61180732E-02  4.60608006E-02  9.43498164E-02  9.64288712E-02
  0.40000001      5.04266433E-02  5.04833758E-02  7.79930055E-02  8.00959468E-02
  0.44999999      5.39173782E-02  5.40320277E-02  6.16362095E-02  6.14627004E-02
  0.50000000      5.65902665E-02  5.65905869E-02  4.52794433E-02  4.04826403E-02
  0.55000001      5.81674054E-02  5.80403507E-02  1.73423328E-02  1.71032548E-02
  0.60000002      5.83245009E-02  5.82598448E-02 -1.10584944E-02 -8.73386860E-03
  0.64999998      5.70615530E-02  5.71248531E-02 -3.94593775E-02 -3.70932817E-02
  0.69999999      5.43785691E-02  5.45073748E-02 -6.78601861E-02 -6.80460930E-02
  0.75000000      5.02755344E-02  5.02757430E-02 -9.62610245E-02 -0.10166955    
  0.80000001      4.44433466E-02  4.42945957E-02 -0.13775837     -0.13804758    
  0.85000002      3.64996977E-02  3.64236236E-02 -0.17998755     -0.17727149    
  0.89999998      2.64445897E-02  2.65183449E-02 -0.22221673     -0.21943927    
  0.94999999      1.42780235E-02  1.44289136E-02 -0.26444590     -0.26465607    
   1.0000000       0.0000000       0.0000000     -0.30667508     -0.31303525    
