   0.00000       0.00000       1.00000       0.00000       0.00000    
  0.625000       0.00000      0.207057     -0.344539E-02 -0.581240E-03
  0.625000      0.250000       1.10038      0.780411E-01  0.167294    
   0.00000      0.250000       1.00000       0.00000      0.250000    
   1.25000       0.00000      0.800475E-01 -0.724650E-03  0.382000E-05
   1.25000      0.250000      0.832513      0.500011E-01  0.117710    
   1.25000      0.500000       1.12930      0.114942      0.374012    
  0.625000      0.500000       1.09781      0.112939      0.452192    
   0.00000      0.500000       1.00000       0.00000      0.500000    
   2.50000       0.00000      0.347873E-01 -0.193630E-03  0.530730E-03
   2.50000      0.250000      0.494389      0.336552E-01  0.659595E-01
   1.87500      0.250000      0.646394      0.399993E-01  0.887545E-01
   1.87500       0.00000      0.509065E-01 -0.287870E-03  0.309000E-03
   2.50000      0.500000      0.885434      0.975255E-01  0.242161    
   1.87500      0.500000       1.02835      0.103455      0.305210    
   2.50000       1.00000       1.08101      0.103986      0.760945    
   1.87500       1.00000       1.07434      0.944576E-01  0.849516    
   1.87500      0.750000       1.10508      0.121319      0.576307    
   2.50000      0.750000       1.06233      0.133888      0.490293    
   1.25000       1.00000       1.05360      0.790750E-01  0.921201    
   1.25000      0.750000       1.09252      0.107139      0.653392    
   0.00000       1.00000       1.00000       0.00000       1.00000    
   0.00000      0.750000       1.00000       0.00000      0.750000    
  0.625000      0.750000       1.03837      0.790578E-01  0.718297    
  0.625000       1.00000       1.02004      0.545708E-01  0.975381    
  0.625000       1.50000       1.01128      0.432688E-01   1.48266    
   0.00000       1.50000       1.00000       0.00000       1.50000    
   1.25000       1.50000       1.02747      0.756095E-01   1.43973    
   1.25000       2.00000       1.01854      0.733931E-01   1.95122    
  0.625000       2.00000       1.00585      0.390716E-01   1.98724    
   0.00000       2.00000       1.00000       0.00000       2.00000    
   2.50000       1.50000       1.04977      0.147554       1.29089    
   1.87500       1.50000       1.04143      0.107981       1.37588    
   2.50000       2.00000       1.04922      0.143963       1.81547    
   1.87500       2.00000       1.03315      0.106638       1.89413    
   2.50000       3.00000       1.04299      0.112987       2.85949    
   1.87500       3.00000       1.02437      0.841463E-01   2.92072    
   1.87500       2.50000       1.02652      0.962685E-01   2.40827    
   2.50000       2.50000       1.04451      0.130411       2.33789    
   1.25000       3.00000       1.01111      0.562605E-01   2.96456    
   1.25000       2.50000       1.01284      0.646732E-01   2.45868    
   0.00000       3.00000       1.00000       0.00000       3.00000    
   0.00000       2.50000       1.00000       0.00000       2.50000    
  0.625000       2.50000       1.00328      0.332355E-01   2.48953    
  0.625000       3.00000       1.00278      0.285093E-01   2.99109    
  0.625000       3.50000       1.00257      0.242908E-01   3.49244    
   0.00000       3.50000       1.00000       0.00000       3.50000    
   1.25000       3.50000       1.01027      0.481472E-01   3.46984    
   1.25000       4.00000       1.00963      0.403158E-01   3.97480    
  0.625000       4.00000       1.00239      0.203304E-01   3.99368    
   0.00000       4.00000       1.00000       0.00000       4.00000    
   2.50000       3.50000       1.04121      0.953324E-01   3.38049    
   1.87500       3.50000       1.02301      0.718447E-01   3.43245    
   2.50000       4.00000       1.03883      0.785713E-01   3.90053    
   1.87500       4.00000       1.02169      0.598636E-01   3.94360    
   2.50000       5.00000       1.03524      0.490584E-01   4.93683    
   1.87500       5.00000       1.01977      0.384923E-01   4.96400    
   1.87500       4.50000       1.02029      0.485700E-01   4.45413    
   2.50000       4.50000       1.03622      0.631853E-01   4.41934    
   1.25000       5.00000       1.00965      0.255414E-01   4.98392    
   1.25000       4.50000       1.00911      0.328567E-01   4.47948    
   0.00000       5.00000       1.00000       0.00000       5.00000    
   0.00000       4.50000       1.00000       0.00000       4.50000    
  0.625000       4.50000       1.00213      0.165791E-01   4.49483    
  0.625000       5.00000       1.00126      0.134609E-01   4.99583    
  0.625000       6.25000      0.997930      0.629587E-02   6.24798    
   0.00000       6.25000       1.00000       0.00000       6.25000    
   1.25000       6.25000       1.00981      0.716599E-02   6.24458    
   1.25000       7.50000       1.01806     -0.247557E-01   7.50755    
  0.625000       7.50000      0.982840      0.507230E-02   7.49849    
   0.00000       7.50000       1.00000       0.00000       7.50000    
   2.50000       6.25000       1.03052      0.176897E-01   6.22658    
   1.87500       6.25000       1.01726      0.169574E-01   6.23698    
   2.50000       7.50000       1.03982     -0.127592E-01   7.51737    
   1.87500       7.50000       1.02601      0.373563E-02   7.51313    
   2.50000       10.0000      0.388867E-01  0.145040E-03   10.0024    
   1.87500       10.0000      0.139518E-01  0.348800E-03   10.0027    
   1.87500       8.75000       1.15171     -0.583780E-01   8.80341    
   2.50000       8.75000       1.18321     -0.538415E-01   8.83786    
   1.25000       10.0000     -0.236175E-01  0.103233E-02   10.0034    
   1.25000       8.75000       1.05849     -0.956490E-01   8.75791    
   0.00000       10.0000       1.00000       0.00000       10.0000    
   0.00000       8.75000       1.00000       0.00000       8.75000    
  0.625000       8.75000      0.908274      0.731280E-01   8.73222    
  0.625000       10.0000      0.321202      0.829920E-03   10.0027    
   3.12500       5.00000       1.05327      0.588032E-01   4.90314    
   3.12500       6.25000       1.04306      0.253675E-01   6.21300    
   3.75000       5.00000       1.07519      0.643933E-01   4.86456    
   3.75000       6.25000       1.05959      0.249046E-01   6.19741    
   3.75000       7.50000       1.05933     -0.542403E-02   7.52370    
   3.12500       7.50000       1.04867     -0.136292E-02   7.52127    
   5.00000       5.00000       1.12181      0.634527E-01   4.78170    
   5.00000       6.25000       1.09357      0.238631E-01   6.16444    
   4.37500       6.25000       1.07604      0.271464E-01   6.18078    
   4.37500       5.00000       1.09816      0.668621E-01   4.82313    
   5.00000       7.50000       1.08202     -0.440766E-02   7.52728    
   4.37500       7.50000       1.07026     -0.158981E-02   7.52554    
   5.00000       10.0000      0.356183E-01  0.677700E-04   10.0017    
   4.37500       10.0000      0.370614E-01  0.129050E-03   10.0019    
   4.37500       8.75000       1.22831     -0.341684E-01   8.91421    
   5.00000       8.75000       1.23256     -0.330327E-01   8.93512    
   3.75000       10.0000      0.377111E-01  0.146030E-03   10.0020    
   3.75000       8.75000       1.21903     -0.396223E-01   8.89139    
   3.12500       8.75000       1.20583     -0.396661E-01   8.86639    
   3.12500       10.0000      0.423146E-01  0.178220E-03   10.0022    
   3.12500       3.00000       1.06905      0.142831       2.78037    
   3.12500       3.50000       1.06601      0.117721       3.31435    
   3.75000       3.00000       1.10608      0.170518       2.68344    
   3.75000       3.50000       1.09886      0.136151       3.23536    
   3.75000       4.00000       1.08994      0.107936       3.78297    
   3.12500       4.00000       1.06146      0.953092E-01   3.84641    
   5.00000       3.00000       1.21894      0.180028       2.45417    
   5.00000       3.50000       1.18605      0.140068       3.05597    
   4.37500       3.50000       1.14003      0.145228       3.14702    
   4.37500       3.00000       1.15730      0.186454       2.57169    
   5.00000       4.00000       1.15955      0.109119       3.64258    
   4.37500       4.00000       1.12352      0.113388       3.71339    
   4.37500       4.50000       1.10902      0.878377E-01   4.27172    
   5.00000       4.50000       1.13822      0.842587E-01   4.21704    
   3.75000       4.50000       1.08118      0.844882E-01   4.32595    
   3.12500       4.50000       1.05650      0.756790E-01   4.37604    
   3.12500       1.00000       1.06008      0.104130      0.650776    
   3.12500       1.50000       1.05698      0.209805       1.17849    
   3.75000       1.00000      0.985882      0.759195E-01  0.510682    
   3.75000       1.50000       1.06746      0.314832       1.02570    
   3.75000       2.00000       1.10527      0.257429       1.57407    
   3.12500       2.00000       1.07039      0.191783       1.71126    
   5.00000       1.00000     -0.195257E-02  0.174710E-02 -0.244650E-03
   5.00000       1.50000       1.25513      0.339990      0.518490    
   4.37500       1.50000       1.09204      0.464695      0.811687    
   4.37500       1.00000      0.786996     -0.847666E-02  0.321852    
   5.00000       2.00000       1.30220      0.305155       1.18648    
   4.37500       2.00000       1.17131      0.335944       1.39550    
   4.37500       2.50000       1.17273      0.243607       1.98707    
   5.00000       2.50000       1.25954      0.234236       1.83295    
   3.75000       2.50000       1.10944      0.211611       2.12861    
   3.12500       2.50000       1.06996      0.169351       2.24556    
   3.12500       0.00000      0.222012E-01 -0.167380E-03  0.715970E-03
   3.12500      0.250000      0.354259      0.312647E-01  0.457600E-01
   3.75000       0.00000      0.109955E-01 -0.147510E-03  0.881510E-03
   3.75000      0.250000      0.215983      0.299337E-01  0.265797E-01
   3.75000      0.500000      0.509081      0.103274      0.116350    
   3.12500      0.500000      0.713353      0.984332E-01  0.180338    
   5.00000       0.00000      0.643300E-04  0.251100E-04  0.104797E-02
   5.00000      0.250000     -0.744300E-04 -0.287473E-02  0.103527E-02
   4.37500      0.250000      0.809981E-01  0.267545E-01  0.884910E-02
   4.37500       0.00000      0.145916E-02 -0.109610E-03  0.102022E-02
   5.00000      0.500000     -0.383840E-03  0.389747E-02  0.935740E-03
   4.37500      0.500000      0.263002      0.102168      0.498798E-01
   4.37500      0.750000      0.513659      0.186865      0.147645    
   5.00000      0.750000     -0.217580E-03  0.467061E-01  0.687480E-03
   3.75000      0.750000      0.791191      0.173910      0.281004    
   3.12500      0.750000      0.961348      0.151376      0.393303    
   5.25000       1.00000     -0.227372     -0.206993E-02  0.149900E-03
   5.25000       1.50000       1.49979      0.488599      0.400100    
   5.50000       1.00000      0.231576E-02 -0.726600E-04  0.870930E-03
   5.50000       1.50000       1.37496      0.236169      0.316145    
   5.50000       2.00000       1.41066      0.256819       1.03072    
   5.25000       2.00000       1.40765      0.328040       1.10220    
   6.00000       1.00000     -0.269290E-03 -0.109560E-03  0.102273E-02
   6.00000       1.50000       1.05830      0.105285      0.233325    
   5.75000       1.50000       1.19434      0.164828      0.266605    
   5.75000       1.00000      0.107235E-01 -0.157250E-03  0.980460E-03
   6.00000       2.00000       1.45540      0.198907      0.911965    
   5.75000       2.00000       1.43866      0.243439      0.967237    
   6.00000       3.00000       1.30438      0.139801       2.28780    
   5.75000       3.00000       1.28769      0.155475       2.32476    
   5.75000       2.50000       1.35789      0.197122       1.66535    
   6.00000       2.50000       1.37779      0.171209       1.61917    
   5.50000       3.00000       1.26660      0.166666       2.36526    
   5.50000       2.50000       1.32751      0.211545       1.71697    
   5.25000       2.50000       1.30409      0.235716       1.77257    
   5.25000       3.00000       1.24557      0.179995       2.40852    
   5.25000       3.50000       1.20500      0.139498       3.02069    
   5.50000       3.50000       1.22157      0.130545       2.98698    
   5.50000       4.00000       1.18728      0.101815       3.58897    
   5.25000       4.00000       1.17403      0.108302       3.61520    
   6.00000       3.50000       1.25144      0.112151       2.92589    
   5.75000       3.50000       1.23747      0.122633       2.95522    
   6.00000       4.00000       1.21149      0.885218E-01   3.54115    
   5.75000       4.00000       1.19992      0.960930E-01   3.56418    
   6.00000       5.00000       1.15695      0.515241E-01   4.72277    
   5.75000       5.00000       1.14842      0.559056E-01   4.73615    
   5.75000       4.50000       1.17085      0.742719E-01   4.15662    
   6.00000       4.50000       1.18058      0.684444E-01   4.13884    
   5.50000       5.00000       1.13972      0.591137E-01   4.75055    
   5.50000       4.50000       1.16059      0.784060E-01   4.17574    
   5.25000       4.50000       1.14956      0.834810E-01   4.19594    
   5.25000       5.00000       1.13045      0.630866E-01   4.76580    
   5.25000       6.25000       1.10005      0.244888E-01   6.15834    
   5.50000       6.25000       1.10659      0.220588E-01   6.15253    
   5.50000       7.50000       1.09127     -0.486943E-02   7.52926    
   5.25000       7.50000       1.08683     -0.336605E-02   7.52821    
   6.00000       6.25000       1.11872      0.181853E-01   6.14241    
   5.75000       6.25000       1.11279      0.204667E-01   6.14721    
   6.00000       7.50000       1.10006     -0.670897E-02   7.53210    
   5.75000       7.50000       1.09579     -0.552135E-02   7.53055    
   6.00000       10.0000      0.342033E-01  0.676700E-04   10.0017    
   5.75000       10.0000      0.348502E-01  0.400600E-04   10.0017    
   5.75000       8.75000       1.23432     -0.306404E-01   8.95871    
   6.00000       8.75000       1.23377     -0.303815E-01   8.96635    
   5.50000       10.0000      0.352153E-01  0.384400E-04   10.0017    
   5.50000       8.75000       1.23421     -0.312036E-01   8.95099    
   5.25000       8.75000       1.23405     -0.314279E-01   8.94315    
   5.25000       10.0000      0.359941E-01  0.463000E-04   10.0017    
   6.62500       5.00000       1.17453      0.368855E-01   4.69480    
   6.62500       6.25000       1.13225      0.977114E-02   6.13341    
   7.25000       5.00000       1.18716      0.219542E-01   4.67599    
   7.25000       6.25000       1.14341      0.197213E-02   6.12939    
   7.25000       7.50000       1.12026     -0.148379E-01   7.54526    
   6.62500       7.50000       1.11065     -0.108875E-01   7.53744    
   8.50000       5.00000       1.19920     -0.114005E-01   4.66909    
   8.50000       6.25000       1.15701     -0.168136E-01   6.13843    
   7.87500       6.25000       1.15170     -0.766521E-02   6.13096    
   7.87500       5.00000       1.19551      0.508713E-02   4.66730    
   8.50000       7.50000       1.13517     -0.245415E-01   7.56973    
   7.87500       7.50000       1.12843     -0.198829E-01   7.55598    
   8.50000       10.0000      0.298766E-01  0.800800E-04   10.0013    
   7.87500       10.0000      0.309287E-01  0.813000E-04   10.0014    
   7.87500       8.75000       1.22047     -0.315040E-01   9.02364    
   8.50000       8.75000       1.21205     -0.321661E-01   9.04347    
   7.25000       10.0000      0.320165E-01  0.837200E-04   10.0015    
   7.25000       8.75000       1.22697     -0.307034E-01   9.00428    
   6.62500       8.75000       1.23136     -0.304865E-01   8.98527    
   6.62500       10.0000      0.329914E-01  0.868400E-04   10.0016    
   6.62500       3.00000       1.33518      0.100479       2.21214    
   6.62500       3.50000       1.27897      0.818875E-01   2.86475    
   7.25000       3.00000       1.35249      0.616471E-01   2.16139    
   7.25000       3.50000       1.29631      0.511763E-01   2.82280    
   7.25000       4.00000       1.25149      0.408317E-01   3.45917    
   6.62500       4.00000       1.23525      0.651960E-01   3.49272    
   8.50000       3.00000       1.36044     -0.115020E-01   2.13109    
   8.50000       3.50000       1.30704     -0.101810E-01   2.79749    
   7.87500       3.50000       1.30513      0.199295E-01   2.80055    
   7.87500       3.00000       1.36011      0.239563E-01   2.13485    
   8.50000       4.00000       1.26357     -0.975751E-02   3.43969    
   7.87500       4.00000       1.26066      0.152780E-01   3.44149    
   7.87500       4.50000       1.22482      0.103399E-01   4.06244    
   8.50000       4.50000       1.22840     -0.101643E-01   4.06228    
   7.25000       4.50000       1.21579      0.310736E-01   4.07556    
   6.62500       4.50000       1.20105      0.503940E-01   4.10139    
   6.62500       1.00000      0.887981E-01  0.381243E-01 -0.273610E-01
   6.62500       1.50000      0.864920      0.599115E-01  0.184408    
   7.25000       1.00000      0.109724      0.183465E-01 -0.460020E-01
   7.25000       1.50000      0.802217      0.184183E-01  0.161884    
   7.25000       2.00000       1.42159      0.645849E-01  0.750473    
   6.62500       2.00000       1.45498      0.131831      0.809641    
   8.50000       1.00000      0.164886      0.124756E-01 -0.588608E-01
   8.50000       1.50000      0.798538     -0.246741E-01  0.170137    
   7.87500       1.50000      0.783870     -0.673253E-02  0.159088    
   7.87500       1.00000      0.127691      0.729591E-02 -0.532462E-01
   8.50000       2.00000       1.35527     -0.234867E-01  0.729610    
   7.87500       2.00000       1.38334      0.165027E-01  0.726266    
   7.87500       2.50000       1.42203      0.262713E-01   1.43935    
   8.50000       2.50000       1.41808     -0.141521E-01   1.43603    
   7.25000       2.50000       1.41884      0.702725E-01   1.46897    
   6.62500       2.50000       1.40693      0.120338       1.52782    
   6.00000       0.00000      0.557000E-05 -0.355000E-05  0.941820E-03
   6.62500       0.00000     -0.444620E-02 -0.820800E-04  0.100120E-02
   6.62500      0.250000     -0.454680E-01  0.121108E-01 -0.578920E-02
   6.00000      0.250000      0.722000E-04  0.870090E-03  0.958940E-03
   7.25000       0.00000     -0.791940E-02 -0.266600E-04  0.105283E-02
   7.25000      0.250000     -0.784193E-01  0.527962E-02 -0.108761E-01
   7.25000      0.500000     -0.942178E-01  0.145774E-01 -0.337321E-01
   6.62500      0.500000     -0.593056E-01  0.328587E-01 -0.195751E-01
   6.00000      0.500000      0.108650E-03  0.502963E-02  0.994090E-03
   8.50000       0.00000     -0.110281E-01 -0.431700E-04  0.110545E-02
   8.50000      0.250000     -0.119425      0.729712E-02 -0.166271E-01
   7.87500      0.250000     -0.955463E-01  0.378417E-02 -0.133152E-01
   7.87500       0.00000     -0.930022E-02 -0.173700E-04  0.107532E-02
   8.50000      0.500000     -0.133568      0.203472E-01 -0.506353E-01
   7.87500      0.500000     -0.112033      0.111244E-01 -0.409629E-01
   7.87500      0.750000     -0.407384E-01  0.136681E-01 -0.620130E-01
   8.50000      0.750000     -0.322408E-01  0.240190E-01 -0.736303E-01
   7.25000      0.750000     -0.406129E-01  0.203822E-01 -0.523132E-01
   6.00000      0.750000      0.452000E-04  0.115193E-01  0.102647E-02
   6.62500      0.750000     -0.298509E-01  0.450469E-01 -0.320845E-01
   9.12500       0.00000     -0.153504E-01 -0.900900E-04  0.117341E-02
   9.12500      0.250000     -0.162895      0.129978E-01 -0.233171E-01
   9.75000       0.00000     -0.225647E-01 -0.111000E-03  0.127835E-02
   9.75000      0.250000     -0.214446      0.139776E-01 -0.324663E-01
   9.75000      0.500000     -0.183039      0.249091E-01 -0.866538E-01
   9.12500      0.500000     -0.164315      0.310661E-01 -0.676602E-01
   11.0000       0.00000     -0.305441E-01  0.574300E-04  0.136948E-02
   11.0000      0.250000     -0.205952     -0.122951E-01 -0.363143E-01
   10.3750      0.250000     -0.239102      0.461762E-02 -0.388033E-01
   10.3750       0.00000     -0.293864E-01 -0.578100E-04  0.136807E-02
   11.0000      0.500000     -0.783926E-01 -0.480906E-01 -0.762635E-01
   10.3750      0.500000     -0.158854     -0.566741E-02 -0.934484E-01
   11.0000       1.00000      0.482343     -0.138191      0.190716E-01
   10.3750       1.00000      0.385796     -0.715662E-01 -0.460162E-01
   10.3750      0.750000      0.861567E-01 -0.336497E-01 -0.104620    
   11.0000      0.750000      0.185201     -0.931932E-01 -0.644668E-01
   9.75000       1.00000      0.299097     -0.125836E-01 -0.706808E-01
   9.75000      0.750000      0.197047E-01  0.151386E-01 -0.109571    
   9.12500      0.750000     -0.158096E-01  0.329752E-01 -0.927327E-01
   9.12500       1.00000      0.224022      0.149285E-01 -0.681603E-01
   9.12500       1.50000      0.843242     -0.444666E-01  0.191710    
   9.75000       1.50000      0.908827     -0.832660E-01  0.229859    
   9.75000       2.00000       1.33923     -0.108089      0.808603    
   9.12500       2.00000       1.34272     -0.625740E-01  0.756541    
   11.0000       1.50000       1.02586     -0.198978      0.403461    
   10.3750       1.50000      0.975246     -0.141267      0.297824    
   11.0000       2.00000       1.30685     -0.197562       1.00066    
   10.3750       2.00000       1.33107     -0.157123      0.890002    
   11.0000       3.00000       1.28863     -0.130273       2.32076    
   10.3750       3.00000       1.31955     -0.108318       2.24596    
   10.3750       2.50000       1.36841     -0.133173       1.57377    
   11.0000       2.50000       1.32959     -0.162345       1.66627    
   9.75000       3.00000       1.34142     -0.789352E-01   2.18766    
   9.75000       2.50000       1.39424     -0.948606E-01   1.50318    
   9.12500       2.50000       1.40931     -0.541484E-01   1.45731    
   9.12500       3.00000       1.35446     -0.459011E-01   2.14896    
   9.12500       3.50000       1.30268     -0.389975E-01   2.81280    
   9.75000       3.50000       1.29189     -0.657513E-01   2.84543    
   9.75000       4.00000       1.25229     -0.553092E-01   3.48094    
   9.12500       4.00000       1.26072     -0.335978E-01   3.45319    
   11.0000       3.50000       1.25042     -0.105829       2.95477    
   10.3750       3.50000       1.27431     -0.887735E-01   2.89371    
   11.0000       4.00000       1.22003     -0.871834E-01   3.57180    
   10.3750       4.00000       1.23847     -0.736434E-01   3.52131    
   11.0000       5.00000       1.17555     -0.619151E-01   4.76839    
   10.3750       5.00000       1.18626     -0.532120E-01   4.73222    
   10.3750       4.50000       1.21015     -0.620210E-01   4.13301    
   11.0000       4.50000       1.19599     -0.728980E-01   4.17537    
   9.75000       5.00000       1.19420     -0.414099E-01   4.70255    
   9.75000       4.50000       1.22071     -0.472991E-01   4.09876    
   9.12500       4.50000       1.22695     -0.296980E-01   4.07470    
   9.12500       5.00000       1.19869     -0.272767E-01   4.68110    
   9.12500       6.25000       1.15941     -0.258644E-01   6.15168    
   9.75000       6.25000       1.15906     -0.337110E-01   6.17028    
   9.75000       7.50000       1.14403     -0.330861E-01   7.60592    
   9.12500       7.50000       1.14034     -0.292192E-01   7.58647    
   11.0000       6.25000       1.15137     -0.449158E-01   6.22018    
   10.3750       6.25000       1.15626     -0.402410E-01   6.19345    
   11.0000       7.50000       1.14716     -0.380512E-01   7.65087    
   10.3750       7.50000       1.14626     -0.361689E-01   7.62760    
   11.0000       10.0000      0.258250E-01  0.649200E-04   10.0010    
   10.3750       10.0000      0.267515E-01  0.708500E-04   10.0011    
   10.3750       8.75000       1.17575     -0.321378E-01   9.10447    
   11.0000       8.75000       1.16074     -0.307167E-01   9.12416    
   9.75000       10.0000      0.277588E-01  0.752700E-04   10.0011    
   9.75000       8.75000       1.18951     -0.327361E-01   9.08417    
   9.12500       8.75000       1.20167     -0.327289E-01   9.06372    
   9.12500       10.0000      0.287936E-01  0.779900E-04   10.0012    
   11.6250       5.00000       1.16304     -0.671067E-01   4.80899    
   11.6250       6.25000       1.14492     -0.476388E-01   6.24930    
   12.2500       5.00000       1.14979     -0.686103E-01   4.85174    
   12.2500       6.25000       1.13745     -0.482569E-01   6.27950    
   12.2500       7.50000       1.14539     -0.380315E-01   7.69912    
   11.6250       7.50000       1.14682     -0.387205E-01   7.67499    
   13.5000       5.00000       1.12522     -0.618082E-01   4.93482    
   13.5000       6.25000       1.12165     -0.436191E-01   6.33798    
   12.8750       6.25000       1.12954     -0.468611E-01   6.30947    
   12.8750       5.00000       1.13690     -0.666649E-01   4.89436    
   13.5000       7.50000       1.13993     -0.327535E-01   7.74406    
   12.8750       7.50000       1.14302     -0.360284E-01   7.72242    
   13.5000       10.0000      0.232191E-01  0.269600E-04   10.0008    
   12.8750       10.0000      0.236361E-01  0.383400E-04   10.0008    
   12.8750       8.75000       1.11299     -0.219038E-01   9.17461    
   13.5000       8.75000       1.09796     -0.178067E-01   9.18707    
   12.2500       10.0000      0.242469E-01  0.485300E-04   10.0009    
   12.2500       8.75000       1.12879     -0.255333E-01   9.15970    
   11.6250       8.75000       1.14490     -0.285103E-01   9.14274    
   11.6250       10.0000      0.249816E-01  0.573200E-04   10.0009    
   11.6250       3.00000       1.25149     -0.141612       2.40652    
   11.6250       3.50000       1.22230     -0.115083       3.02436    
   12.2500       3.00000       1.21322     -0.141368       2.49604    
   12.2500       3.50000       1.19318     -0.115952       3.09729    
   12.2500       4.00000       1.17611     -0.962303E-01   3.68930    
   11.6250       4.00000       1.19851     -0.948284E-01   3.62908    
   13.5000       3.00000       1.15160     -0.113634       2.65944    
   13.5000       3.50000       1.14423     -0.969521E-01   3.23344    
   12.8750       3.50000       1.16638     -0.109288       3.16840    
   12.8750       3.00000       1.17886     -0.131038       2.58221    
   13.5000       4.00000       1.13709     -0.830711E-01   3.80374    
   12.8750       4.00000       1.15506     -0.919130E-01   3.74862    
   12.8750       4.50000       1.14549     -0.779929E-01   4.32361    
   13.5000       4.50000       1.13086     -0.715423E-01   4.37068    
   12.2500       4.50000       1.16211     -0.808234E-01   4.27360    
   11.6250       4.50000       1.17946     -0.792381E-01   4.22321    
   11.6250       1.00000      0.584100     -0.185342      0.121309    
   11.6250       1.50000       1.05406     -0.233338      0.540054    
   12.2500       1.00000      0.681879     -0.198443      0.243382    
   12.2500       1.50000       1.06342     -0.234313      0.688869    
   12.2500       2.00000       1.21883     -0.212796       1.26855    
   11.6250       2.00000       1.26622     -0.217318       1.13181    
   13.5000       1.00000      0.836498     -0.144372      0.466308    
   13.5000       1.50000       1.06288     -0.166792      0.947771    
   12.8750       1.50000       1.06349     -0.207804      0.829395    
   12.8750       1.00000      0.767140     -0.180392      0.363733    
   13.5000       2.00000       1.14491     -0.154759       1.50482    
   12.8750       2.00000       1.17618     -0.189080       1.39617    
   12.8750       2.50000       1.18908     -0.158128       1.98993    
   13.5000       2.50000       1.15659     -0.133405       2.08203    
   12.2500       2.50000       1.23211     -0.174190       1.88459    
   11.6250       2.50000       1.28149     -0.176540       1.77333    
   11.6250       0.00000     -0.231373E-01  0.169480E-03  0.125126E-02
   11.6250      0.250000     -0.112258     -0.280052E-01 -0.231789E-01
   12.2500       0.00000     -0.904288E-02  0.222260E-03  0.104678E-02
   12.2500      0.250000      0.189778E-01 -0.353967E-01 -0.276826E-02
   12.2500      0.500000      0.201639     -0.969625E-01  0.229241E-01
   11.6250      0.500000      0.493000E-01 -0.827253E-01 -0.343388E-01
   13.5000       0.00000      0.202740E-01  0.152760E-03  0.635320E-03
   13.5000      0.250000      0.271921     -0.253583E-01  0.375740E-01
   12.8750      0.250000      0.155645     -0.333212E-01  0.191013E-01
   12.8750       0.00000      0.686572E-02  0.207600E-03  0.822810E-03
   13.5000      0.500000      0.484273     -0.707283E-01  0.132944    
   12.8750      0.500000      0.353088     -0.903425E-01  0.822542E-01
   12.8750      0.750000      0.564045     -0.142996      0.196791    
   13.5000      0.750000      0.669648     -0.113796      0.277546    
   12.2500      0.750000      0.440152     -0.155019      0.102577    
   11.6250      0.750000      0.308424     -0.138638      0.932882E-02
   14.1250       0.00000      0.292906E-01  0.899100E-04  0.509230E-03
   14.1250      0.250000      0.355057     -0.158782E-01  0.504064E-01
   14.7500       0.00000      0.340866E-01  0.382500E-04  0.442650E-03
   14.7500      0.250000      0.403949     -0.763812E-02  0.576079E-01
   14.7500      0.500000      0.653851     -0.253213E-01  0.192175    
   14.1250      0.500000      0.585320     -0.470866E-01  0.169758    
   16.0000       0.00000      0.353881E-01 -0.179600E-04  0.427650E-03
   16.0000      0.250000      0.424252      0.204057E-02  0.600637E-01
   15.3750      0.250000      0.424256     -0.165759E-02  0.603405E-01
   15.3750       0.00000      0.357334E-01  0.340000E-05  0.420930E-03
   16.0000      0.500000      0.704045      0.363435E-02  0.203416    
   15.3750      0.500000      0.691847     -0.812406E-02  0.202327    
   16.0000       1.00000      0.985797     -0.575229E-02  0.637544    
   15.3750       1.00000      0.964515     -0.319296E-01  0.626160    
   15.3750      0.750000      0.857459     -0.198200E-01  0.397657    
   16.0000      0.750000      0.880140      0.500370E-03  0.403314    
   14.7500       1.00000      0.933001     -0.648147E-01  0.596288    
   14.7500      0.750000      0.815524     -0.468919E-01  0.377143    
   14.1250      0.750000      0.753351     -0.792984E-01  0.337928    
   14.1250       1.00000      0.890966     -0.103288      0.543960    
   14.1250       1.50000       1.06562     -0.122521       1.03856    
   14.7500       1.50000       1.07194     -0.813883E-01   1.10213    
   14.7500       2.00000       1.11748     -0.814949E-01   1.65248    
   14.1250       2.00000       1.12605     -0.117361       1.59032    
   16.0000       1.50000       1.08834     -0.149107E-01   1.16005    
   15.3750       1.50000       1.08034     -0.455087E-01   1.14148    
   16.0000       2.00000       1.11798     -0.180832E-01   1.71375    
   15.3750       2.00000       1.11601     -0.486184E-01   1.69302    
   16.0000       3.00000       1.11303     -0.188436E-01   2.83150    
   15.3750       3.00000       1.11513     -0.454237E-01   2.81129    
   15.3750       2.50000       1.11896     -0.478271E-01   2.25256    
   16.0000       2.50000       1.11833     -0.190596E-01   2.27350    
   14.7500       3.00000       1.12089     -0.696248E-01   2.77516    
   14.7500       2.50000       1.12357     -0.761383E-01   2.21377    
   14.1250       2.50000       1.13526     -0.104954       2.15702    
   14.1250       3.00000       1.13247     -0.924008E-01   2.72429    
   14.1250       3.50000       1.12783     -0.810697E-01   3.28947    
   14.7500       3.50000       1.11709     -0.630122E-01   3.33477    
   14.7500       4.00000       1.11343     -0.566500E-01   3.89245    
   14.1250       4.00000       1.12316     -0.710986E-01   3.85226    
   16.0000       3.50000       1.10819     -0.179798E-01   3.38685    
   15.3750       3.50000       1.11095     -0.421889E-01   3.36790    
   16.0000       4.00000       1.10465     -0.170635E-01   3.94007    
   15.3750       4.00000       1.10737     -0.386630E-01   3.92252    
   16.0000       5.00000       1.10181     -0.166510E-01   5.04281    
   15.3750       5.00000       1.10302     -0.322490E-01   5.02742    
   15.3750       4.50000       1.10465     -0.352695E-01   4.47555    
   16.0000       4.50000       1.10245     -0.165500E-01   4.49185    
   14.7500       5.00000       1.10783     -0.451830E-01   5.00295    
   14.7500       4.50000       1.11029     -0.507073E-01   4.44841    
   14.1250       4.50000       1.11903     -0.623907E-01   4.41280    
   14.1250       5.00000       1.11539     -0.546707E-01   4.97148    
   14.1250       6.25000       1.11412     -0.389593E-01   6.36397    
   14.7500       6.25000       1.10758     -0.334506E-01   6.38675    
   14.7500       7.50000       1.13320     -0.252596E-01   7.78016    
   14.1250       7.50000       1.13650     -0.286579E-01   7.76334    
   16.0000       6.25000       1.10417     -0.201785E-01   6.42078    
   15.3750       6.25000       1.10367     -0.272577E-01   6.40585    
   16.0000       7.50000       1.12893     -0.246556E-01   7.81109    
   15.3750       7.50000       1.13053     -0.244729E-01   7.79562    
   16.0000       10.0000      0.229954E-01  0.184000E-05   10.0008    
   15.3750       10.0000      0.229155E-01  0.794000E-05   10.0008    
   15.3750       8.75000       1.05993     -0.982553E-02   9.21136    
   16.0000       8.75000       1.04767     -0.816067E-02   9.21708    
   14.7500       10.0000      0.229135E-01  0.117900E-04   10.0008    
   14.7500       8.75000       1.07167     -0.112124E-01   9.20480    
   14.1250       8.75000       1.08408     -0.139179E-01   9.19699    
   14.1250       10.0000      0.230051E-01  0.172000E-04   10.0008    
   16.7500       5.00000       1.10527     -0.168200E-02   5.04928    
   16.7500       6.25000       1.10958     -0.116816E-01   6.43273    
   17.5000       5.00000       1.11137      0.463328E-02   5.04776    
   17.5000       6.25000       1.11572     -0.498683E-02   6.43886    
   17.5000       7.50000       1.12564     -0.948931E-02   7.83896    
   16.7500       7.50000       1.12775     -0.193829E-01   7.82811    
   19.0000       5.00000       1.12074      0.676973E-02   5.03859    
   19.0000       6.25000       1.12232      0.231115E-02   6.43998    
   18.2500       6.25000       1.11987     -0.489280E-03   6.44079    
   18.2500       5.00000       1.11684      0.625005E-02   5.04354    
   19.0000       7.50000       1.12153      0.140753E-02   7.84326    
   18.2500       7.50000       1.12318     -0.229380E-02   7.84312    
   19.0000       10.0000      0.237901E-01 -0.138000E-04   10.0008    
   18.2500       10.0000      0.234987E-01 -0.139800E-04   10.0008    
   18.2500       8.75000       1.02400      0.289368E-02   9.22147    
   19.0000       8.75000       1.02353      0.374976E-02   9.21892    
   17.5000       10.0000      0.232547E-01 -0.124300E-04   10.0008    
   17.5000       8.75000       1.02680      0.589460E-03   9.22289    
   16.7500       8.75000       1.03444     -0.385094E-02   9.22175    
   16.7500       10.0000      0.231052E-01 -0.760000E-05   10.0008    
   16.7500       3.00000       1.11378      0.882187E-02   2.83457    
   16.7500       3.50000       1.10912      0.705910E-02   3.39030    
   17.5000       3.00000       1.11703      0.193938E-01   2.82284    
   17.5000       3.50000       1.11367      0.164738E-01   3.38052    
   17.5000       4.00000       1.11158      0.127796E-01   3.93682    
   16.7500       4.00000       1.10620      0.467990E-02   3.94412    
   19.0000       3.00000       1.12363      0.154825E-01   2.79574    
   19.0000       3.50000       1.12220      0.134835E-01   3.35720    
   18.2500       3.50000       1.11849      0.156110E-01   3.36818    
   18.2500       3.00000       1.12054      0.180713E-01   2.80841    
   19.0000       4.00000       1.12110      0.112930E-01   3.91802    
   18.2500       4.00000       1.11703      0.126351E-01   3.92706    
   18.2500       4.50000       1.11635      0.944693E-02   4.48539    
   19.0000       4.50000       1.12048      0.902076E-02   4.47841    
   17.5000       4.50000       1.11074      0.874479E-02   4.49239    
   16.7500       4.50000       1.10488      0.173767E-02   4.49688    
   16.7500       1.00000      0.997525      0.139062E-01  0.633613    
   16.7500       1.50000       1.09356      0.104021E-01   1.16071    
   17.5000       1.00000      0.997524      0.217942E-01  0.619446    
   17.5000       1.50000       1.09536      0.210323E-01   1.14788    
   17.5000       2.00000       1.11895      0.208620E-01   1.70296    
   16.7500       2.00000       1.11966      0.100796E-01   1.71581    
   19.0000       1.00000      0.979806      0.181383E-01  0.587225    
   19.0000       1.50000       1.10028      0.210968E-01   1.11403    
   18.2500       1.50000       1.09806      0.228648E-01   1.13089    
   18.2500       1.00000      0.990617      0.219246E-01  0.602553    
   19.0000       2.00000       1.12269      0.192683E-01   1.67148    
   18.2500       2.00000       1.11972      0.210011E-01   1.68681    
   18.2500       2.50000       1.12222      0.197655E-01   2.24764    
   19.0000       2.50000       1.12474      0.173085E-01   2.23361    
   17.5000       2.50000       1.12061      0.209358E-01   2.26334    
   16.7500       2.50000       1.11938      0.988777E-02   2.27617    
   16.7500       0.00000      0.336724E-01 -0.303200E-04  0.458580E-03
   16.7500      0.250000      0.409275      0.397677E-02  0.576375E-01
   17.5000       0.00000      0.315404E-01 -0.295100E-04  0.495750E-03
   17.5000      0.250000      0.388794      0.414571E-02  0.545062E-01
   17.5000      0.500000      0.672992      0.119972E-01  0.188847    
   16.7500      0.500000      0.694862      0.106322E-01  0.197616    
   19.0000       0.00000      0.280878E-01 -0.167700E-04  0.554060E-03
   19.0000      0.250000      0.354943      0.247294E-02  0.494253E-01
   18.2500      0.250000      0.369705      0.343853E-02  0.516362E-01
   18.2500       0.00000      0.295967E-01 -0.237000E-04  0.528850E-03
   19.0000      0.500000      0.628979      0.753538E-02  0.173640    
   18.2500      0.500000      0.649111      0.103026E-01  0.180357    
   18.2500      0.750000      0.856928      0.173923E-01  0.370189    
   19.0000      0.750000      0.838733      0.133982E-01  0.358533    
   17.5000      0.750000      0.874528      0.188334E-01  0.384048    
   16.7500      0.750000      0.885259      0.144393E-01  0.397030    
   19.7500       0.00000      0.270464E-01 -0.107000E-04  0.571180E-03
   19.7500      0.250000      0.344908      0.159237E-02  0.479194E-01
   20.5000       0.00000      0.263928E-01 -0.634000E-05  0.581800E-03
   20.5000      0.250000      0.338686      0.947310E-03  0.469835E-01
   20.5000      0.500000      0.605283      0.293244E-02  0.166102    
   19.7500      0.500000      0.614534      0.489212E-02  0.169003    
   22.0000       0.00000      0.257825E-01 -0.258000E-05  0.591780E-03
   22.0000      0.250000      0.332785      0.314260E-03  0.461017E-01
   21.2500      0.250000      0.334998      0.544540E-03  0.464304E-01
   21.2500       0.00000      0.260074E-01 -0.368000E-05  0.588060E-03
   22.0000      0.500000      0.596308      0.101356E-02  0.163337    
   21.2500      0.500000      0.599699      0.170941E-02  0.164375    
   22.0000       1.00000      0.946779      0.310795E-02  0.559203    
   21.2500       1.00000      0.951392      0.511307E-02  0.562320    
   21.2500      0.750000      0.806136      0.328625E-02  0.341393    
   22.0000      0.750000      0.801905      0.196572E-02  0.339395    
   20.5000       1.00000      0.958422      0.838918E-02  0.567373    
   20.5000      0.750000      0.812966      0.555589E-02  0.344687    
   19.7500      0.750000      0.823649      0.903657E-02  0.350119    
   19.7500       1.00000      0.968226      0.130102E-01  0.575414    
   19.7500       1.50000       1.09991      0.171756E-01   1.09944    
   20.5000       1.50000       1.09718      0.125055E-01   1.08820    
   20.5000       2.00000       1.12730      0.131712E-01   1.64658    
   19.7500       2.00000       1.12568      0.165809E-01   1.65785    
   22.0000       1.50000       1.09025      0.543415E-02   1.07514    
   21.2500       1.50000       1.09354      0.838515E-02   1.08034    
   22.0000       2.00000       1.12656      0.680357E-02   1.63177    
   21.2500       2.00000       1.12739      0.969091E-02   1.63796    
   22.0000       3.00000       1.13047      0.700743E-02   2.76212    
   21.2500       3.00000       1.12980      0.896730E-02   2.76811    
   21.2500       2.50000       1.13083      0.955152E-02   2.20293    
   22.0000       2.50000       1.13114      0.713890E-02   2.19667    
   20.5000       3.00000       1.12842      0.111097E-01   2.77568    
   20.5000       2.50000       1.12963      0.122576E-01   2.21115    
   19.7500       2.50000       1.12747      0.148931E-01   2.22142    
   19.7500       3.00000       1.12631      0.132683E-01   2.78488    
   19.7500       3.50000       1.12504      0.116640E-01   3.34771    
   20.5000       3.50000       1.12715      0.994722E-02   3.33956    
   20.5000       4.00000       1.12616      0.878227E-02   3.90287    
   19.7500       4.00000       1.12405      0.100324E-01   3.90997    
   22.0000       3.50000       1.12942      0.668814E-02   3.32708    
   21.2500       3.50000       1.12859      0.826291E-02   3.33269    
   22.0000       4.00000       1.12851      0.627171E-02   3.89155    
   21.2500       4.00000       1.12761      0.750946E-02   3.89673    
   22.0000       5.00000       1.12737      0.531511E-02   5.01934    
   21.2500       5.00000       1.12651      0.599474E-02   5.02360    
   21.2500       4.50000       1.12685      0.674814E-02   4.46033    
   22.0000       4.50000       1.12777      0.581013E-02   4.45561    
   20.5000       5.00000       1.12525      0.653617E-02   5.02835    
   20.5000       4.50000       1.12545      0.764059E-02   4.46576    
   19.7500       4.50000       1.12340      0.840742E-02   4.47182    
   19.7500       5.00000       1.12341      0.682306E-02   5.03342    
   19.7500       6.25000       1.12385      0.380594E-02   6.43758    
   20.5000       6.25000       1.12490      0.443459E-02   6.43441    
   20.5000       7.50000       1.12039      0.375857E-02   7.83879    
   19.7500       7.50000       1.12069      0.311477E-02   7.84144    
   22.0000       6.25000       1.12628      0.425545E-02   6.42768    
   21.2500       6.25000       1.12568      0.450381E-02   6.43100    
   22.0000       7.50000       1.12065      0.356949E-02   7.83310    
   21.2500       7.50000       1.12043      0.381697E-02   7.83590    
   22.0000       10.0000      0.247268E-01 -0.860000E-05   10.0009    
   21.2500       10.0000      0.245530E-01 -0.921000E-05   10.0008    
   21.2500       8.75000       1.02667      0.330846E-02   9.21065    
   22.0000       8.75000       1.02804      0.287680E-02   9.20843    
   20.5000       10.0000      0.243367E-01 -0.110400E-04   10.0008    
   20.5000       8.75000       1.02531      0.368755E-02   9.21322    
   19.7500       8.75000       1.02416      0.389423E-02   9.21604    
   19.7500       10.0000      0.240780E-01 -0.126900E-04   10.0008    
   23.0000       5.00000       1.12804      0.422761E-02   5.01452    
   23.0000       6.25000       1.12690      0.354293E-02   6.42371    
   24.0000       5.00000       1.12836      0.334673E-02   5.01069    
   24.0000       6.25000       1.12735      0.293464E-02   6.42041    
   24.0000       7.50000       1.12166      0.238037E-02   7.82709    
   23.0000       7.50000       1.12112      0.293521E-02   7.82979    
   26.0000       5.00000       1.12860      0.191284E-02   5.00549    
   26.0000       6.25000       1.12795      0.173620E-02   6.41577    
   25.0000       6.25000       1.12769      0.226570E-02   6.41779    
   25.0000       5.00000       1.12853      0.254127E-02   5.00773    
   26.0000       7.50000       1.12262      0.135823E-02   7.82339    
   25.0000       7.50000       1.12217      0.180444E-02   7.82498    
   26.0000       10.0000      0.251430E-01 -0.210000E-05   10.0009    
   25.0000       10.0000      0.250932E-01 -0.332000E-05   10.0009    
   25.0000       8.75000       1.03219      0.146168E-02   9.20296    
   26.0000       8.75000       1.03299      0.126572E-02   9.20204    
   24.0000       10.0000      0.250171E-01 -0.495000E-05   10.0009    
   24.0000       8.75000       1.03112      0.181033E-02   9.20425    
   23.0000       8.75000       1.02971      0.226188E-02   9.20604    
   23.0000       10.0000      0.248970E-01 -0.719000E-05   10.0009    
   23.0000       3.00000       1.13062      0.488348E-02   2.75620    
   23.0000       3.50000       1.12984      0.486392E-02   3.32132    
   24.0000       3.00000       1.13037      0.341797E-02   2.75208    
   24.0000       3.50000       1.12984      0.352100E-02   3.31713    
   24.0000       4.00000       1.12929      0.353023E-02   3.88191    
   23.0000       4.00000       1.12911      0.473140E-02   3.88605    
   26.0000       3.00000       1.12970      0.170643E-02   2.74714    
   26.0000       3.50000       1.12948      0.183013E-02   3.31194    
   25.0000       3.50000       1.12968      0.253921E-02   3.31412    
   25.0000       3.00000       1.13002      0.240794E-02   2.74919    
   26.0000       4.00000       1.12918      0.190261E-02   3.87661    
   25.0000       4.00000       1.12927      0.260038E-02   3.87885    
   25.0000       4.50000       1.12888      0.260402E-02   4.44339    
   26.0000       4.50000       1.12889      0.193080E-02   4.44113    
   24.0000       4.50000       1.12877      0.347169E-02   4.44643    
   23.0000       4.50000       1.12847      0.452507E-02   4.45044    
   23.0000       1.00000      0.943032      0.172185E-02  0.556695    
   23.0000       1.50000       1.08708      0.315744E-02   1.07083    
   24.0000       1.00000      0.940771      0.962980E-03  0.555157    
   24.0000       1.50000       1.08506      0.191879E-02   1.06818    
   24.0000       2.00000       1.12383      0.272291E-02   1.62284    
   23.0000       2.00000       1.12508      0.422521E-02   1.62631    
   26.0000       1.00000      0.938302      0.643000E-04  0.553469    
   26.0000       1.50000       1.08280      0.641620E-03   1.06528    
   25.0000       1.50000       1.08372      0.116040E-02   1.06645    
   25.0000       1.00000      0.939296      0.458550E-03  0.554148    
   26.0000       2.00000       1.12223      0.119477E-02   1.61898    
   25.0000       2.00000       1.12290      0.180042E-02   1.62055    
   25.0000       2.50000       1.12958      0.218442E-02   2.18421    
   26.0000       2.50000       1.12911      0.151559E-02   2.18236    
   24.0000       2.50000       1.13016      0.318270E-02   2.18688    
   23.0000       2.50000       1.13079      0.472416E-02   2.19079    
   23.0000       0.00000      0.256096E-01 -0.168000E-05  0.595550E-03
   23.0000      0.250000      0.331012      0.160540E-03  0.458430E-01
   24.0000       0.00000      0.255076E-01 -0.110000E-05  0.597840E-03
   24.0000      0.250000      0.329921      0.754900E-04  0.456859E-01
   24.0000      0.500000      0.591863      0.283780E-03  0.161993    
   23.0000      0.500000      0.593564      0.544670E-03  0.162505    
   26.0000       0.00000      0.253989E-01 -0.520000E-06  0.600320E-03
   26.0000      0.250000      0.328729     -0.491300E-04  0.455158E-01
   25.0000      0.250000      0.329206      0.115600E-04  0.455836E-01
   25.0000       0.00000      0.254421E-01 -0.740000E-06  0.599330E-03
   26.0000      0.500000      0.589986     -0.693400E-04  0.161433    
   25.0000      0.500000      0.590741      0.967400E-04  0.161657    
   25.0000      0.750000      0.795051      0.230750E-03  0.336150    
   26.0000      0.750000      0.794128     -0.592000E-04  0.335714    
   24.0000      0.750000      0.796420      0.575570E-03  0.336800    
   23.0000      0.750000      0.798504      0.107121E-02  0.337790    
   27.0000       0.00000      0.253712E-01 -0.390000E-06  0.600970E-03
   27.0000      0.250000      0.328415     -0.120800E-03  0.454720E-01
   28.0000       0.00000      0.253547E-01 -0.350000E-06  0.601360E-03
   28.0000      0.250000      0.328216     -0.220590E-03  0.454453E-01
   28.0000      0.500000      0.589136     -0.461520E-03  0.161188    
   27.0000      0.500000      0.589476     -0.245350E-03  0.161284    
   30.0000       0.00000      0.253412E-01 -0.280000E-06  0.601710E-03
   30.0000      0.250000      0.328049     -0.616680E-03  0.454260E-01
   29.0000      0.250000      0.328103     -0.376640E-03  0.454319E-01
   29.0000       0.00000      0.253469E-01 -0.350000E-06  0.601580E-03
   30.0000      0.500000      0.588789     -0.118878E-02  0.161101    
   29.0000      0.500000      0.588913     -0.758760E-03  0.161131    
   30.0000       1.00000      0.936576     -0.153626E-02  0.552373    
   29.0000       1.00000      0.936812     -0.104379E-02  0.552498    
   29.0000      0.750000      0.792767     -0.106264E-02  0.335104    
   30.0000      0.750000      0.792574     -0.160708E-02  0.335035    
   28.0000       1.00000      0.937144     -0.644260E-03  0.552701    
   28.0000      0.750000      0.793064     -0.662510E-03  0.335227    
   27.0000      0.750000      0.793496     -0.343280E-03  0.335421    
   27.0000       1.00000      0.937618     -0.287930E-03  0.553010    
   27.0000       1.50000       1.08215      0.255700E-03   1.06448    
   28.0000       1.50000       1.08169     -0.557900E-04   1.06394    
   28.0000       2.00000       1.12138      0.479000E-03   1.61715    
   27.0000       2.00000       1.12174      0.777860E-03   1.61790    
   30.0000       1.50000       1.08111     -0.578400E-03   1.06332    
   29.0000       1.50000       1.08136     -0.326400E-03   1.06357    
   30.0000       2.00000       1.12092      0.903700E-04   1.61627    
   29.0000       2.00000       1.12111      0.257280E-03   1.61663    
   30.0000       3.00000       1.12892      0.423270E-03   2.74342    
   29.0000       3.00000       1.12905      0.606050E-03   2.74393    
   29.0000       2.50000       1.12825      0.499220E-03   2.17952    
   30.0000       2.50000       1.12810      0.332240E-03   2.17908    
   28.0000       3.00000       1.12921      0.859760E-03   2.74466    
   28.0000       2.50000       1.12846      0.731550E-03   2.18016    
   27.0000       2.50000       1.12874      0.105543E-02   2.18107    
   27.0000       3.00000       1.12943      0.121202E-02   2.74569    
   27.0000       3.50000       1.12930      0.131632E-02   3.31038    
   28.0000       3.50000       1.12914      0.942920E-03   3.30926    
   28.0000       4.00000       1.12898      0.998960E-03   3.87379    
   27.0000       4.00000       1.12908      0.138310E-02   3.87497    
   30.0000       3.50000       1.12893      0.474230E-03   3.30789    
   29.0000       3.50000       1.12902      0.671840E-03   3.30845    
   30.0000       4.00000       1.12884      0.508640E-03   3.87233    
   29.0000       4.00000       1.12891      0.716180E-03   3.87294    
   30.0000       5.00000       1.12865      0.531870E-03   5.00108    
   29.0000       5.00000       1.12865      0.743580E-03   5.00172    
   29.0000       4.50000       1.12879      0.741320E-03   4.43736    
   30.0000       4.50000       1.12876      0.527820E-03   4.43673    
   28.0000       5.00000       1.12864      0.103268E-02   5.00261    
   28.0000       4.50000       1.12882      0.103061E-02   4.43824    
   27.0000       4.50000       1.12886      0.141657E-02   4.43946    
   27.0000       5.00000       1.12863      0.141052E-02   5.00383    
   27.0000       6.25000       1.12814      0.128530E-02   6.41425    
   28.0000       6.25000       1.12828      0.945170E-03   6.41314    
   28.0000       7.50000       1.12328      0.723590E-03   7.82137    
   27.0000       7.50000       1.12299      0.991450E-03   7.82222    
   30.0000       6.25000       1.12847      0.485020E-03   6.41174    
   29.0000       6.25000       1.12839      0.682370E-03   6.41232    
   30.0000       7.50000       1.12366      0.387800E-03   7.82033    
   29.0000       7.50000       1.12350      0.528700E-03   7.82076    
   30.0000       10.0000      0.251812E-01  0.560000E-06   10.0009    
   29.0000       10.0000      0.251899E-01  0.600000E-07   10.0009    
   29.0000       8.75000       1.03410      0.133475E-02   9.20065    
   30.0000       8.75000       1.03413      0.154793E-02   9.20043    
   28.0000       10.0000      0.251857E-01 -0.530000E-06   10.0009    
   28.0000       8.75000       1.03391      0.121091E-02   9.20095    
   27.0000       8.75000       1.03355      0.118230E-02   9.20140    
   27.0000       10.0000      0.251710E-01 -0.122000E-05   10.0009    
   31.2500       5.00000       1.12865      0.340850E-03   5.00054    
   31.2500       6.25000       1.12854      0.314670E-03   6.41124    
   32.5000       5.00000       1.12864      0.213590E-03   5.00020    
   32.5000       6.25000       1.12858      0.202270E-03   6.41092    
   32.5000       7.50000       1.12386      0.218550E-03   7.81975    
   31.2500       7.50000       1.12379      0.283090E-03   7.81997    
   35.0000       5.00000       1.12861      0.701300E-04   4.99987    
   35.0000       6.25000       1.12860      0.104970E-03   6.41060    
   33.7500       6.25000       1.12860      0.139380E-03   6.41072    
   33.7500       5.00000       1.12863      0.127260E-03   4.99999    
   35.0000       7.50000       1.12388      0.196090E-03   7.81951    
   33.7500       7.50000       1.12389      0.203980E-03   7.81961    
   35.0000       10.0000      0.251354E-01  0.140000E-05   10.0009    
   33.7500       10.0000      0.251531E-01  0.141000E-05   10.0009    
   33.7500       8.75000       1.03373      0.234691E-02   9.20012    
   35.0000       8.75000       1.03344      0.256870E-02   9.20011    
   32.5000       10.0000      0.251638E-01  0.124000E-05   10.0009    
   32.5000       8.75000       1.03397      0.206093E-02   9.20017    
   31.2500       8.75000       1.03411      0.179254E-02   9.20026    
   31.2500       10.0000      0.251827E-01  0.740000E-06   10.0009    
   31.2500       3.00000       1.12881      0.263020E-03   2.74299    
   31.2500       3.50000       1.12884      0.300050E-03   3.30741    
   32.5000       3.00000       1.12873      0.151690E-03   2.74273    
   32.5000       3.50000       1.12878      0.177730E-03   3.30711    
   32.5000       4.00000       1.12874      0.197160E-03   3.87149    
   31.2500       4.00000       1.12879      0.324320E-03   3.87181    
   35.0000       3.00000       1.12864      0.322000E-05   2.74253    
   35.0000       3.50000       1.12869      0.241800E-04   3.30687    
   33.7500       3.50000       1.12873      0.910600E-04   3.30695    
   33.7500       3.00000       1.12868      0.709500E-04   2.74258    
   35.0000       4.00000       1.12867      0.400700E-04   3.87122    
   33.7500       4.00000       1.12871      0.107070E-03   3.87131    
   33.7500       4.50000       1.12868      0.117810E-03   4.43565    
   35.0000       4.50000       1.12866      0.513900E-04   4.43555    
   32.5000       4.50000       1.12871      0.208020E-03   4.43586    
   31.2500       4.50000       1.12873      0.338260E-03   4.43619    
   31.2500       1.00000      0.936368     -0.209044E-02  0.552277    
   31.2500       1.50000       1.08090     -0.824840E-03   1.06312    
   32.5000       1.00000      0.936226     -0.275990E-02  0.552238    
   32.5000       1.50000       1.08075     -0.105607E-02   1.06301    
   32.5000       2.00000       1.12065     -0.172460E-03   1.61582    
   31.2500       2.00000       1.12076     -0.589100E-04   1.61598    
   35.0000       1.00000      0.936058     -0.461618E-02  0.552284    
   35.0000       1.50000       1.08059     -0.156476E-02   1.06298    
   33.7500       1.50000       1.08065     -0.129463E-02   1.06296    
   33.7500       1.00000      0.936125     -0.359002E-02  0.552243    
   35.0000       2.00000       1.12053     -0.366060E-03   1.61573    
   33.7500       2.00000       1.12058     -0.269660E-03   1.61574    
   33.7500       2.50000       1.12780      0.836000E-05   2.17838    
   35.0000       2.50000       1.12776     -0.600800E-04   2.17835    
   32.5000       2.50000       1.12786      0.853400E-04   2.17850    
   31.2500       2.50000       1.12796      0.187070E-03   2.17871    
   31.2500       0.00000      0.253437E-01 -0.600000E-06  0.601690E-03
   31.2500      0.250000      0.328051     -0.892260E-03  0.454311E-01
   32.5000       0.00000      0.253594E-01 -0.103000E-05  0.601460E-03
   32.5000      0.250000      0.328129     -0.135390E-02  0.454527E-01
   32.5000      0.500000      0.588634     -0.245718E-02  0.161109    
   31.2500      0.500000      0.588689     -0.169811E-02  0.161091    
   35.0000       0.00000      0.254813E-01 -0.448000E-05  0.599660E-03
   35.0000      0.250000      0.328722     -0.365077E-02  0.456061E-01
   33.7500      0.250000      0.328324     -0.215803E-02  0.455017E-01
   33.7500       0.00000      0.253964E-01 -0.206000E-05  0.600890E-03
   35.0000      0.500000      0.588419     -0.544890E-02  0.161268    
   33.7500      0.500000      0.588576     -0.361197E-02  0.161162    
   33.7500      0.750000      0.792167     -0.431616E-02  0.335023    
   35.0000      0.750000      0.792015     -0.594440E-02  0.335094    
   32.5000      0.750000      0.792276     -0.312120E-02  0.334989    
   31.2500      0.750000      0.792396     -0.224954E-02  0.334991    
   36.2500       0.00000      0.256772E-01 -0.947000E-05  0.596910E-03
   36.2500      0.250000      0.329504     -0.659756E-02  0.458290E-01
   37.5000       0.00000      0.260807E-01 -0.178500E-04  0.591480E-03
   37.5000      0.250000      0.330824     -0.124972E-01  0.462489E-01
   37.5000      0.500000      0.587168     -0.138698E-01  0.161833    
   36.2500      0.500000      0.587997     -0.852270E-02  0.161476    
   40.0000       0.00000      0.251667E-01 -0.104105E-02  0.812690E-03
   40.0000      0.250000      0.330448     -0.391639E-01  0.464751E-01
   38.7500      0.250000      0.332256     -0.234612E-01  0.468105E-01
   38.7500       0.00000      0.266332E-01 -0.217100E-04  0.583760E-03
   40.0000      0.500000      0.589463     -0.365799E-01  0.162074    
   38.7500      0.500000      0.586379     -0.230379E-01  0.162298    
   40.0000       1.00000      0.937047     -0.134841E-01  0.553728    
   38.7500       1.00000      0.936148     -0.879181E-02  0.552780    
   38.7500      0.750000      0.790836     -0.150655E-01  0.335681    
   40.0000      0.750000      0.793449     -0.230150E-01  0.336201    
   37.5000       1.00000      0.936043     -0.716006E-02  0.552503    
   37.5000      0.750000      0.791230     -0.109718E-01  0.335389    
   36.2500      0.750000      0.791719     -0.811335E-02  0.335210    
   36.2500       1.00000      0.936028     -0.582461E-02  0.552367    
   36.2500       1.50000       1.08055     -0.187809E-02   1.06306    
   37.5000       1.50000       1.08057     -0.225508E-02   1.06322    
   37.5000       2.00000       1.12048     -0.629160E-03   1.61597    
   36.2500       2.00000       1.12049     -0.473660E-03   1.61580    
   40.0000       1.50000       1.08052     -0.459879E-02   1.06462    
   38.7500       1.50000       1.08063     -0.275926E-02   1.06356    
   40.0000       2.00000       1.12004     -0.153827E-02   1.61722    
   38.7500       2.00000       1.12046     -0.905840E-03   1.61633    
   40.0000       3.00000       1.12812     -0.434250E-03   2.74351    
   38.7500       3.00000       1.12842     -0.347220E-03   2.74300    
   38.7500       2.50000       1.12761     -0.479380E-03   2.17891    
   40.0000       2.50000       1.12723     -0.701540E-03   2.17959    
   37.5000       3.00000       1.12854     -0.172350E-03   2.74270    
   37.5000       2.50000       1.12769     -0.252950E-03   2.17857    
   36.2500       2.50000       1.12772     -0.133940E-03   2.17841    
   36.2500       3.00000       1.12859     -0.652100E-04   2.74257    
   36.2500       3.50000       1.12865     -0.414300E-04   3.30689    
   37.5000       3.50000       1.12858     -0.137720E-03   3.30699    
   37.5000       4.00000       1.12855     -0.938500E-04   3.87127    
   36.2500       4.00000       1.12863     -0.207300E-04   3.87121    
   40.0000       3.50000       1.12819     -0.305220E-03   3.30759    
   38.7500       3.50000       1.12844     -0.261970E-03   3.30722    
   40.0000       4.00000       1.12820     -0.208920E-03   3.87169    
   38.7500       4.00000       1.12841     -0.180430E-03   3.87143    
   40.0000       5.00000       1.12820     -0.875600E-04   4.99988    
   38.7500       5.00000       1.12837     -0.294100E-04   4.99982    
   38.7500       4.50000       1.12839     -0.102710E-03   4.43563    
   40.0000       4.50000       1.12820     -0.133230E-03   4.43578    
   37.5000       5.00000       1.12850      0.588000E-05   4.99980    
   37.5000       4.50000       1.12853     -0.497100E-04   4.43554    
   36.2500       4.50000       1.12861      0.670000E-06   4.43552    
   36.2500       5.00000       1.12857      0.338300E-04   4.99982    
   36.2500       6.25000       1.12858      0.108660E-03   6.41050    
   37.5000       6.25000       1.12852      0.124230E-03   6.41040    
   37.5000       7.50000       1.12383      0.169350E-03   7.81930    
   36.2500       7.50000       1.12385      0.198690E-03   7.81943    
   40.0000       6.25000       1.12828     -0.119630E-03   6.41008    
   38.7500       6.25000       1.12842      0.120340E-03   6.41025    
   40.0000       7.50000       1.12385     -0.795480E-03   7.81852    
   38.7500       7.50000       1.12385      0.593000E-04   7.81901    
   40.0000       10.0000      0.230095E-01  0.560648E-02   9.99973    
   38.7500       10.0000      0.249565E-01 -0.676000E-05   10.0009    
   38.7500       8.75000       1.03389      0.160438E-02   9.19991    
   40.0000       8.75000       1.03556      0.593110E-03   9.19891    
   37.5000       10.0000      0.250893E-01 -0.930000E-06   10.0009    
   37.5000       8.75000       1.03321      0.234629E-02   9.20009    
   36.2500       8.75000       1.03320      0.262924E-02   9.20011    
   36.2500       10.0000      0.251214E-01  0.680000E-06   10.0009    
