   0.00000       0.00000       1.00000       0.00000      0.394568    
  0.625000       0.00000       0.00000       0.00000     -0.174296    
  0.625000      0.250000       1.09614      0.715009E-01 -0.520029E-01
   0.00000      0.250000       1.00000       0.00000      0.747623E-01
   1.25000       0.00000       0.00000       0.00000     -0.936080E-01
   1.25000      0.250000      0.823959     -0.304407E-02 -0.960166E-01
   1.25000      0.500000       1.06244      0.387931E-01 -0.971614E-01
  0.625000      0.500000       1.09137      0.978501E-01 -0.844671E-01
   0.00000      0.500000       1.00000       0.00000     -0.239927E-01
   2.50000       0.00000       0.00000       0.00000     -0.336583E-01
   2.50000      0.250000      0.691132     -0.179134E-02 -0.311283E-01
   1.87500      0.250000      0.755278     -0.565280E-03 -0.662457E-01
   1.87500       0.00000       0.00000       0.00000     -0.638372E-01
   2.50000      0.500000      0.882533      0.381099E-02 -0.324020E-01
   1.87500      0.500000      0.951461      0.586179E-02 -0.648018E-01
   2.50000       1.00000      0.905333     -0.381250E-01 -0.479375E-01
   1.87500       1.00000      0.957474     -0.890152E-02 -0.714549E-01
   1.87500      0.750000      0.963796      0.225190E-02 -0.686919E-01
   2.50000      0.750000      0.901378     -0.737233E-02 -0.405343E-01
   1.25000       1.00000      0.996198      0.337801E-01 -0.862228E-01
   1.25000      0.750000       1.02480      0.471744E-01 -0.871366E-01
   0.00000       1.00000       1.00000       0.00000     -0.898037E-01
   0.00000      0.750000       1.00000       0.00000     -0.547195E-01
  0.625000      0.750000       1.01749      0.576219E-01 -0.837533E-01
  0.625000       1.00000      0.996057      0.318982E-01 -0.891424E-01
  0.625000       1.50000      0.986552      0.288198E-01 -0.103427    
   0.00000       1.50000       1.00000       0.00000     -0.117268    
   1.25000       1.50000      0.974685      0.501120E-01 -0.964880E-01
   1.25000       2.00000      0.971310      0.520764E-01 -0.110856    
  0.625000       2.00000      0.983725      0.254865E-01 -0.123742    
   0.00000       2.00000       1.00000       0.00000     -0.139254    
   2.50000       1.50000      0.912292      0.509431E-01 -0.624376E-01
   1.87500       1.50000      0.949573      0.427882E-01 -0.817201E-01
   2.50000       2.00000      0.933925      0.630709E-01 -0.873597E-01
   1.87500       2.00000      0.954170      0.531795E-01 -0.984825E-01
   2.50000       3.00000      0.950291      0.527758E-01 -0.125204    
   1.87500       3.00000      0.959372      0.469416E-01 -0.129782    
   1.87500       2.50000      0.956476      0.524365E-01 -0.116246    
   2.50000       2.50000      0.943432      0.613307E-01 -0.110258    
   1.25000       3.00000      0.970210      0.430551E-01 -0.138954    
   1.25000       2.50000      0.969960      0.485535E-01 -0.125781    
   0.00000       3.00000       1.00000       0.00000     -0.169543    
   0.00000       2.50000       1.00000       0.00000     -0.155709    
  0.625000       2.50000      0.982973      0.216386E-01 -0.139051    
  0.625000       3.00000      0.982846      0.180929E-01 -0.152310    
  0.625000       3.50000      0.982787      0.146694E-01 -0.163244    
   0.00000       3.50000       1.00000       0.00000     -0.180579    
   1.25000       3.50000      0.970550      0.362162E-01 -0.149953    
   1.25000       4.00000      0.970676      0.285359E-01 -0.158305    
  0.625000       4.00000      0.982721      0.112844E-01 -0.171818    
   0.00000       4.00000       1.00000       0.00000     -0.189172    
   2.50000       3.50000      0.953747      0.420725E-01 -0.136705    
   1.87500       3.50000      0.961249      0.391580E-01 -0.140780    
   2.50000       4.00000      0.954734      0.311226E-01 -0.144322    
   1.87500       4.00000      0.962041      0.303567E-01 -0.149163    
   2.50000       5.00000      0.952851      0.115186E-01 -0.150634    
   1.87500       5.00000      0.961520      0.126873E-01 -0.157806    
   1.87500       4.50000      0.962012      0.213750E-01 -0.154387    
   2.50000       4.50000      0.954187      0.208246E-01 -0.148131    
   1.25000       5.00000      0.970402      0.124676E-01 -0.168239    
   1.25000       4.50000      0.970587      0.205040E-01 -0.164316    
   0.00000       5.00000       1.00000       0.00000     -0.199270    
   0.00000       4.50000       1.00000       0.00000     -0.195365    
  0.625000       4.50000      0.982646      0.795348E-02 -0.177993    
  0.625000       5.00000      0.982586      0.468230E-02 -0.181845    
  0.625000       5.50000      0.982573      0.143125E-02 -0.183488    
   0.00000       5.50000       1.00000       0.00000     -0.200853    
   1.25000       5.50000      0.970279      0.462317E-02 -0.169762    
   1.25000       6.00000      0.970435     -0.296814E-02 -0.169441    
  0.625000       6.00000      0.982656     -0.190464E-02 -0.182759    
   0.00000       6.00000       1.00000       0.00000     -0.200067    
   2.50000       5.50000      0.951268      0.328036E-02 -0.151860    
   1.87500       5.50000      0.960909      0.453530E-02 -0.159329    
   2.50000       6.00000      0.949807     -0.389729E-02 -0.151080    
   1.87500       6.00000      0.960493     -0.296187E-02 -0.158950    
   2.50000       7.00000      0.947948     -0.150046E-01 -0.146767    
   1.87500       7.00000      0.961034     -0.154367E-01 -0.154188    
   1.87500       6.50000      0.960516     -0.968712E-02 -0.157243    
   2.50000       6.50000      0.948685     -0.100100E-01 -0.149185    
   1.25000       7.00000      0.973127     -0.168945E-01 -0.162517    
   1.25000       6.50000      0.971254     -0.103256E-01 -0.167257    
   0.00000       7.00000       1.00000       0.00000     -0.187840    
   0.00000       6.50000       1.00000       0.00000     -0.196924    
  0.625000       6.50000      0.983053     -0.550420E-02 -0.179752    
  0.625000       7.00000      0.985008     -0.100843E-01 -0.174032    
  0.625000       7.75000      0.987916     -0.121880E-01 -0.163857    
   0.00000       7.75000       1.00000       0.00000     -0.174546    
   1.25000       7.75000      0.977780     -0.167285E-01 -0.155286    
   1.25000       8.50000      0.987934     -0.170434E-01 -0.146367    
  0.625000       8.50000      0.994385     -0.173023E-01 -0.146784    
   0.00000       8.50000       1.00000       0.00000     -0.157153    
   2.50000       7.75000      0.948908     -0.129453E-01 -0.141079    
   1.87500       7.75000      0.964185     -0.142427E-01 -0.146958    
   2.50000       8.50000      0.955625     -0.841377E-02 -0.136012    
   1.87500       8.50000      0.973849     -0.968609E-02 -0.139434    
   2.50000       10.0000       0.00000       0.00000     -0.134247    
   1.87500       10.0000       0.00000       0.00000     -0.130184    
   1.87500       9.25000      0.958622     -0.387447E-02 -0.135873    
   2.50000       9.25000      0.942602     -0.130002E-02 -0.133690    
   1.25000       10.0000       0.00000       0.00000     -0.139445    
   1.25000       9.25000      0.989802      0.291993E-02 -0.131232    
   0.00000       10.0000       0.00000       0.00000     -0.513332E-01
   0.00000       9.25000       1.00000       0.00000     -0.132093    
  0.625000       9.25000       1.03930     -0.284301E-01 -0.121499    
  0.625000       10.0000       0.00000       0.00000     -0.129713    
   3.12500       7.00000      0.934082     -0.162880E-01 -0.140117    
   3.12500       7.75000      0.932857     -0.131722E-01 -0.135915    
   3.75000       7.00000      0.919250     -0.192857E-01 -0.134262    
   3.75000       7.75000      0.916066     -0.150183E-01 -0.129471    
   3.75000       8.50000      0.919731     -0.901122E-02 -0.126889    
   3.12500       8.50000      0.938022     -0.826477E-02 -0.131808    
   5.00000       7.00000      0.885545     -0.319014E-01 -0.122024    
   5.00000       7.75000      0.878416     -0.221366E-01 -0.116159    
   4.37500       7.75000      0.898077     -0.180656E-01 -0.123055    
   4.37500       7.00000      0.903178     -0.241067E-01 -0.128428    
   5.00000       8.50000      0.880288     -0.119912E-01 -0.113595    
   4.37500       8.50000      0.900710     -0.103988E-01 -0.120106    
   5.00000       10.0000       0.00000       0.00000     -0.119525    
   4.37500       10.0000       0.00000       0.00000     -0.121095    
   4.37500       9.25000      0.888202     -0.261205E-02 -0.120128    
   5.00000       9.25000      0.867945     -0.186452E-02 -0.114674    
   3.75000       10.0000       0.00000       0.00000     -0.126322    
   3.75000       9.25000      0.907181     -0.241924E-02 -0.125562    
   3.12500       9.25000      0.925591     -0.241106E-02 -0.130064    
   3.12500       10.0000       0.00000       0.00000     -0.130824    
   3.12500       5.00000      0.944533      0.858009E-02 -0.146363    
   3.12500       5.50000      0.941406      0.350910E-03 -0.146069    
   3.75000       5.00000      0.936304      0.300041E-02 -0.145537    
   3.75000       5.50000      0.931109     -0.479051E-02 -0.142241    
   3.75000       6.00000      0.926518     -0.109363E-01 -0.139779    
   3.12500       6.00000      0.938518     -0.644394E-02 -0.145070    
   5.00000       5.00000      0.915953     -0.180983E-01 -0.144753    
   5.00000       5.50000      0.906725     -0.222423E-01 -0.138675    
   4.37500       5.50000      0.919821     -0.124348E-01 -0.140208    
   4.37500       5.00000      0.927278     -0.593869E-02 -0.144745    
   5.00000       6.00000      0.899204     -0.257566E-01 -0.133618    
   4.37500       6.00000      0.913521     -0.174998E-01 -0.136028    
   4.37500       6.50000      0.908104     -0.213914E-01 -0.131707    
   5.00000       6.50000      0.892658     -0.289885E-01 -0.128938    
   3.75000       6.50000      0.922565     -0.157198E-01 -0.136988    
   3.12500       6.50000      0.936049     -0.119722E-01 -0.142842    
   3.12500       3.00000      0.946519      0.614371E-01 -0.127141    
   3.12500       3.50000      0.950058      0.448830E-01 -0.137327    
   3.75000       3.00000      0.952554      0.683381E-01 -0.143407    
   3.75000       3.50000      0.951946      0.439100E-01 -0.144434    
   3.75000       4.00000      0.947546      0.261389E-01 -0.146453    
   3.12500       4.00000      0.949764      0.305247E-01 -0.144316    
   5.00000       3.00000      0.992496      0.229763E-01 -0.201327    
   5.00000       3.50000      0.963883      0.516745E-02 -0.178105    
   4.37500       3.50000      0.958703      0.323174E-01 -0.163734    
   4.37500       3.00000      0.970817      0.602648E-01 -0.172722    
   5.00000       4.00000      0.943115     -0.563373E-02 -0.163026    
   4.37500       4.00000      0.946711      0.146226E-01 -0.156095    
   4.37500       4.50000      0.936178      0.265701E-02 -0.147945    
   5.00000       4.50000      0.927704     -0.128448E-01 -0.151352    
   3.75000       4.50000      0.941944      0.129957E-01 -0.145936    
   3.12500       4.50000      0.947538      0.185217E-01 -0.146762    
   3.12500       1.00000      0.849149     -0.699706E-01 -0.181322E-01
   3.12500       1.50000      0.871410      0.903802E-01 -0.541313E-01
   3.75000       1.00000      0.782753     -0.115396      0.276725E-01
   3.75000       1.50000      0.833201      0.189574     -0.406732E-01
   3.75000       2.00000      0.920025      0.138075     -0.101894    
   3.12500       2.00000      0.918450      0.892749E-01 -0.827338E-01
   5.00000       1.00000       0.00000       0.00000      -1.72368    
   5.00000       1.50000       1.11480      0.173954     -0.495251    
   4.37500       1.50000      0.830674      0.368874     -0.108612    
   4.37500       1.00000      0.671856     -0.145397      0.647358E-01
   5.00000       2.00000       1.07298      0.115184     -0.315805    
   4.37500       2.00000      0.960051      0.201954     -0.197123    
   4.37500       2.50000      0.978167      0.108152     -0.162237    
   5.00000       2.50000       1.03127      0.554452E-01 -0.220739    
   3.75000       2.50000      0.944375      0.100741     -0.127651    
   3.12500       2.50000      0.936414      0.784929E-01 -0.111384    
   3.12500       0.00000       0.00000       0.00000      0.145704E-01
   3.12500      0.250000      0.614020      0.528977E-02  0.176948E-01
   3.75000       0.00000       0.00000       0.00000      0.862893E-01
   3.75000      0.250000      0.492738      0.213467E-01  0.933533E-01
   3.75000      0.500000      0.680487      0.560032E-01  0.766983E-01
   3.12500      0.500000      0.800960      0.175380E-01  0.150158E-01
   5.00000       0.00000       0.00000       0.00000      0.235806    
   5.00000      0.250000       0.00000       0.00000      0.265014    
   4.37500      0.250000      0.278045      0.450123E-01  0.187381    
   4.37500       0.00000       0.00000       0.00000      0.180317    
   5.00000      0.500000       0.00000       0.00000      0.270865    
   4.37500      0.500000      0.448693      0.127877      0.196871    
   4.37500      0.750000      0.539813      0.134005      0.117530    
   5.00000      0.750000       0.00000       0.00000      0.191524    
   3.75000      0.750000      0.732678      0.414905E-01  0.494795E-01
   3.12500      0.750000      0.831186      0.168216E-02  0.367474E-02
   5.25000       1.00000       0.00000       0.00000     -0.808067    
   5.25000       1.50000       1.58136      0.418804     -0.569271    
   5.50000       1.00000       0.00000       0.00000     -0.876587    
   5.50000       1.50000       1.42790     -0.265961E-01 -0.654533    
   5.50000       2.00000       1.13282     -0.205925E-01 -0.334482    
   5.25000       2.00000       1.19383      0.123486     -0.330693    
   6.00000       1.00000       0.00000       0.00000     -0.746834    
   6.00000       1.50000       1.17689     -0.326038     -0.488180    
   5.75000       1.50000       1.34609     -0.123721     -0.579551    
   5.75000       1.00000       0.00000       0.00000     -0.801604    
   6.00000       2.00000       1.07056     -0.151932     -0.297950    
   5.75000       2.00000       1.13571     -0.522762E-01 -0.318702    
   6.00000       3.00000      0.932010     -0.636055E-01 -0.164285    
   5.75000       3.00000      0.958193     -0.385046E-01 -0.178253    
   5.75000       2.50000       1.02394     -0.427915E-01 -0.229446    
   6.00000       2.50000      0.987036     -0.902969E-01 -0.210477    
   5.50000       3.00000      0.973766     -0.165068E-01 -0.188882    
   5.50000       2.50000       1.03124     -0.123295E-01 -0.236404    
   5.25000       2.50000       1.05243      0.402447E-01 -0.241029    
   5.25000       3.00000      0.989028      0.102400E-01 -0.195529    
   5.25000       3.50000      0.952571     -0.444801E-02 -0.169194    
   5.50000       3.50000      0.936492     -0.209434E-01 -0.159113    
   5.50000       4.00000      0.911439     -0.240834E-01 -0.141779    
   5.25000       4.00000      0.928539     -0.129823E-01 -0.152642    
   6.00000       3.50000      0.896227     -0.509733E-01 -0.136151    
   5.75000       3.50000      0.918458     -0.356783E-01 -0.148485    
   6.00000       4.00000      0.872203     -0.444732E-01 -0.118399    
   5.75000       4.00000      0.892869     -0.341933E-01 -0.130691    
   6.00000       5.00000      0.843062     -0.393744E-01 -0.978379E-01
   5.75000       5.00000      0.862449     -0.339314E-01 -0.109703    
   5.75000       4.50000      0.875241     -0.337042E-01 -0.118347    
   6.00000       4.50000      0.855356     -0.410321E-01 -0.106425    
   5.50000       5.00000      0.881036     -0.285063E-01 -0.121442    
   5.50000       4.50000      0.893882     -0.264526E-01 -0.129843    
   5.25000       4.50000      0.911550     -0.185723E-01 -0.141256    
   5.25000       5.00000      0.898974     -0.226671E-01 -0.133002    
   5.25000       5.50000      0.889291     -0.259911E-01 -0.126737    
   5.50000       5.50000      0.871252     -0.305020E-01 -0.114856    
   5.50000       6.00000      0.863471     -0.326072E-01 -0.109782    
   5.25000       6.00000      0.881495     -0.289315E-01 -0.121518    
   6.00000       5.50000      0.833766     -0.389125E-01 -0.914259E-01
   5.75000       5.50000      0.852773     -0.347214E-01 -0.103116    
   6.00000       6.00000      0.826492     -0.393689E-01 -0.865783E-01
   5.75000       6.00000      0.845156     -0.360231E-01 -0.980816E-01
   6.00000       7.00000      0.815754     -0.427832E-01 -0.799954E-01
   5.75000       7.00000      0.833664     -0.405372E-01 -0.896714E-01
   5.75000       6.50000      0.838880     -0.378887E-01 -0.941340E-01
   6.00000       6.50000      0.820592     -0.406525E-01 -0.829331E-01
   5.50000       7.00000      0.851226     -0.380424E-01 -0.100239    
   5.50000       6.50000      0.856918     -0.349808E-01 -0.105538    
   5.25000       6.50000      0.874822     -0.317535E-01 -0.116928    
   5.25000       7.00000      0.868600     -0.351461E-01 -0.111138    
   5.25000       7.75000      0.862407     -0.236941E-01 -0.106039    
   5.50000       7.75000      0.845589     -0.252120E-01 -0.958915E-01
   5.50000       8.50000      0.847843     -0.133266E-01 -0.942317E-01
   5.25000       8.50000      0.864726     -0.131635E-01 -0.104053    
   6.00000       7.75000      0.811243     -0.282653E-01 -0.751263E-01
   5.75000       7.75000      0.828609     -0.268862E-01 -0.853244E-01
   6.00000       8.50000      0.813681     -0.148375E-01 -0.739480E-01
   5.75000       8.50000      0.830944     -0.142724E-01 -0.839483E-01
   6.00000       10.0000       0.00000       0.00000     -0.781405E-01
   5.75000       10.0000       0.00000       0.00000     -0.882902E-01
   5.75000       9.25000      0.821317     -0.203204E-02 -0.848209E-01
   6.00000       9.25000      0.804112     -0.199752E-02 -0.750932E-01
   5.50000       10.0000       0.00000       0.00000     -0.978490E-01
   5.50000       9.25000      0.838111     -0.182926E-02 -0.950233E-01
   5.25000       9.25000      0.854242     -0.312729E-02 -0.105054    
   5.25000       10.0000       0.00000       0.00000     -0.107880    
   6.25000       7.00000      0.797655     -0.448567E-01 -0.693183E-01
   6.25000       7.75000      0.793666     -0.296209E-01 -0.651172E-01
   6.50000       7.00000      0.779313     -0.466795E-01 -0.585933E-01
   6.50000       7.75000      0.775845     -0.307944E-01 -0.550748E-01
   6.50000       8.50000      0.778616     -0.161923E-01 -0.544156E-01
   6.25000       8.50000      0.796251     -0.155837E-01 -0.641151E-01
   7.00000       7.00000      0.742024     -0.496429E-01 -0.368411E-01
   7.00000       7.75000      0.739709     -0.327377E-01 -0.351473E-01
   6.75000       7.75000      0.757855     -0.318498E-01 -0.449044E-01
   6.75000       7.00000      0.760765     -0.482839E-01 -0.482038E-01
   7.00000       8.50000      0.742935     -0.173002E-01 -0.351498E-01
   6.75000       8.50000      0.760840     -0.167897E-01 -0.446694E-01
   7.00000       10.0000       0.00000       0.00000     -0.399121E-01
   6.75000       10.0000       0.00000       0.00000     -0.492401E-01
   6.75000       9.25000      0.752094     -0.283702E-02 -0.461501E-01
   7.00000       9.25000      0.734575     -0.305152E-02 -0.367624E-01
   6.50000       10.0000       0.00000       0.00000     -0.586994E-01
   6.50000       9.25000      0.769507     -0.257622E-02 -0.556352E-01
   6.25000       9.25000      0.786838     -0.233453E-02 -0.652704E-01
   6.25000       10.0000       0.00000       0.00000     -0.683346E-01
   6.25000       5.00000      0.822954     -0.444746E-01 -0.859361E-01
   6.25000       5.50000      0.814268     -0.428440E-01 -0.799073E-01
   6.50000       5.00000      0.802165     -0.491689E-01 -0.736598E-01
   6.50000       5.50000      0.794298     -0.464769E-01 -0.683004E-01
   6.50000       6.00000      0.788143     -0.453604E-01 -0.641166E-01
   6.25000       6.00000      0.807488     -0.424900E-01 -0.751925E-01
   7.00000       5.00000      0.758937     -0.568544E-01 -0.496630E-01
   7.00000       5.50000      0.753146     -0.525179E-01 -0.451347E-01
   6.75000       5.50000      0.773905     -0.497184E-01 -0.565343E-01
   6.75000       5.00000      0.780790     -0.533184E-01 -0.616001E-01
   7.00000       6.00000      0.748546     -0.501355E-01 -0.418205E-01
   6.75000       6.00000      0.768486     -0.479208E-01 -0.528027E-01
   6.75000       6.50000      0.764184     -0.475239E-01 -0.502545E-01
   7.00000       6.50000      0.744900     -0.492696E-01 -0.396697E-01
   6.50000       6.50000      0.783240     -0.454893E-01 -0.610025E-01
   6.25000       6.50000      0.802052     -0.431905E-01 -0.717276E-01
   6.25000       3.00000      0.903908     -0.825681E-01 -0.148892    
   6.25000       3.50000      0.871778     -0.643165E-01 -0.122755    
   6.50000       3.00000      0.869847     -0.100153     -0.127754    
   6.50000       3.50000      0.844410     -0.761753E-01 -0.107726    
   6.50000       4.00000      0.826000     -0.623120E-01 -0.923735E-01
   6.25000       4.00000      0.849914     -0.538859E-01 -0.105354    
   7.00000       3.00000      0.797223     -0.119659     -0.889884E-01
   7.00000       3.50000      0.785659     -0.922002E-01 -0.746718E-01
   6.75000       3.50000      0.815612     -0.853439E-01 -0.903526E-01
   6.75000       3.00000      0.834372     -0.111655     -0.107765    
   7.00000       4.00000      0.775068     -0.749290E-01 -0.638627E-01
   6.75000       4.00000      0.800959     -0.693453E-01 -0.778749E-01
   6.75000       4.50000      0.789605     -0.594358E-01 -0.689624E-01
   7.00000       4.50000      0.766169     -0.638947E-01 -0.562160E-01
   6.50000       4.50000      0.812406     -0.540576E-01 -0.816594E-01
   6.25000       4.50000      0.834389     -0.478518E-01 -0.939357E-01
   6.25000       1.00000      0.465731     -0.206176     -0.711193    
   6.25000       1.50000       1.05814     -0.341701     -0.424353    
   6.50000       1.00000      0.732113     -0.625104     -0.583004    
   6.50000       1.50000      0.908516     -0.390105     -0.347085    
   6.50000       2.00000      0.940673     -0.230024     -0.223716    
   6.25000       2.00000       1.01993     -0.184280     -0.255945    
   7.00000       1.00000      0.591925     -0.462043     -0.146557    
   7.00000       1.50000      0.721168     -0.344874     -0.151868    
   6.75000       1.50000      0.797158     -0.372028     -0.191444    
   6.75000       1.00000      0.678678     -0.637670     -0.278003    
   7.00000       2.00000      0.797264     -0.232851     -0.130256    
   6.75000       2.00000      0.865599     -0.234079     -0.168815    
   6.75000       2.50000      0.856854     -0.156205     -0.139464    
   7.00000       2.50000      0.806465     -0.163928     -0.111712    
   6.50000       2.50000      0.904922     -0.143925     -0.165648    
   6.25000       2.50000      0.952515     -0.115894     -0.186787    
   6.00000       0.00000       0.00000       0.00000     -0.325640    
   6.25000       0.00000       0.00000       0.00000     -0.304898    
   6.25000      0.250000     -0.974521E-01  0.153932E-01 -0.321660    
   6.00000      0.250000       0.00000       0.00000     -0.320262    
   6.50000       0.00000       0.00000       0.00000     -0.229997    
   6.50000      0.250000     -0.900719E-01 -0.734564E-01 -0.248447    
   6.50000      0.500000     -0.150888     -0.206701     -0.341833    
   6.25000      0.500000     -0.152421      0.815670E-01 -0.428165    
   6.00000      0.500000       0.00000       0.00000     -0.402194    
   7.00001       0.00000       0.00000       0.00000     -0.592786E-01
   7.00001      0.250000      0.159209     -0.117089     -0.678338E-01
   6.75000      0.250000      0.268312E-01 -0.125918     -0.150940    
   6.75001       0.00000       0.00000       0.00000     -0.132490    
   7.00000      0.500000      0.241619     -0.295419     -0.846579E-01
   6.75000      0.500000      0.546314E-01 -0.358839     -0.190739    
   6.75000      0.750000      0.300940     -0.607013     -0.232544    
   7.00000      0.750000      0.398792     -0.443767     -0.108645    
   6.50000      0.750000      0.123764     -0.424710     -0.545393    
   6.00000      0.750000       0.00000       0.00000     -0.583527    
   6.25000      0.750000      0.489410E-02  0.123053     -0.673582    
   7.25001       0.00000       0.00000       0.00000     -0.203131E-01
   7.25001      0.250000      0.257689     -0.886791E-01 -0.253876E-01
   7.50001       0.00000       0.00000       0.00000     -0.154066E-02
   7.50001      0.250000      0.318956     -0.664331E-01 -0.573542E-02
   7.50001      0.500000      0.406446     -0.152878     -0.152460E-01
   7.25000      0.500000      0.347818     -0.209844     -0.403459E-01
   8.00002       0.00000       0.00000       0.00000      0.171452E-01
   8.00001      0.250000      0.369577     -0.437946E-01  0.151116E-01
   7.75001      0.250000      0.353095     -0.523795E-01  0.582798E-02
   7.75001       0.00000       0.00000       0.00000      0.100227E-01
   8.00001      0.500000      0.456515     -0.939790E-01  0.873803E-02
   7.75001      0.500000      0.439506     -0.116984     -0.306943E-02
   8.00000       1.00000      0.513052     -0.175483     -0.902231E-02
   7.75000       1.00000      0.520293     -0.212506     -0.242415E-01
   7.75000      0.750000      0.477216     -0.172893     -0.133820E-01
   8.00000      0.750000      0.482994     -0.139538      0.110639E-02
   7.50000       1.00000      0.528578     -0.265255     -0.510965E-01
   7.50000      0.750000      0.463720     -0.223565     -0.307433E-01
   7.25000      0.750000      0.440415     -0.304927     -0.630836E-01
   7.25000       1.00000      0.545657     -0.341359     -0.871374E-01
   7.25000       1.50000      0.670072     -0.292644     -0.108481    
   7.50000       1.50000      0.630008     -0.248565     -0.675221E-01
   7.50000       2.00000      0.692260     -0.202788     -0.696516E-01
   7.25000       2.00000      0.740606     -0.220212     -0.957702E-01
   8.00000       1.50000      0.572766     -0.181302     -0.184611E-01
   7.75000       1.50000      0.598206     -0.211718     -0.406671E-01
   8.00000       2.00000      0.619051     -0.164173     -0.227535E-01
   7.75000       2.00000      0.652310     -0.183066     -0.430446E-01
   8.00000       3.00000      0.661878     -0.116564     -0.195911E-01
   7.75000       3.00000      0.692884     -0.120707     -0.356253E-01
   7.75000       2.50000      0.680767     -0.149373     -0.415680E-01
   8.00000       2.50000      0.647277     -0.139705     -0.229972E-01
   7.50000       3.00000      0.725938     -0.123138     -0.515887E-01
   7.50000       2.50000      0.718282     -0.157644     -0.622885E-01
   7.25000       2.50000      0.760237     -0.162742     -0.827308E-01
   7.25000       3.00000      0.760956     -0.122908     -0.697921E-01
   7.25000       3.50000      0.755537     -0.964730E-01 -0.598597E-01
   7.50000       3.50000      0.725647     -0.986124E-01 -0.443738E-01
   7.50000       4.00000      0.722351     -0.815943E-01 -0.369173E-01
   7.25000       4.00000      0.748766     -0.789793E-01 -0.499445E-01
   8.00000       3.50000      0.668281     -0.976204E-01 -0.144760E-01
   7.75000       3.50000      0.696494     -0.988487E-01 -0.284105E-01
   8.00000       4.00000      0.670277     -0.830630E-01 -0.102723E-01
   7.75000       4.00000      0.696125     -0.828913E-01 -0.230350E-01
   8.00000       5.00000      0.669069     -0.643603E-01 -0.382474E-02
   7.75000       5.00000      0.691689     -0.634559E-01 -0.149783E-01
   7.75000       4.50000      0.694133     -0.714799E-01 -0.188132E-01
   8.00000       4.50000      0.670119     -0.722333E-01 -0.693920E-02
   7.50000       5.00000      0.714273     -0.619247E-01 -0.261185E-01
   7.50000       4.50000      0.718247     -0.698895E-01 -0.310098E-01
   7.25000       4.50000      0.742319     -0.673760E-01 -0.430608E-01
   7.25000       5.00000      0.736727     -0.597277E-01 -0.377964E-01
   7.25000       5.50000      0.732091     -0.548365E-01 -0.341006E-01
   7.50000       5.50000      0.710808     -0.566553E-01 -0.230096E-01
   7.50000       6.00000      0.707976     -0.534210E-01 -0.205853E-01
   7.25000       6.00000      0.728363     -0.519756E-01 -0.310054E-01
   8.00000       5.50000      0.667819     -0.588015E-01 -0.127627E-02
   7.75000       5.50000      0.689364     -0.579728E-01 -0.118694E-01
   8.00000       6.00000      0.666751     -0.551019E-01  0.230650E-03
   7.75000       6.00000      0.687427     -0.544636E-01 -0.996095E-02
   8.00000       7.00000      0.665721     -0.523722E-01  0.833810E-03
   7.75000       7.00000      0.684940     -0.521349E-01 -0.750822E-02
   7.75000       6.50000      0.685965     -0.525853E-01 -0.901308E-02
   8.00000       6.50000      0.666045     -0.529965E-01  0.795690E-03
   7.50000       7.00000      0.704083     -0.515877E-01 -0.169338E-01
   7.50000       6.50000      0.705763     -0.518175E-01 -0.190328E-01
   7.25000       6.50000      0.725417     -0.507067E-01 -0.290802E-01
   7.25000       7.00000      0.723121     -0.507504E-01 -0.267915E-01
   7.25000       7.75000      0.721444     -0.334652E-01 -0.256693E-01
   7.50000       7.75000      0.703091     -0.340160E-01 -0.162588E-01
   7.50000       8.50000      0.706854     -0.180983E-01 -0.166851E-01
   7.25000       8.50000      0.724932     -0.177412E-01 -0.257982E-01
   8.00000       7.75000      0.666268     -0.345506E-01  0.206595E-02
   7.75000       7.75000      0.684685     -0.343817E-01 -0.683329E-02
   8.00000       8.50000      0.670603     -0.185738E-01  0.106045E-02
   7.75000       8.50000      0.688734     -0.183753E-01 -0.767113E-02
   8.00000       10.0000       0.00000       0.00000     -0.400446E-02
   7.75000       10.0000       0.00000       0.00000     -0.127575E-01
   7.75000       9.25000      0.681476     -0.358849E-02 -0.953040E-02
   8.00000       9.25000      0.663644     -0.375715E-02 -0.805100E-03
   7.50000       10.0000       0.00000       0.00000     -0.216481E-01
   7.50000       9.25000      0.699253     -0.342482E-02 -0.183805E-01
   7.25000       9.25000      0.716958     -0.324871E-02 -0.274413E-01
   7.25000       10.0000       0.00000       0.00000     -0.307089E-01
   8.25000       7.00000      0.646457     -0.522653E-01  0.100122E-01
   8.25000       7.75000      0.647888     -0.345125E-01  0.106384E-01
   8.50000       7.00000      0.627178     -0.517520E-01  0.191849E-01
   8.50000       7.75000      0.629598     -0.342612E-01  0.189628E-01
   8.50000       8.50000      0.634465     -0.187644E-01  0.177878E-01
   8.25000       8.50000      0.652499     -0.187014E-01  0.954083E-02
   9.00000       7.00000      0.588758     -0.482818E-01  0.381545E-01
   9.00000       7.75000      0.593322     -0.330530E-01  0.362673E-01
   8.75000       7.75000      0.611445     -0.337915E-01  0.272668E-01
   8.75000       7.00000      0.607921     -0.506569E-01  0.279046E-01
   9.00000       8.50000      0.598658     -0.186571E-01  0.346874E-01
   8.75000       8.50000      0.616533     -0.187630E-01  0.256818E-01
   9.00000       10.0000       0.00000       0.00000      0.328100E-01
   8.75000       10.0000       0.00000       0.00000      0.213948E-01
   8.75000       9.25000      0.610218     -0.468005E-02  0.241045E-01
   9.00000       9.25000      0.592798     -0.538242E-02  0.332514E-01
   8.50000       10.0000       0.00000       0.00000      0.130271E-01
   8.50000       9.25000      0.627950     -0.423837E-02  0.162022E-01
   8.25000       9.25000      0.645788     -0.395731E-02  0.778560E-02
   8.25000       10.0000       0.00000       0.00000      0.461054E-02
   8.25000       5.00000      0.646494     -0.646917E-01  0.701614E-02
   8.25000       5.50000      0.646225     -0.591714E-01  0.887188E-02
   8.50000       5.00000      0.624022     -0.645195E-01  0.177298E-01
   8.50000       5.50000      0.624622     -0.591248E-01  0.189355E-01
   8.50000       6.00000      0.625115     -0.552203E-01  0.197291E-01
   8.25000       6.00000      0.645974     -0.553469E-01  0.101815E-01
   9.00000       5.00000      0.579579     -0.631299E-01  0.395827E-01
   9.00000       5.50000      0.581540     -0.581155E-01  0.402956E-01
   8.75000       5.50000      0.603044     -0.587250E-01  0.288388E-01
   8.75000       5.00000      0.601701     -0.639343E-01  0.277963E-01
   9.00000       6.00000      0.583251     -0.540887E-01  0.404954E-01
   8.75000       6.00000      0.604188     -0.547678E-01  0.293310E-01
   8.75000       6.50000      0.605584     -0.519501E-01  0.289602E-01
   9.00000       6.50000      0.585277     -0.508432E-01  0.400076E-01
   8.50000       6.50000      0.625868     -0.526917E-01  0.197416E-01
   8.25000       6.50000      0.646015     -0.530367E-01  0.105689E-01
   8.25000       3.00000      0.632891     -0.111297     -0.476294E-02
   8.25000       3.50000      0.641142     -0.952706E-01 -0.171633E-02
   8.50000       3.00000      0.605742     -0.105424      0.926591E-02
   8.50000       3.50000      0.615092     -0.921406E-01  0.108295E-01
   8.50000       4.00000      0.620214     -0.808051E-01  0.132463E-01
   8.25000       4.00000      0.644949     -0.823003E-01  0.193708E-02
   9.00000       3.00000      0.556014     -0.933550E-01  0.353511E-01
   9.00000       3.50000      0.566030     -0.847861E-01  0.361004E-01
   8.75000       3.50000      0.590086     -0.885236E-01  0.228925E-01
   8.75000       3.00000      0.580206     -0.993253E-01  0.215964E-01
   9.00000       4.00000      0.572603     -0.765495E-01  0.372728E-01
   8.75000       4.00000      0.596100     -0.787835E-01  0.245722E-01
   8.75000       4.50000      0.599629     -0.705743E-01  0.261080E-01
   9.00000       4.50000      0.576824     -0.692662E-01  0.381039E-01
   8.50000       4.50000      0.622806     -0.716537E-01  0.155589E-01
   8.25000       4.50000      0.646318     -0.722515E-01  0.484526E-02
   8.25000       1.00000      0.504454     -0.148510      0.594351E-02
   8.25000       1.50000      0.551200     -0.156433     -0.648250E-03
   8.50000       1.00000      0.493840     -0.127827      0.186851E-01
   8.50000       1.50000      0.531865     -0.135949      0.144248E-01
   8.50000       2.00000      0.565429     -0.131350      0.953467E-02
   8.25000       2.00000      0.590560     -0.146855     -0.539176E-02
   9.00000       1.00000      0.467335     -0.924422E-01  0.475161E-01
   9.00000       1.50000      0.496526     -0.103130      0.408934E-01
   8.75000       1.50000      0.513873     -0.118655      0.271728E-01
   8.75000       1.00000      0.481268     -0.110542      0.313068E-01
   9.00000       2.00000      0.521492     -0.105225      0.371476E-01
   8.75000       2.00000      0.542680     -0.117591      0.229650E-01
   8.75000       2.50000      0.564841     -0.109882      0.211728E-01
   9.00000       2.50000      0.541416     -0.100930      0.353117E-01
   8.50000       2.50000      0.589923     -0.119473      0.804986E-02
   8.25000       2.50000      0.617209     -0.129528     -0.597898E-02
   8.25001       0.00000       0.00000       0.00000      0.251354E-01
   8.25001      0.250000      0.374598     -0.383177E-01  0.248045E-01
   8.50000       0.00000       0.00000       0.00000      0.337600E-01
   8.50000      0.250000      0.371746     -0.344569E-01  0.338911E-01
   8.50000      0.500000      0.460062     -0.673464E-01  0.308129E-01
   8.25000      0.500000      0.462379     -0.785362E-01  0.195478E-01
   8.99999       0.00000       0.00000       0.00000      0.617426E-01
   8.99999      0.250000      0.349133     -0.265020E-01  0.594699E-01
   8.75000      0.250000      0.362875     -0.312164E-01  0.436682E-01
   8.75000       0.00000       0.00000       0.00000      0.435370E-01
   9.00000      0.500000      0.437880     -0.495549E-01  0.565130E-01
   8.75000      0.500000      0.451435     -0.582485E-01  0.412504E-01
   8.75000      0.750000      0.466188     -0.850626E-01  0.371379E-01
   9.00000      0.750000      0.451912     -0.721053E-01  0.534816E-01
   8.50000      0.750000      0.476501     -0.991134E-01  0.256379E-01
   8.25000      0.750000      0.482387     -0.116346      0.128962E-01
   9.75000       0.00000       0.00000       0.00000      0.585302E-01
   9.75000      0.250000      0.372475     -0.143266E-01  0.592018E-01
   10.5000       0.00000       0.00000       0.00000      0.582210E-01
   10.5000      0.250000      0.374840     -0.123487E-01  0.583066E-01
   10.5000      0.500000      0.463294     -0.246023E-01  0.579227E-01
   9.75000      0.500000      0.459231     -0.309689E-01  0.566922E-01
   12.0000       0.00000       0.00000       0.00000      0.619989E-01
   12.0000      0.250000      0.360631     -0.108787E-01  0.622668E-01
   11.2500      0.250000      0.369690     -0.114191E-01  0.597236E-01
   11.2500       0.00000       0.00000       0.00000      0.596380E-01
   12.0000      0.500000      0.446810     -0.197877E-01  0.623329E-01
   11.2500      0.500000      0.457618     -0.215351E-01  0.596309E-01
   12.0000       1.00000      0.453391     -0.369210E-01  0.621445E-01
   11.2500       1.00000      0.465261     -0.410929E-01  0.601171E-01
   11.2500      0.750000      0.463304     -0.313876E-01  0.594467E-01
   12.0000      0.750000      0.452070     -0.283929E-01  0.623324E-01
   10.5000       1.00000      0.473159     -0.483300E-01  0.565860E-01
   10.5000      0.750000      0.469761     -0.366218E-01  0.570379E-01
   9.75000      0.750000      0.467894     -0.473750E-01  0.547850E-01
   9.75000       1.00000      0.474763     -0.624467E-01  0.531550E-01
   9.75000       1.50000      0.488234     -0.732941E-01  0.507194E-01
   10.5000       1.50000      0.480270     -0.563190E-01  0.555037E-01
   10.5000       2.00000      0.488985     -0.611193E-01  0.539895E-01
   9.75000       2.00000      0.503270     -0.781749E-01  0.471283E-01
   12.0000       1.50000      0.456009     -0.405506E-01  0.629024E-01
   11.2500       1.50000      0.469408     -0.465227E-01  0.590347E-01
   12.0000       2.00000      0.459520     -0.433110E-01  0.626844E-01
   11.2500       2.00000      0.474752     -0.503434E-01  0.584301E-01
   12.0000       3.00000      0.467707     -0.460465E-01  0.622756E-01
   11.2500       3.00000      0.486392     -0.533328E-01  0.575225E-01
   11.2500       2.50000      0.480587     -0.525501E-01  0.580148E-01
   12.0000       2.50000      0.463525     -0.451336E-01  0.625432E-01
   10.5000       3.00000      0.506016     -0.631756E-01  0.518324E-01
   10.5000       2.50000      0.497838     -0.632115E-01  0.527232E-01
   9.75000       2.50000      0.516864     -0.786597E-01  0.455578E-01
   9.75000       3.00000      0.528203     -0.762600E-01  0.448252E-01
   9.75000       3.50000      0.537146     -0.722633E-01  0.443743E-01
   10.5000       3.50000      0.513135     -0.616551E-01  0.514474E-01
   10.5000       4.00000      0.519104     -0.592168E-01  0.512388E-01
   9.75000       4.00000      0.543952     -0.676100E-01  0.449111E-01
   12.0000       3.50000      0.471824     -0.461544E-01  0.619951E-01
   11.2500       3.50000      0.491823     -0.529785E-01  0.571374E-01
   12.0000       4.00000      0.475711     -0.455997E-01  0.617912E-01
   11.2500       4.00000      0.496702     -0.517851E-01  0.568882E-01
   12.0000       5.00000      0.482480     -0.430664E-01  0.613189E-01
   11.2500       5.00000      0.504668     -0.478829E-01  0.564461E-01
   11.2500       4.50000      0.500976     -0.500184E-01  0.566668E-01
   12.0000       4.50000      0.479276     -0.445271E-01  0.615767E-01
   10.5000       5.00000      0.528027     -0.531704E-01  0.512286E-01
   10.5000       4.50000      0.524009     -0.562922E-01  0.511709E-01
   9.75000       4.50000      0.549055     -0.628950E-01  0.452621E-01
   9.75000       5.00000      0.552922     -0.584416E-01  0.455650E-01
   9.75000       5.50000      0.555979     -0.543777E-01  0.454804E-01
   10.5000       5.50000      0.531361     -0.500134E-01  0.510006E-01
   10.5000       6.00000      0.534186     -0.468765E-01  0.507089E-01
   9.75000       6.00000      0.558599     -0.507005E-01  0.454759E-01
   12.0000       5.50000      0.485321     -0.413214E-01  0.610088E-01
   11.2500       5.50000      0.507843     -0.455203E-01  0.562181E-01
   12.0000       6.00000      0.487811     -0.393706E-01  0.606145E-01
   11.2500       6.00000      0.510567     -0.430117E-01  0.558239E-01
   12.0000       7.00000      0.491785     -0.350409E-01  0.595673E-01
   11.2500       7.00000      0.514859     -0.376640E-01  0.551020E-01
   11.2500       6.50000      0.512894     -0.403889E-01  0.553388E-01
   12.0000       6.50000      0.489960     -0.372666E-01  0.601380E-01
   10.5000       7.00000      0.538764     -0.405430E-01  0.498492E-01
   10.5000       6.50000      0.536599     -0.437292E-01  0.502025E-01
   9.75000       6.50000      0.561098     -0.473218E-01  0.448891E-01
   9.75000       7.00000      0.563404     -0.438662E-01  0.442891E-01
   9.75000       7.75000      0.566601     -0.311323E-01  0.430292E-01
   10.5000       7.75000      0.541651     -0.290135E-01  0.489000E-01
   10.5000       8.50000      0.546714     -0.173158E-01  0.475728E-01
   9.75000       8.50000      0.571754     -0.182617E-01  0.415261E-01
   12.0000       7.75000      0.494405     -0.251034E-01  0.590563E-01
   11.2500       7.75000      0.517648     -0.269779E-01  0.541528E-01
   12.0000       8.50000      0.499032     -0.150310E-01  0.579406E-01
   11.2500       8.50000      0.522506     -0.161757E-01  0.529605E-01
   12.0000       10.0000       0.00000       0.00000      0.550974E-01
   11.2500       10.0000       0.00000       0.00000      0.500220E-01
   11.2500       9.25000      0.517383     -0.560206E-02  0.516095E-01
   12.0000       9.25000      0.494056     -0.510703E-02  0.566487E-01
   10.5000       10.0000       0.00000       0.00000      0.442504E-01
   10.5000       9.25000      0.541426     -0.605257E-02  0.462190E-01
   9.75000       9.25000      0.565265     -0.598345E-02  0.403038E-01
   9.75000       10.0000       0.00000       0.00000      0.383352E-01
   12.7500       7.00000      0.469416     -0.326187E-01  0.640634E-01
   12.7500       7.75000      0.471862     -0.233434E-01  0.636175E-01
   13.5000       7.00000      0.447659     -0.303903E-01  0.682396E-01
   13.5000       7.75000      0.449953     -0.217010E-01  0.678003E-01
   13.5000       8.50000      0.454074     -0.128855E-01  0.667880E-01
   12.7500       8.50000      0.476238     -0.139227E-01  0.625285E-01
   15.0000       7.00000      0.405662     -0.260390E-01  0.761713E-01
   15.0000       7.75000      0.407903     -0.186518E-01  0.753399E-01
   14.2500       7.75000      0.428637     -0.201563E-01  0.716680E-01
   14.2500       7.00000      0.426430     -0.282884E-01  0.721223E-01
   15.0000       8.50000      0.411529     -0.111014E-01  0.743963E-01
   14.2500       8.50000      0.432506     -0.119405E-01  0.706570E-01
   15.0000       10.0000       0.00000       0.00000      0.723249E-01
   14.2500       10.0000       0.00000       0.00000      0.681287E-01
   14.2500       9.25000      0.427863     -0.379126E-02  0.695570E-01
   15.0000       9.25000      0.406980     -0.363317E-02  0.733972E-01
   13.5000       10.0000       0.00000       0.00000      0.641028E-01
   13.5000       9.25000      0.449336     -0.417875E-02  0.655930E-01
   12.7500       9.25000      0.471391     -0.463006E-02  0.612793E-01
   12.7500       10.0000       0.00000       0.00000      0.597892E-01
   12.7500       5.00000      0.461120     -0.388688E-01  0.657914E-01
   12.7500       5.50000      0.463591     -0.375748E-01  0.654783E-01
   13.5000       5.00000      0.440318     -0.352766E-01  0.699214E-01
   13.5000       5.50000      0.442443     -0.342947E-01  0.696261E-01
   13.5000       6.00000      0.444386     -0.331224E-01  0.692488E-01
   12.7500       6.00000      0.465802     -0.360698E-01  0.650821E-01
   15.0000       5.00000      0.399664     -0.296144E-01  0.775964E-01
   15.0000       5.50000      0.401221     -0.289584E-01  0.773415E-01
   14.2500       5.50000      0.421703     -0.314381E-01  0.734855E-01
   14.2500       5.00000      0.419879     -0.322166E-01  0.737653E-01
   15.0000       6.00000      0.402712     -0.281353E-01  0.769961E-01
   14.2500       6.00000      0.423411     -0.304924E-01  0.731194E-01
   14.2500       6.50000      0.424986     -0.294279E-01  0.726602E-01
   15.0000       6.50000      0.404153     -0.271528E-01  0.765859E-01
   13.5000       6.50000      0.446127     -0.318082E-01  0.687868E-01
   12.7500       6.50000      0.467742     -0.344046E-01  0.646106E-01
   12.7500       3.00000      0.449219     -0.405917E-01  0.665524E-01
   12.7500       3.50000      0.452385     -0.408257E-01  0.664230E-01
   13.5000       3.00000      0.430638     -0.363889E-01  0.704774E-01
   13.5000       3.50000      0.433138     -0.366128E-01  0.704458E-01
   13.5000       4.00000      0.435626     -0.364796E-01  0.703347E-01
   12.7500       4.00000      0.455477     -0.405676E-01  0.662296E-01
   15.0000       3.00000      0.393046     -0.302616E-01  0.778893E-01
   15.0000       3.50000      0.394717     -0.304215E-01  0.779106E-01
   14.2500       3.50000      0.413930     -0.332133E-01  0.741738E-01
   14.2500       3.00000      0.411901     -0.330274E-01  0.741886E-01
   15.0000       4.00000      0.396393     -0.303610E-01  0.778735E-01
   14.2500       4.00000      0.415963     -0.331309E-01  0.741020E-01
   14.2500       4.50000      0.417957     -0.327912E-01  0.739821E-01
   15.0000       4.50000      0.398050     -0.300875E-01  0.777895E-01
   13.5000       4.50000      0.438034     -0.360207E-01  0.701635E-01
   12.7500       4.50000      0.458406     -0.398900E-01  0.660335E-01
   12.7500       1.00000      0.438878     -0.342158E-01  0.654923E-01
   12.7500       1.50000      0.440726     -0.365738E-01  0.667055E-01
   13.5000       1.00000      0.422528     -0.322237E-01  0.689583E-01
   13.5000       1.50000      0.424038     -0.336506E-01  0.702990E-01
   13.5000       2.00000      0.425971     -0.348633E-01  0.704648E-01
   12.7500       2.00000      0.443208     -0.384613E-01  0.666420E-01
   15.0000       1.00000      0.386065     -0.275387E-01  0.775288E-01
   15.0000       1.50000      0.388144     -0.284712E-01  0.775887E-01
   14.2500       1.50000      0.406346     -0.311461E-01  0.739108E-01
   14.2500       1.00000      0.404785     -0.303569E-01  0.726177E-01
   15.0000       2.00000      0.389783     -0.292850E-01  0.777088E-01
   14.2500       2.00000      0.408050     -0.319199E-01  0.740705E-01
   14.2500       2.50000      0.409924     -0.325822E-01  0.741663E-01
   15.0000       2.50000      0.391401     -0.298818E-01  0.778452E-01
   13.5000       2.50000      0.428213     -0.357987E-01  0.705229E-01
   12.7500       2.50000      0.446105     -0.398106E-01  0.665979E-01
   12.7500       0.00000       0.00000       0.00000      0.649068E-01
   12.7500      0.250000      0.349199     -0.105215E-01  0.652778E-01
   13.5000       0.00000       0.00000       0.00000      0.681554E-01
   13.5000      0.250000      0.336121     -0.102327E-01  0.685785E-01
   13.5000      0.500000      0.416963     -0.178252E-01  0.688308E-01
   12.7500      0.500000      0.432933     -0.186641E-01  0.654347E-01
   15.0000       0.00000       0.00000       0.00000      0.767943E-01
   15.0000      0.250000      0.305261     -0.910107E-02  0.768863E-01
   14.2500      0.250000      0.321630     -0.987938E-02  0.721487E-01
   14.2500       0.00000       0.00000       0.00000      0.717257E-01
   15.0000      0.500000      0.379822     -0.154936E-01  0.769826E-01
   14.2500      0.500000      0.399315     -0.169903E-01  0.724457E-01
   14.2500      0.750000      0.403938     -0.236867E-01  0.725272E-01
   15.0000      0.750000      0.384634     -0.215450E-01  0.770319E-01
   13.5000      0.750000      0.421714     -0.250312E-01  0.689614E-01
   12.7500      0.750000      0.437901     -0.264571E-01  0.654954E-01
   16.0000       0.00000       0.00000       0.00000      0.774153E-01
   16.0000      0.250000      0.294071     -0.783726E-02  0.778021E-01
   17.0000       0.00000       0.00000       0.00000      0.784890E-01
   17.0000      0.250000      0.280394     -0.764597E-02  0.788212E-01
   17.0000      0.500000      0.348063     -0.131752E-01  0.790786E-01
   16.0000      0.500000      0.364966     -0.136710E-01  0.779157E-01
   19.0000       0.00000       0.00000       0.00000      0.810432E-01
   19.0000      0.250000      0.250836     -0.749525E-02  0.813929E-01
   18.0000      0.250000      0.265873     -0.755595E-02  0.800616E-01
   18.0000       0.00000       0.00000       0.00000      0.797294E-01
   19.0000      0.500000      0.311444     -0.127086E-01  0.816951E-01
   18.0000      0.500000      0.330087     -0.128988E-01  0.803501E-01
   19.0000       1.00000      0.315182     -0.224537E-01  0.821567E-01
   18.0000       1.00000      0.334089     -0.229169E-01  0.815588E-01
   18.0000      0.750000      0.333723     -0.179137E-01  0.805934E-01
   19.0000      0.750000      0.314865     -0.175883E-01  0.819529E-01
   17.0000       1.00000      0.352387     -0.236064E-01  0.801752E-01
   17.0000      0.750000      0.351925     -0.183988E-01  0.792717E-01
   16.0000      0.750000      0.369106     -0.192631E-01  0.780533E-01
   16.0000       1.00000      0.369795     -0.248123E-01  0.788581E-01
   16.0000       1.50000      0.370690     -0.258089E-01  0.792392E-01
   17.0000       1.50000      0.352895     -0.242232E-01  0.806386E-01
   17.0000       2.00000      0.353583     -0.246983E-01  0.809808E-01
   16.0000       2.00000      0.371810     -0.265533E-01  0.793944E-01
   19.0000       1.50000      0.315440     -0.225107E-01  0.834520E-01
   18.0000       1.50000      0.334430     -0.232167E-01  0.820222E-01
   19.0000       2.00000      0.315795     -0.225316E-01  0.838932E-01
   18.0000       2.00000      0.334897     -0.234432E-01  0.824316E-01
   19.0000       3.00000      0.316739     -0.224353E-01  0.845315E-01
   18.0000       3.00000      0.336121     -0.236367E-01  0.830152E-01
   18.0000       2.50000      0.335470     -0.235858E-01  0.827718E-01
   19.0000       2.50000      0.316235     -0.225093E-01  0.842583E-01
   17.0000       3.00000      0.355282     -0.252202E-01  0.813975E-01
   17.0000       2.50000      0.354390     -0.250320E-01  0.812376E-01
   16.0000       2.50000      0.372998     -0.270635E-01  0.795792E-01
   16.0000       3.00000      0.374235     -0.273702E-01  0.797085E-01
   16.0000       3.50000      0.375505     -0.274881E-01  0.798040E-01
   17.0000       3.50000      0.356227     -0.252664E-01  0.815419E-01
   17.0000       4.00000      0.357203     -0.251751E-01  0.815939E-01
   16.0000       4.00000      0.376793     -0.274266E-01  0.797846E-01
   19.0000       3.50000      0.317294     -0.223046E-01  0.847169E-01
   18.0000       3.50000      0.336830     -0.235933E-01  0.831596E-01
   19.0000       4.00000      0.317881     -0.221147E-01  0.848349E-01
   18.0000       4.00000      0.337574     -0.234539E-01  0.832527E-01
   19.0000       5.00000      0.319090     -0.215492E-01  0.848577E-01
   18.0000       5.00000      0.339094     -0.228929E-01  0.832305E-01
   18.0000       4.50000      0.338334     -0.232203E-01  0.832840E-01
   19.0000       4.50000      0.318485     -0.218628E-01  0.848871E-01
   17.0000       5.00000      0.359168     -0.245993E-01  0.814615E-01
   17.0000       4.50000      0.358189     -0.249513E-01  0.815738E-01
   16.0000       4.50000      0.378078     -0.271941E-01  0.797222E-01
   16.0000       5.00000      0.379343     -0.267985E-01  0.795869E-01
   16.0000       5.50000      0.380573     -0.262474E-01  0.794014E-01
   17.0000       5.50000      0.360121     -0.241232E-01  0.813169E-01
   17.0000       6.00000      0.361029     -0.235278E-01  0.810828E-01
   16.0000       6.00000      0.381753     -0.255478E-01  0.790853E-01
   19.0000       5.50000      0.319684     -0.211741E-01  0.847473E-01
   18.0000       5.50000      0.339837     -0.224755E-01  0.830859E-01
   19.0000       6.00000      0.320251     -0.207417E-01  0.845757E-01
   18.0000       6.00000      0.340543     -0.219706E-01  0.828894E-01
   19.0000       7.00000      0.321253     -0.197168E-01  0.840364E-01
   18.0000       7.00000      0.341796     -0.207238E-01  0.825728E-01
   18.0000       6.50000      0.341201     -0.213838E-01  0.826365E-01
   19.0000       6.50000      0.320779     -0.202538E-01  0.843444E-01
   17.0000       7.00000      0.362654     -0.220126E-01  0.806352E-01
   17.0000       6.50000      0.361875     -0.228207E-01  0.807712E-01
   16.0000       6.50000      0.382880     -0.247049E-01  0.787183E-01
   16.0000       7.00000      0.383891     -0.237055E-01  0.785306E-01
   16.0000       7.75000      0.385524     -0.170386E-01  0.778901E-01
   17.0000       7.75000      0.363939     -0.157782E-01  0.800692E-01
   17.0000       8.50000      0.366844     -0.936880E-02  0.792995E-01
   16.0000       8.50000      0.388770     -0.101670E-01  0.769966E-01
   19.0000       7.75000      0.322159     -0.140047E-01  0.837835E-01
   18.0000       7.75000      0.342864     -0.147859E-01  0.820068E-01
   19.0000       8.50000      0.324541     -0.821012E-02  0.830989E-01
   18.0000       8.50000      0.345481     -0.872336E-02  0.812888E-01
   19.0000       10.0000       0.00000       0.00000      0.812629E-01
   18.0000       10.0000       0.00000       0.00000      0.793925E-01
   18.0000       9.25000      0.341332     -0.273167E-02  0.804355E-01
   19.0000       9.25000      0.320570     -0.250167E-02  0.822718E-01
   17.0000       10.0000       0.00000       0.00000      0.772916E-01
   17.0000       9.25000      0.362550     -0.301208E-02  0.784050E-01
   16.0000       9.25000      0.384286     -0.334810E-02  0.760592E-01
   16.0000       10.0000       0.00000       0.00000      0.749459E-01
   20.0000       7.00000      0.300957     -0.188890E-01  0.856163E-01
   20.0000       7.75000      0.301755     -0.133627E-01  0.854008E-01
   21.0000       7.00000      0.280862     -0.181604E-01  0.870485E-01
   21.0000       7.75000      0.281609     -0.127948E-01  0.868464E-01
   21.0000       8.50000      0.283635     -0.740671E-02  0.862051E-01
   20.0000       8.50000      0.303943     -0.778347E-02  0.847289E-01
   23.0000       7.00000      0.241211     -0.164844E-01  0.898357E-01
   23.0000       7.75000      0.242117     -0.116340E-01  0.893599E-01
   22.0000       7.75000      0.261713     -0.122469E-01  0.881407E-01
   22.0000       7.00000      0.260947     -0.174378E-01  0.883462E-01
   23.0000       8.50000      0.243886     -0.675714E-02  0.887579E-01
   22.0000       8.50000      0.263604     -0.706035E-02  0.875049E-01
   23.0000       10.0000       0.00000       0.00000      0.872716E-01
   22.0000       10.0000       0.00000       0.00000      0.857891E-01
   22.0000       9.25000      0.260275     -0.198752E-02  0.867565E-01
   23.0000       9.25000      0.240764     -0.198858E-02  0.880704E-01
   21.0000       10.0000       0.00000       0.00000      0.844309E-01
   21.0000       9.25000      0.280087     -0.213845E-02  0.854244E-01
   20.0000       9.25000      0.300176     -0.230984E-02  0.839289E-01
   20.0000       10.0000       0.00000       0.00000      0.829355E-01
   20.0000       5.00000      0.299136     -0.204518E-01  0.863714E-01
   20.0000       5.50000      0.299635     -0.201101E-01  0.862880E-01
   21.0000       5.00000      0.279220     -0.195025E-01  0.877686E-01
   21.0000       5.50000      0.279665     -0.191867E-01  0.876942E-01
   21.0000       6.00000      0.280093     -0.188552E-01  0.875490E-01
   20.0000       6.00000      0.300111     -0.197337E-01  0.861262E-01
   23.0000       5.00000      0.239463     -0.178023E-01  0.903615E-01
   23.0000       5.50000      0.239862     -0.175021E-01  0.902922E-01
   22.0000       5.50000      0.259754     -0.183303E-01  0.889810E-01
   22.0000       5.00000      0.259334     -0.186297E-01  0.890542E-01
   23.0000       6.00000      0.240265     -0.171843E-01  0.901525E-01
   22.0000       6.00000      0.260166     -0.180263E-01  0.888378E-01
   22.0000       6.50000      0.260569     -0.177294E-01  0.886225E-01
   23.0000       6.50000      0.240691     -0.168439E-01  0.899564E-01
   21.0000       6.50000      0.280497     -0.185123E-01  0.873342E-01
   20.0000       6.50000      0.300556     -0.193256E-01  0.859020E-01
   20.0000       3.00000      0.297163     -0.214636E-01  0.859825E-01
   20.0000       3.50000      0.297630     -0.212602E-01  0.861939E-01
   21.0000       3.00000      0.277434     -0.205962E-01  0.873635E-01
   21.0000       3.50000      0.277868     -0.203418E-01  0.875741E-01
   21.0000       4.00000      0.278315     -0.200782E-01  0.877128E-01
   20.0000       4.00000      0.298124     -0.210257E-01  0.863224E-01
   23.0000       3.00000      0.237821     -0.188495E-01  0.899753E-01
   23.0000       3.50000      0.238246     -0.186100E-01  0.901679E-01
   22.0000       3.50000      0.258053     -0.194676E-01  0.888607E-01
   22.0000       3.00000      0.257621     -0.197353E-01  0.886595E-01
   23.0000       4.00000      0.238659     -0.183560E-01  0.902976E-01
   22.0000       4.00000      0.258482     -0.191978E-01  0.889942E-01
   22.0000       4.50000      0.258909     -0.189196E-01  0.890597E-01
   23.0000       4.50000      0.239063     -0.180869E-01  0.903653E-01
   21.0000       4.50000      0.278767     -0.197996E-01  0.877781E-01
   20.0000       4.50000      0.298629     -0.207572E-01  0.863808E-01
   20.0000       1.00000      0.295815     -0.220865E-01  0.835384E-01
   20.0000       1.50000      0.296048     -0.219487E-01  0.848664E-01
   21.0000       1.00000      0.276044     -0.217196E-01  0.849283E-01
   21.0000       1.50000      0.276321     -0.214076E-01  0.862443E-01
   21.0000       2.00000      0.276645     -0.211140E-01  0.867044E-01
   20.0000       2.00000      0.296357     -0.218006E-01  0.853215E-01
   23.0000       1.00000      0.235279     -0.196462E-01  0.886847E-01
   23.0000       1.50000      0.236291     -0.194669E-01  0.890634E-01
   22.0000       1.50000      0.256322     -0.207135E-01  0.876310E-01
   22.0000       1.00000      0.255852     -0.211617E-01  0.863401E-01
   23.0000       2.00000      0.236875     -0.192837E-01  0.894152E-01
   22.0000       2.00000      0.256745     -0.203238E-01  0.880565E-01
   22.0000       2.50000      0.257185     -0.200130E-01  0.883797E-01
   23.0000       2.50000      0.237371     -0.190751E-01  0.897206E-01
   21.0000       2.50000      0.277023     -0.208500E-01  0.870736E-01
   20.0000       2.50000      0.296733     -0.216419E-01  0.856925E-01
   20.0000       0.00000       0.00000       0.00000      0.823843E-01
   20.0000      0.250000      0.235406     -0.744357E-02  0.827489E-01
   21.0000       0.00000       0.00000       0.00000      0.837468E-01
   21.0000      0.250000      0.219622     -0.737640E-02  0.841240E-01
   21.0000      0.500000      0.272761     -0.124028E-01  0.844392E-01
   20.0000      0.500000      0.292317     -0.125583E-01  0.830573E-01
   23.0000       0.00000       0.00000       0.00000      0.874290E-01
   23.0000      0.250000      0.185983     -0.671283E-02  0.875964E-01
   22.0000      0.250000      0.203368     -0.723136E-02  0.855356E-01
   22.0000       0.00000       0.00000       0.00000      0.851583E-01
   23.0000      0.500000      0.231605     -0.112411E-01  0.878129E-01
   22.0000      0.500000      0.252689     -0.121486E-01  0.858603E-01
   22.0000      0.750000      0.255517     -0.166755E-01  0.860887E-01
   23.0000      0.750000      0.234518     -0.154586E-01  0.879952E-01
   21.0000      0.750000      0.275767     -0.170673E-01  0.847092E-01
   20.0000      0.750000      0.295529     -0.173269E-01  0.833193E-01
   24.2500       0.00000       0.00000       0.00000      0.873124E-01
   24.2500      0.250000      0.172145     -0.607113E-02  0.876316E-01
   25.5000       0.00000       0.00000       0.00000      0.873841E-01
   25.5000      0.250000      0.156827     -0.594704E-02  0.876836E-01
   25.5000      0.500000      0.194819     -0.100416E-01  0.879361E-01
   24.2500      0.500000      0.213855     -0.102518E-01  0.878353E-01
   28.0000       0.00000       0.00000       0.00000      0.883798E-01
   28.0000      0.250000      0.124065     -0.545629E-02  0.885359E-01
   26.7500      0.250000      0.140940     -0.583280E-02  0.878518E-01
   26.7500       0.00000       0.00000       0.00000      0.875523E-01
   28.0000      0.500000      0.154540     -0.917847E-02  0.887425E-01
   26.7500      0.500000      0.175152     -0.985481E-02  0.881186E-01
   28.0000       1.00000      0.157001     -0.160946E-01  0.890811E-01
   26.7500       1.00000      0.177314     -0.172214E-01  0.891703E-01
   26.7500      0.750000      0.177096     -0.135594E-01  0.883338E-01
   28.0000      0.750000      0.156494     -0.126472E-01  0.889227E-01
   25.5000       1.00000      0.197187     -0.176635E-01  0.889711E-01
   25.5000      0.750000      0.196970     -0.138590E-01  0.881580E-01
   24.2500      0.750000      0.216235     -0.142070E-01  0.880475E-01
   24.2500       1.00000      0.216533     -0.181685E-01  0.888268E-01
   24.2500       1.50000      0.216863     -0.181745E-01  0.892784E-01
   25.5000       1.50000      0.197393     -0.175207E-01  0.894251E-01
   25.5000       2.00000      0.197642     -0.173550E-01  0.898140E-01
   24.2500       2.00000      0.217238     -0.181247E-01  0.896259E-01
   28.0000       1.50000      0.157684     -0.159778E-01  0.899380E-01
   26.7500       1.50000      0.177596     -0.169556E-01  0.896243E-01
   28.0000       2.00000      0.158055     -0.158495E-01  0.902718E-01
   26.7500       2.00000      0.177856     -0.166899E-01  0.900095E-01
   28.0000       3.00000      0.158651     -0.155334E-01  0.908053E-01
   26.7500       3.00000      0.178431     -0.162488E-01  0.905665E-01
   26.7500       2.50000      0.178144     -0.164628E-01  0.903116E-01
   28.0000       2.50000      0.158370     -0.157007E-01  0.905619E-01
   25.5000       3.00000      0.198234     -0.169863E-01  0.903883E-01
   25.5000       2.50000      0.197930     -0.171790E-01  0.901319E-01
   24.2500       2.50000      0.217624     -0.179998E-01  0.899379E-01
   24.2500       3.00000      0.218004     -0.178269E-01  0.901904E-01
   24.2500       3.50000      0.218376     -0.176211E-01  0.903843E-01
   25.5000       3.50000      0.198547     -0.167769E-01  0.905852E-01
   25.5000       4.00000      0.198861     -0.165510E-01  0.907225E-01
   24.2500       4.00000      0.218742     -0.173899E-01  0.905147E-01
   28.0000       3.50000      0.158913     -0.153486E-01  0.909960E-01
   26.7500       3.50000      0.178717     -0.160345E-01  0.907634E-01
   28.0000       4.00000      0.159163     -0.151473E-01  0.911347E-01
   26.7500       4.00000      0.178998     -0.158128E-01  0.909024E-01
   28.0000       5.00000      0.159645     -0.146933E-01  0.912563E-01
   26.7500       5.00000      0.179547     -0.153369E-01  0.910107E-01
   26.7500       4.50000      0.179275     -0.155810E-01  0.909860E-01
   28.0000       4.50000      0.159407     -0.149287E-01  0.912242E-01
   25.5000       5.00000      0.199478     -0.160510E-01  0.908144E-01
   25.5000       4.50000      0.199172     -0.163091E-01  0.908002E-01
   24.2500       4.50000      0.219101     -0.171371E-01  0.905845E-01
   24.2500       5.00000      0.219455     -0.168642E-01  0.905919E-01
   24.2500       5.50000      0.219804     -0.165698E-01  0.905438E-01
   25.5000       5.50000      0.199777     -0.157766E-01  0.907775E-01
   25.5000       6.00000      0.200062     -0.154868E-01  0.906778E-01
   24.2500       6.00000      0.220146     -0.162513E-01  0.904200E-01
   28.0000       5.50000      0.159883     -0.144406E-01  0.912252E-01
   26.7500       5.50000      0.179814     -0.150826E-01  0.909738E-01
   28.0000       6.00000      0.160124     -0.141715E-01  0.911433E-01
   26.7500       6.00000      0.180073     -0.148210E-01  0.908841E-01
   28.0000       7.00000      0.160700     -0.135795E-01  0.908200E-01
   26.7500       7.00000      0.180549     -0.142915E-01  0.907533E-01
   26.7500       6.50000      0.180325     -0.145596E-01  0.907396E-01
   28.0000       6.50000      0.160383     -0.138840E-01  0.910169E-01
   25.5000       7.00000      0.200575     -0.148676E-01  0.905093E-01
   25.5000       6.50000      0.200336     -0.151836E-01  0.905192E-01
   24.2500       6.50000      0.220484     -0.159022E-01  0.902422E-01
   24.2500       7.00000      0.220781     -0.155233E-01  0.902110E-01
   24.2500       7.75000      0.221399     -0.109919E-01  0.898187E-01
   25.5000       7.75000      0.201088     -0.104967E-01  0.901418E-01
   25.5000       8.50000      0.202498     -0.609538E-02  0.896242E-01
   24.2500       8.50000      0.222981     -0.641845E-02  0.892447E-01
   28.0000       7.75000      0.161287     -0.959180E-02  0.906217E-01
   26.7500       7.75000      0.181047     -0.100604E-01  0.903858E-01
   28.0000       8.50000      0.162424     -0.557897E-02  0.901532E-01
   26.7500       8.50000      0.182312     -0.581095E-02  0.898864E-01
   28.0000       10.0000       0.00000       0.00000      0.889327E-01
   26.7500       10.0000       0.00000       0.00000      0.885098E-01
   26.7500       9.25000      0.179938     -0.165985E-02  0.892843E-01
   28.0000       9.25000      0.160272     -0.164907E-02  0.895998E-01
   25.5000       10.0000       0.00000       0.00000      0.881935E-01
   25.5000       9.25000      0.199885     -0.178690E-02  0.889945E-01
   24.2500       9.25000      0.220110     -0.193595E-02  0.885951E-01
   24.2500       10.0000       0.00000       0.00000      0.877941E-01
   29.5000       7.00000      0.140295     -0.129220E-01  0.904947E-01
   29.5000       7.75000      0.140637     -0.915195E-02  0.903673E-01
   31.0000       7.00000      0.120053     -0.125797E-01  0.901961E-01
   31.0000       7.75000      0.120281     -0.889422E-02  0.900999E-01
   31.0000       8.50000      0.121064     -0.518356E-02  0.896926E-01
   29.5000       8.50000      0.141593     -0.535509E-02  0.899211E-01
   34.0000       7.00000      0.798185E-01 -0.122836E-01  0.899394E-01
   34.0000       7.75000      0.799122E-01 -0.866705E-02  0.896855E-01
   32.5000       7.75000      0.100062     -0.874235E-02  0.898646E-01
   32.5000       7.00000      0.999075E-01 -0.123822E-01  0.899544E-01
   34.0000       8.50000      0.803953E-01 -0.503194E-02  0.893022E-01
   32.5000       8.50000      0.100690     -0.508155E-02  0.894708E-01
   34.0000       10.0000       0.00000       0.00000      0.881637E-01
   32.5000       10.0000       0.00000       0.00000      0.883227E-01
   32.5000       9.25000      0.993243E-01 -0.149765E-02  0.889627E-01
   34.0000       9.25000      0.792928E-01 -0.147651E-02  0.888004E-01
   31.0000       10.0000       0.00000       0.00000      0.885208E-01
   31.0000       9.25000      0.119443     -0.154372E-02  0.891817E-01
   29.5000       9.25000      0.139714     -0.162429E-02  0.893980E-01
   29.5000       10.0000       0.00000       0.00000      0.887371E-01
   29.5000       5.00000      0.139635     -0.140663E-01  0.908399E-01
   29.5000       5.50000      0.139811     -0.138173E-01  0.908306E-01
   31.0000       5.00000      0.119648     -0.136359E-01  0.904862E-01
   31.0000       5.50000      0.119759     -0.133984E-01  0.904961E-01
   31.0000       6.00000      0.119864     -0.131423E-01  0.904491E-01
   29.5000       6.00000      0.139982     -0.135440E-01  0.907626E-01
   34.0000       5.00000      0.797352E-01 -0.132546E-01  0.899606E-01
   34.0000       5.50000      0.797566E-01 -0.130289E-01  0.899878E-01
   32.5000       5.50000      0.997468E-01 -0.131506E-01  0.902118E-01
   32.5000       5.00000      0.996862E-01 -0.133795E-01  0.901964E-01
   34.0000       6.00000      0.797784E-01 -0.127905E-01  0.899639E-01
   32.5000       6.00000      0.998041E-01 -0.129069E-01  0.901767E-01
   32.5000       6.50000      0.998578E-01 -0.126512E-01  0.900961E-01
   34.0000       6.50000      0.797969E-01 -0.125438E-01  0.898942E-01
   31.0000       6.50000      0.119965     -0.128698E-01  0.903510E-01
   29.5000       6.50000      0.140151     -0.132440E-01  0.906497E-01
   29.5000       3.00000      0.138898     -0.148249E-01  0.903612E-01
   29.5000       3.50000      0.139088     -0.146737E-01  0.905562E-01
   31.0000       3.00000      0.119193     -0.143842E-01  0.899683E-01
   31.0000       3.50000      0.119305     -0.142284E-01  0.901779E-01
   31.0000       4.00000      0.119419     -0.140513E-01  0.903328E-01
   29.5000       4.00000      0.139274     -0.144951E-01  0.906978E-01
   34.0000       3.00000      0.796571E-01 -0.140395E-01  0.893520E-01
   34.0000       3.50000      0.796740E-01 -0.138615E-01  0.895783E-01
   32.5000       3.50000      0.995029E-01 -0.139774E-01  0.898494E-01
   32.5000       3.00000      0.994463E-01 -0.141465E-01  0.896342E-01
   34.0000       4.00000      0.796931E-01 -0.136715E-01  0.897555E-01
   32.5000       4.00000      0.995630E-01 -0.137933E-01  0.900152E-01
   32.5000       4.50000      0.996244E-01 -0.135941E-01  0.901367E-01
   34.0000       4.50000      0.797138E-01 -0.134692E-01  0.898900E-01
   31.0000       4.50000      0.119534     -0.138538E-01  0.904378E-01
   29.5000       4.50000      0.139456     -0.142923E-01  0.907915E-01
   29.5000       1.00000      0.138153     -0.150449E-01  0.885883E-01
   29.5000       1.50000      0.138323     -0.150402E-01  0.894883E-01
   31.0000       1.00000      0.118843     -0.147984E-01  0.881341E-01
   31.0000       1.50000      0.118908     -0.147192E-01  0.890622E-01
   31.0000       2.00000      0.118989     -0.146294E-01  0.894163E-01
   29.5000       2.00000      0.138505     -0.150199E-01  0.898180E-01
   34.0000       1.00000      0.796058E-01 -0.146401E-01  0.879669E-01
   34.0000       1.50000      0.796250E-01 -0.145118E-01  0.883847E-01
   32.5000       1.50000      0.993131E-01 -0.145735E-01  0.886952E-01
   32.5000       1.00000      0.992813E-01 -0.146934E-01  0.877666E-01
   34.0000       2.00000      0.796297E-01 -0.143600E-01  0.887545E-01
   32.5000       2.00000      0.993488E-01 -0.144422E-01  0.890574E-01
   32.5000       2.50000      0.993945E-01 -0.143013E-01  0.893755E-01
   34.0000       2.50000      0.796429E-01 -0.142061E-01  0.890834E-01
   31.0000       2.50000      0.119087     -0.145177E-01  0.897191E-01
   29.5000       2.50000      0.138703     -0.149434E-01  0.901120E-01
   29.5000       0.00000       0.00000       0.00000      0.877697E-01
   29.5000      0.250000      0.109825     -0.505784E-02  0.880290E-01
   31.0000       0.00000       0.00000       0.00000      0.873010E-01
   31.0000      0.250000      0.945316E-01 -0.498316E-02  0.875470E-01
   31.0000      0.500000      0.117443     -0.840274E-02  0.877631E-01
   29.5000      0.500000      0.136479     -0.850688E-02  0.882185E-01
   34.0000       0.00000       0.00000       0.00000      0.866064E-01
   34.0000      0.250000      0.633470E-01 -0.489947E-02  0.868174E-01
   32.5000      0.250000      0.789879E-01 -0.494717E-02  0.871506E-01
   32.5000       0.00000       0.00000       0.00000      0.869046E-01
   34.0000      0.500000      0.787180E-01 -0.835751E-02  0.870637E-01
   32.5000      0.500000      0.981320E-01 -0.836863E-02  0.873851E-01
   32.5000      0.750000      0.991940E-01 -0.115360E-01  0.875912E-01
   34.0000      0.750000      0.795365E-01 -0.115163E-01  0.872729E-01
   31.0000      0.750000      0.118728     -0.116010E-01  0.879605E-01
   29.5000      0.750000      0.137984     -0.117672E-01  0.884146E-01
   35.5000       0.00000       0.00000       0.00000      0.863560E-01
   35.5000      0.250000      0.476655E-01 -0.478287E-02  0.865647E-01
   37.0000       0.00000       0.00000       0.00000      0.861951E-01
   37.0000      0.250000      0.319385E-01 -0.443132E-02  0.864627E-01
   37.0000      0.500000      0.399788E-01 -0.819508E-02  0.864825E-01
   35.5000      0.500000      0.593072E-01 -0.834816E-02  0.867716E-01
   40.0000       0.00000       0.00000       0.00000      0.831391E-01
   40.0000      0.250000       0.00000       0.00000      0.845600E-01
   38.5000      0.250000      0.159670E-01 -0.330771E-02  0.855842E-01
   38.5000       0.00000       0.00000       0.00000      0.853166E-01
   40.0000      0.500000       0.00000       0.00000      0.850203E-01
   38.5000      0.500000      0.206236E-01 -0.697295E-02  0.860462E-01
   40.0000       1.00000       0.00000       0.00000      0.867632E-01
   38.5000       1.00000      0.207857E-01 -0.124619E-01  0.871003E-01
   38.5000      0.750000      0.205166E-01 -0.100364E-01  0.863676E-01
   40.0000      0.750000       0.00000       0.00000      0.853417E-01
   37.0000       1.00000      0.402406E-01 -0.143180E-01  0.873817E-01
   37.0000      0.750000      0.401576E-01 -0.114232E-01  0.866665E-01
   35.5000      0.750000      0.598390E-01 -0.115247E-01  0.869996E-01
   35.5000       1.00000      0.598964E-01 -0.145854E-01  0.876795E-01
   35.5000       1.50000      0.599168E-01 -0.145026E-01  0.881124E-01
   37.0000       1.50000      0.402753E-01 -0.144367E-01  0.878308E-01
   37.0000       2.00000      0.401508E-01 -0.142940E-01  0.882576E-01
   35.5000       2.00000      0.598839E-01 -0.143437E-01  0.884870E-01
   40.0000       1.50000       0.00000       0.00000      0.874258E-01
   38.5000       1.50000      0.207618E-01 -0.132280E-01  0.875494E-01
   40.0000       2.00000       0.00000       0.00000      0.879748E-01
   38.5000       2.00000      0.203959E-01 -0.132003E-01  0.879804E-01
   40.0000       3.00000       0.00000       0.00000      0.888057E-01
   38.5000       3.00000      0.200779E-01 -0.127978E-01  0.887981E-01
   38.5000       2.50000      0.201963E-01 -0.130160E-01  0.884266E-01
   40.0000       2.50000       0.00000       0.00000      0.884209E-01
   37.0000       3.00000      0.400089E-01 -0.139758E-01  0.889115E-01
   37.0000       2.50000      0.400756E-01 -0.141452E-01  0.886172E-01
   35.5000       2.50000      0.598657E-01 -0.141905E-01  0.888235E-01
   35.5000       3.00000      0.598447E-01 -0.140224E-01  0.891130E-01
   35.5000       3.50000      0.598252E-01 -0.138404E-01  0.893642E-01
   37.0000       3.50000      0.399509E-01 -0.137872E-01  0.891927E-01
   37.0000       4.00000      0.399013E-01 -0.135844E-01  0.894064E-01
   35.5000       4.00000      0.598087E-01 -0.136458E-01  0.895471E-01
   40.0000       3.50000       0.00000       0.00000      0.891146E-01
   38.5000       3.50000      0.200007E-01 -0.125778E-01  0.890793E-01
   40.0000       4.00000       0.00000       0.00000      0.893608E-01
   38.5000       4.00000      0.199454E-01 -0.123642E-01  0.893192E-01
   40.0000       5.00000       0.00000       0.00000      0.896788E-01
   38.5000       5.00000      0.198577E-01 -0.119595E-01  0.896350E-01
   38.5000       4.50000      0.199006E-01 -0.121583E-01  0.895045E-01
   40.0000       4.50000       0.00000       0.00000      0.895461E-01
   37.0000       5.00000      0.398185E-01 -0.131500E-01  0.896671E-01
   37.0000       4.50000      0.398579E-01 -0.133716E-01  0.895675E-01
   35.5000       4.50000      0.597945E-01 -0.134397E-01  0.896897E-01
   35.5000       5.00000      0.597823E-01 -0.132224E-01  0.897817E-01
   35.5000       5.50000      0.597715E-01 -0.129943E-01  0.898296E-01
   37.0000       5.50000      0.397810E-01 -0.129195E-01  0.897326E-01
   37.0000       6.00000      0.397451E-01 -0.126807E-01  0.897355E-01
   35.5000       6.00000      0.597639E-01 -0.127545E-01  0.898101E-01
   40.0000       5.50000       0.00000       0.00000      0.897550E-01
   38.5000       5.50000      0.198080E-01 -0.117655E-01  0.897005E-01
   40.0000       6.00000       0.00000       0.00000      0.897800E-01
   38.5000       6.00000      0.197386E-01 -0.115681E-01  0.897270E-01
   40.0000       7.00000       0.00000       0.00000      0.900274E-01
   38.5000       7.00000      0.196433E-01 -0.108515E-01  0.898018E-01
   38.5000       6.50000      0.196051E-01 -0.113382E-01  0.897032E-01
   40.0000       6.50000       0.00000       0.00000      0.897562E-01
   37.0000       7.00000      0.396794E-01 -0.121152E-01  0.897506E-01
   37.0000       6.50000      0.396840E-01 -0.124457E-01  0.896841E-01
   35.5000       6.50000      0.597490E-01 -0.125133E-01  0.897482E-01
   35.5000       7.00000      0.597500E-01 -0.122432E-01  0.898087E-01
   35.5000       7.75000      0.597905E-01 -0.864409E-02  0.895743E-01
   37.0000       7.75000      0.396695E-01 -0.859578E-02  0.895280E-01
   37.0000       8.50000      0.398680E-01 -0.499911E-02  0.891652E-01
   35.5000       8.50000      0.601330E-01 -0.501744E-02  0.891938E-01
   40.0000       7.75000       0.00000       0.00000      0.898515E-01
   38.5000       7.75000      0.195627E-01 -0.785506E-02  0.895792E-01
   40.0000       8.50000       0.00000       0.00000      0.894670E-01
   38.5000       8.50000      0.196151E-01 -0.460697E-02  0.892219E-01
   40.0000       10.0000       0.00000       0.00000      0.880112E-01
   38.5000       10.0000       0.00000       0.00000      0.880810E-01
   38.5000       9.25000      0.193219E-01 -0.152640E-02  0.886771E-01
   40.0000       9.25000       0.00000       0.00000      0.889223E-01
   37.0000       10.0000       0.00000       0.00000      0.880369E-01
   37.0000       9.25000      0.392981E-01 -0.151833E-02  0.886810E-01
   35.5000       9.25000      0.592968E-01 -0.147908E-02  0.887083E-01
   35.5000       10.0000       0.00000       0.00000      0.880641E-01
