   0.000000000000000       0.000000000000000      -1.000000000000000    
  0.3826834323650898       0.000000000000000     -0.9238795325112867    
  0.2705980500730986      0.2705980500730985     -0.9238795325112867    
  0.2343260202663150E-16  0.3826834323650898     -0.9238795325112867    
 -0.2705980500730985      0.2705980500730986     -0.9238795325112867    
 -0.3826834323650898      0.4686520405326299E-16 -0.9238795325112867    
 -0.2705980500730986     -0.2705980500730985     -0.9238795325112867    
 -0.7029780607989448E-16 -0.3826834323650898     -0.9238795325112867    
  0.2705980500730985     -0.2705980500730986     -0.9238795325112867    
  0.7071067811865476       0.000000000000000     -0.7071067811865475    
  0.5000000000000001      0.5000000000000000     -0.7071067811865475    
  0.4329780281177467E-16  0.7071067811865476     -0.7071067811865475    
 -0.5000000000000000      0.5000000000000001     -0.7071067811865475    
 -0.7071067811865476      0.8659560562354934E-16 -0.7071067811865475    
 -0.5000000000000001     -0.5000000000000000     -0.7071067811865475    
 -0.1298934084353240E-15 -0.7071067811865476     -0.7071067811865475    
  0.5000000000000000     -0.5000000000000001     -0.7071067811865475    
  0.9238795325112867       0.000000000000000     -0.3826834323650897    
  0.6532814824381883      0.6532814824381882     -0.3826834323650897    
  0.5657130561438501E-16  0.9238795325112867     -0.3826834323650897    
 -0.6532814824381882      0.6532814824381883     -0.3826834323650897    
 -0.9238795325112867      0.1131426112287700E-15 -0.3826834323650897    
 -0.6532814824381884     -0.6532814824381882     -0.3826834323650897    
 -0.1697139168431551E-15 -0.9238795325112867     -0.3826834323650897    
  0.6532814824381882     -0.6532814824381884     -0.3826834323650897    
   1.000000000000000       0.000000000000000      0.6123233995736766E-16
  0.7071067811865476      0.7071067811865475      0.6123233995736766E-16
  0.6123233995736766E-16   1.000000000000000      0.6123233995736766E-16
 -0.7071067811865475      0.7071067811865476      0.6123233995736766E-16
  -1.000000000000000      0.1224646799147353E-15  0.6123233995736766E-16
 -0.7071067811865477     -0.7071067811865475      0.6123233995736766E-16
 -0.1836970198721030E-15  -1.000000000000000      0.6123233995736766E-16
  0.7071067811865475     -0.7071067811865477      0.6123233995736766E-16
  0.9238795325112867       0.000000000000000      0.3826834323650898    
  0.6532814824381883      0.6532814824381882      0.3826834323650898    
  0.5657130561438501E-16  0.9238795325112867      0.3826834323650898    
 -0.6532814824381882      0.6532814824381883      0.3826834323650898    
 -0.9238795325112867      0.1131426112287700E-15  0.3826834323650898    
 -0.6532814824381884     -0.6532814824381882      0.3826834323650898    
 -0.1697139168431551E-15 -0.9238795325112867      0.3826834323650898    
  0.6532814824381882     -0.6532814824381884      0.3826834323650898    
  0.7071067811865475       0.000000000000000      0.7071067811865476    
  0.5000000000000000      0.4999999999999999      0.7071067811865476    
  0.4329780281177466E-16  0.7071067811865475      0.7071067811865476    
 -0.4999999999999999      0.5000000000000000      0.7071067811865476    
 -0.7071067811865475      0.8659560562354932E-16  0.7071067811865476    
 -0.5000000000000001     -0.4999999999999999      0.7071067811865476    
 -0.1298934084353240E-15 -0.7071067811865475      0.7071067811865476    
  0.4999999999999999     -0.5000000000000001      0.7071067811865476    
  0.3826834323650898       0.000000000000000      0.9238795325112867    
  0.2705980500730985      0.2705980500730985      0.9238795325112867    
  0.2343260202663149E-16  0.3826834323650898      0.9238795325112867    
 -0.2705980500730985      0.2705980500730985      0.9238795325112867    
 -0.3826834323650898      0.4686520405326299E-16  0.9238795325112867    
 -0.2705980500730986     -0.2705980500730985      0.9238795325112867    
 -0.7029780607989448E-16 -0.3826834323650898      0.9238795325112867    
  0.2705980500730985     -0.2705980500730986      0.9238795325112867    
   0.000000000000000       0.000000000000000       1.000000000000000    
