   0.000000000000000       0.000000000000000      -1.000000000000000    
  0.3826834323650898       0.000000000000000     -0.9238795325112867    
  0.1913417161825450      0.3314135740355919     -0.9238795325112867    
 -0.1913417161825448      0.3314135740355919     -0.9238795325112867    
 -0.3826834323650898      0.4686520405326299E-16 -0.9238795325112867    
 -0.1913417161825451     -0.3314135740355917     -0.9238795325112867    
  0.1913417161825449     -0.3314135740355919     -0.9238795325112867    
  0.7071067811865476       0.000000000000000     -0.7071067811865475    
  0.3535533905932738      0.6123724356957946     -0.7071067811865475    
 -0.3535533905932736      0.6123724356957947     -0.7071067811865475    
 -0.7071067811865476      0.8659560562354934E-16 -0.7071067811865475    
 -0.3535533905932741     -0.6123724356957944     -0.7071067811865475    
  0.3535533905932738     -0.6123724356957946     -0.7071067811865475    
  0.9238795325112867       0.000000000000000     -0.3826834323650897    
  0.4619397662556435      0.8001031451912655     -0.3826834323650897    
 -0.4619397662556431      0.8001031451912657     -0.3826834323650897    
 -0.9238795325112867      0.1131426112287700E-15 -0.3826834323650897    
 -0.4619397662556438     -0.8001031451912652     -0.3826834323650897    
  0.4619397662556434     -0.8001031451912655     -0.3826834323650897    
   1.000000000000000       0.000000000000000      0.6123233995736766E-16
  0.5000000000000001      0.8660254037844386      0.6123233995736766E-16
 -0.4999999999999998      0.8660254037844388      0.6123233995736766E-16
  -1.000000000000000      0.1224646799147353E-15  0.6123233995736766E-16
 -0.5000000000000004     -0.8660254037844384      0.6123233995736766E-16
  0.5000000000000000     -0.8660254037844386      0.6123233995736766E-16
  0.9238795325112867       0.000000000000000      0.3826834323650898    
  0.4619397662556435      0.8001031451912655      0.3826834323650898    
 -0.4619397662556431      0.8001031451912657      0.3826834323650898    
 -0.9238795325112867      0.1131426112287700E-15  0.3826834323650898    
 -0.4619397662556438     -0.8001031451912652      0.3826834323650898    
  0.4619397662556434     -0.8001031451912655      0.3826834323650898    
  0.7071067811865475       0.000000000000000      0.7071067811865476    
  0.3535533905932738      0.6123724356957945      0.7071067811865476    
 -0.3535533905932736      0.6123724356957946      0.7071067811865476    
 -0.7071067811865475      0.8659560562354932E-16  0.7071067811865476    
 -0.3535533905932741     -0.6123724356957942      0.7071067811865476    
  0.3535533905932737     -0.6123724356957945      0.7071067811865476    
  0.3826834323650898       0.000000000000000      0.9238795325112867    
  0.1913417161825449      0.3314135740355918      0.9238795325112867    
 -0.1913417161825448      0.3314135740355919      0.9238795325112867    
 -0.3826834323650898      0.4686520405326299E-16  0.9238795325112867    
 -0.1913417161825451     -0.3314135740355917      0.9238795325112867    
  0.1913417161825449     -0.3314135740355918      0.9238795325112867    
   0.000000000000000       0.000000000000000       1.000000000000000    
