   0.000000000000000    
  0.5000000000000000E-02
  0.1000000000000000E-01
  0.1500000000000000E-01
  0.2000000000000000E-01
  0.2500000000000000E-01
  0.3000000000000000E-01
  0.3500000000000000E-01
  0.4000000000000000E-01
  0.4500000000000000E-01
  0.5000000000000000E-01
  0.5499999999999999E-01
  0.5999999999999999E-01
  0.6499999999999999E-01
  0.6999999999999999E-01
  0.7500000000000000E-01
  0.8000000000000000E-01
  0.8500000000000001E-01
  0.9000000000000001E-01
  0.9500000000000001E-01
  0.1000000000000000    
  0.1050000000000000    
  0.1100000000000000    
  0.1150000000000000    
  0.1200000000000000    
  0.1250000000000000    
  0.1300000000000000    
  0.1350000000000000    
  0.1400000000000000    
  0.1450000000000000    
  0.1500000000000000    
  0.1550000000000001    
  0.1600000000000001    
  0.1650000000000001    
  0.1700000000000001    
  0.1750000000000001    
  0.1800000000000001    
  0.1850000000000001    
  0.1900000000000001    
  0.1950000000000001    
  0.2000000000000001    
  0.2050000000000001    
  0.2100000000000001    
  0.2150000000000001    
  0.2200000000000001    
  0.2250000000000001    
  0.2300000000000001    
  0.2350000000000001    
  0.2400000000000001    
  0.2450000000000001    
  0.2500000000000001    
  0.2550000000000001    
  0.2600000000000001    
  0.2650000000000001    
  0.2700000000000001    
  0.2750000000000001    
  0.2800000000000001    
  0.2850000000000001    
  0.2900000000000001    
  0.2950000000000002    
  0.3000000000000002    
  0.3050000000000002    
  0.3100000000000002    
  0.3150000000000002    
  0.3200000000000002    
  0.3250000000000002    
  0.3300000000000002    
  0.3350000000000002    
  0.3400000000000002    
  0.3450000000000002    
  0.3500000000000002    
  0.3550000000000002    
  0.3600000000000002    
  0.3650000000000002    
  0.3700000000000002    
  0.3750000000000002    
  0.3800000000000002    
  0.3850000000000002    
  0.3900000000000002    
  0.3950000000000002    
  0.4000000000000002    
  0.4050000000000002    
  0.4100000000000003    
  0.4150000000000003    
  0.4200000000000003    
  0.4250000000000003    
  0.4300000000000003    
  0.4350000000000003    
  0.4400000000000003    
  0.4450000000000003    
  0.4500000000000003    
  0.4550000000000003    
  0.4600000000000003    
  0.4650000000000003    
  0.4700000000000003    
  0.4750000000000003    
  0.4800000000000003    
  0.4850000000000003    
  0.4900000000000003    
  0.4950000000000003    
  0.5000000000000003    
  0.5050000000000003    
  0.5100000000000003    
  0.5150000000000003    
  0.5200000000000004    
  0.5250000000000004    
  0.5300000000000004    
  0.5350000000000004    
  0.5400000000000004    
  0.5450000000000004    
  0.5500000000000004    
  0.5550000000000004    
  0.5600000000000004    
  0.5650000000000004    
  0.5700000000000004    
  0.5750000000000004    
  0.5800000000000004    
  0.5850000000000004    
  0.5900000000000004    
  0.5950000000000004    
  0.6000000000000004    
  0.6050000000000004    
  0.6100000000000004    
  0.6150000000000004    
  0.6200000000000004    
  0.6250000000000004    
  0.6300000000000004    
  0.6350000000000005    
  0.6400000000000005    
  0.6450000000000005    
  0.6500000000000005    
  0.6550000000000005    
  0.6600000000000005    
  0.6650000000000005    
  0.6700000000000005    
  0.6750000000000005    
  0.6800000000000005    
  0.6850000000000005    
  0.6900000000000005    
  0.6950000000000005    
  0.7000000000000005    
  0.7050000000000005    
  0.7100000000000005    
  0.7150000000000005    
  0.7200000000000005    
  0.7250000000000005    
  0.7300000000000005    
  0.7350000000000005    
  0.7400000000000005    
  0.7450000000000006    
  0.7500000000000006    
  0.7550000000000006    
  0.7600000000000006    
  0.7650000000000006    
  0.7700000000000006    
  0.7750000000000006    
  0.7800000000000006    
  0.7850000000000006    
  0.7900000000000006    
  0.7950000000000006    
  0.8000000000000006    
  0.8050000000000006    
  0.8100000000000006    
  0.8150000000000006    
  0.8200000000000006    
  0.8250000000000006    
  0.8300000000000006    
  0.8350000000000006    
  0.8400000000000006    
  0.8450000000000006    
  0.8500000000000006    
  0.8550000000000006    
  0.8600000000000007    
  0.8650000000000007    
  0.8700000000000007    
  0.8750000000000007    
  0.8800000000000007    
  0.8850000000000007    
  0.8900000000000007    
  0.8950000000000007    
  0.9000000000000007    
  0.9050000000000007    
  0.9100000000000007    
  0.9150000000000007    
  0.9200000000000007    
  0.9250000000000007    
  0.9300000000000007    
  0.9350000000000007    
  0.9400000000000007    
  0.9450000000000007    
  0.9500000000000007    
  0.9550000000000007    
  0.9600000000000007    
  0.9650000000000007    
  0.9700000000000008    
  0.9750000000000008    
  0.9800000000000008    
  0.9850000000000008    
  0.9900000000000008    
  0.9950000000000008    
   1.000000000000001    
   1.005000000000001    
   1.010000000000000    
   1.015000000000000    
   1.020000000000000    
   1.025000000000000    
   1.030000000000000    
   1.035000000000000    
   1.040000000000000    
   1.045000000000000    
   1.050000000000000    
   1.054999999999999    
   1.059999999999999    
   1.064999999999999    
   1.069999999999999    
   1.074999999999999    
   1.079999999999999    
   1.084999999999999    
   1.089999999999999    
   1.094999999999999    
   1.099999999999999    
   1.104999999999998    
   1.109999999999998    
   1.114999999999998    
   1.119999999999998    
   1.124999999999998    
   1.129999999999998    
   1.134999999999998    
   1.139999999999998    
   1.144999999999998    
   1.149999999999997    
   1.154999999999997    
   1.159999999999997    
   1.164999999999997    
   1.169999999999997    
   1.174999999999997    
   1.179999999999997    
   1.184999999999997    
   1.189999999999997    
   1.194999999999997    
   1.199999999999996    
   1.204999999999996    
   1.209999999999996    
   1.214999999999996    
   1.219999999999996    
   1.224999999999996    
   1.229999999999996    
   1.234999999999996    
   1.239999999999996    
   1.244999999999995    
   1.249999999999995    
   1.254999999999995    
   1.259999999999995    
   1.264999999999995    
   1.269999999999995    
   1.274999999999995    
   1.279999999999995    
   1.284999999999995    
   1.289999999999994    
   1.294999999999994    
   1.299999999999994    
   1.304999999999994    
   1.309999999999994    
   1.314999999999994    
   1.319999999999994    
   1.324999999999994    
   1.329999999999994    
   1.334999999999994    
   1.339999999999993    
   1.344999999999993    
   1.349999999999993    
   1.354999999999993    
   1.359999999999993    
   1.364999999999993    
   1.369999999999993    
   1.374999999999993    
   1.379999999999993    
   1.384999999999992    
   1.389999999999992    
   1.394999999999992    
   1.399999999999992    
   1.404999999999992    
   1.409999999999992    
   1.414999999999992    
   1.419999999999992    
   1.424999999999992    
   1.429999999999992    
   1.434999999999991    
   1.439999999999991    
   1.444999999999991    
   1.449999999999991    
   1.454999999999991    
   1.459999999999991    
   1.464999999999991    
   1.469999999999991    
   1.474999999999991    
   1.479999999999990    
   1.484999999999990    
   1.489999999999990    
   1.494999999999990    
   1.499999999999990    
   1.504999999999990    
   1.509999999999990    
   1.514999999999990    
   1.519999999999990    
   1.524999999999989    
   1.529999999999989    
   1.534999999999989    
   1.539999999999989    
   1.544999999999989    
   1.549999999999989    
   1.554999999999989    
   1.559999999999989    
   1.564999999999989    
   1.569999999999989    
   1.574999999999988    
   1.579999999999988    
   1.584999999999988    
   1.589999999999988    
   1.594999999999988    
   1.599999999999988    
   1.604999999999988    
   1.609999999999988    
   1.614999999999988    
   1.619999999999987    
   1.624999999999987    
   1.629999999999987    
   1.634999999999987    
   1.639999999999987    
   1.644999999999987    
   1.649999999999987    
   1.654999999999987    
   1.659999999999987    
   1.664999999999986    
   1.669999999999986    
   1.674999999999986    
   1.679999999999986    
   1.684999999999986    
   1.689999999999986    
   1.694999999999986    
   1.699999999999986    
   1.704999999999986    
   1.709999999999986    
   1.714999999999985    
   1.719999999999985    
   1.724999999999985    
   1.729999999999985    
   1.734999999999985    
   1.739999999999985    
   1.744999999999985    
   1.749999999999985    
   1.754999999999985    
   1.759999999999984    
   1.764999999999984    
   1.769999999999984    
   1.774999999999984    
   1.779999999999984    
   1.784999999999984    
   1.789999999999984    
   1.794999999999984    
   1.799999999999984    
   1.804999999999984    
   1.809999999999983    
   1.814999999999983    
   1.819999999999983    
   1.824999999999983    
   1.829999999999983    
   1.834999999999983    
   1.839999999999983    
   1.844999999999983    
   1.849999999999983    
   1.854999999999982    
   1.859999999999982    
   1.864999999999982    
   1.869999999999982    
   1.874999999999982    
   1.879999999999982    
   1.884999999999982    
   1.889999999999982    
   1.894999999999982    
   1.899999999999981    
   1.904999999999981    
   1.909999999999981    
   1.914999999999981    
   1.919999999999981    
   1.924999999999981    
   1.929999999999981    
   1.934999999999981    
   1.939999999999981    
   1.944999999999981    
   1.949999999999980    
   1.954999999999980    
   1.959999999999980    
   1.964999999999980    
   1.969999999999980    
   1.974999999999980    
   1.979999999999980    
   1.984999999999980    
   1.989999999999980    
   1.994999999999979    
   1.999999999999979    
   2.004999999999979    
   2.009999999999979    
   2.014999999999979    
   2.019999999999979    
   2.024999999999979    
   2.029999999999979    
   2.034999999999979    
   2.039999999999979    
   2.044999999999979    
   2.049999999999979    
   2.054999999999978    
   2.059999999999978    
   2.064999999999978    
   2.069999999999978    
   2.074999999999978    
   2.079999999999978    
   2.084999999999978    
   2.089999999999978    
   2.094999999999978    
   2.099999999999977    
   2.104999999999977    
   2.109999999999977    
   2.114999999999977    
   2.119999999999977    
   2.124999999999977    
   2.129999999999977    
   2.134999999999977    
   2.139999999999977    
   2.144999999999976    
   2.149999999999976    
   2.154999999999976    
   2.159999999999976    
   2.164999999999976    
   2.169999999999976    
   2.174999999999976    
   2.179999999999976    
   2.184999999999976    
   2.189999999999976    
   2.194999999999975    
   2.199999999999975    
   2.204999999999975    
   2.209999999999975    
   2.214999999999975    
   2.219999999999975    
   2.224999999999975    
   2.229999999999975    
   2.234999999999975    
   2.239999999999974    
   2.244999999999974    
   2.249999999999974    
   2.254999999999974    
   2.259999999999974    
   2.264999999999974    
   2.269999999999974    
   2.274999999999974    
   2.279999999999974    
   2.284999999999973    
   2.289999999999973    
   2.294999999999973    
   2.299999999999973    
   2.304999999999973    
   2.309999999999973    
   2.314999999999973    
   2.319999999999973    
   2.324999999999973    
   2.329999999999973    
   2.334999999999972    
   2.339999999999972    
   2.344999999999972    
   2.349999999999972    
   2.354999999999972    
   2.359999999999972    
   2.364999999999972    
   2.369999999999972    
   2.374999999999972    
   2.379999999999971    
   2.384999999999971    
   2.389999999999971    
   2.394999999999971    
   2.399999999999971    
   2.404999999999971    
   2.409999999999971    
   2.414999999999971    
   2.419999999999971    
   2.424999999999971    
   2.429999999999970    
   2.434999999999970    
   2.439999999999970    
   2.444999999999970    
   2.449999999999970    
   2.454999999999970    
   2.459999999999970    
   2.464999999999970    
   2.469999999999970    
   2.474999999999969    
   2.479999999999969    
   2.484999999999969    
   2.489999999999969    
   2.494999999999969    
   2.499999999999969    
   2.504999999999969    
   2.509999999999969    
   2.514999999999969    
   2.519999999999968    
   2.524999999999968    
   2.529999999999968    
   2.534999999999968    
   2.539999999999968    
   2.544999999999968    
   2.549999999999968    
   2.554999999999968    
   2.559999999999968    
   2.564999999999968    
   2.569999999999967    
   2.574999999999967    
   2.579999999999967    
   2.584999999999967    
   2.589999999999967    
   2.594999999999967    
   2.599999999999967    
   2.604999999999967    
   2.609999999999967    
   2.614999999999966    
   2.619999999999966    
   2.624999999999966    
   2.629999999999966    
   2.634999999999966    
   2.639999999999966    
   2.644999999999966    
   2.649999999999966    
   2.654999999999966    
   2.659999999999966    
   2.664999999999965    
   2.669999999999965    
   2.674999999999965    
   2.679999999999965    
   2.684999999999965    
   2.689999999999965    
   2.694999999999965    
   2.699999999999965    
   2.704999999999965    
   2.709999999999964    
   2.714999999999964    
   2.719999999999964    
   2.724999999999964    
   2.729999999999964    
   2.734999999999964    
   2.739999999999964    
   2.744999999999964    
   2.749999999999964    
   2.754999999999963    
   2.759999999999963    
   2.764999999999963    
   2.769999999999963    
   2.774999999999963    
   2.779999999999963    
   2.784999999999963    
   2.789999999999963    
   2.794999999999963    
   2.799999999999963    
   2.804999999999962    
   2.809999999999962    
   2.814999999999962    
   2.819999999999962    
   2.824999999999962    
   2.829999999999962    
   2.834999999999962    
   2.839999999999962    
   2.844999999999962    
   2.849999999999961    
   2.854999999999961    
   2.859999999999961    
   2.864999999999961    
   2.869999999999961    
   2.874999999999961    
   2.879999999999961    
   2.884999999999961    
   2.889999999999961    
   2.894999999999960    
   2.899999999999960    
   2.904999999999960    
   2.909999999999960    
   2.914999999999960    
   2.919999999999960    
   2.924999999999960    
   2.929999999999960    
   2.934999999999960    
   2.939999999999960    
   2.944999999999959    
   2.949999999999959    
   2.954999999999959    
   2.959999999999959    
   2.964999999999959    
   2.969999999999959    
   2.974999999999959    
   2.979999999999959    
   2.984999999999959    
   2.989999999999958    
   2.994999999999958    
   2.999999999999958    
   3.004999999999958    
   3.009999999999958    
   3.014999999999958    
   3.019999999999958    
   3.024999999999958    
   3.029999999999958    
   3.034999999999958    
   3.039999999999957    
   3.044999999999957    
   3.049999999999957    
   3.054999999999957    
   3.059999999999957    
   3.064999999999957    
   3.069999999999957    
   3.074999999999957    
   3.079999999999957    
   3.084999999999956    
   3.089999999999956    
   3.094999999999956    
   3.099999999999956    
   3.104999999999956    
   3.109999999999956    
   3.114999999999956    
   3.119999999999956    
   3.124999999999956    
   3.129999999999955    
   3.134999999999955    
   3.139999999999955    
   3.144999999999955    
   3.149999999999955    
   3.154999999999955    
   3.159999999999955    
   3.164999999999955    
   3.169999999999955    
   3.174999999999955    
   3.179999999999954    
   3.184999999999954    
   3.189999999999954    
   3.194999999999954    
   3.199999999999954    
   3.204999999999954    
   3.209999999999954    
   3.214999999999954    
   3.219999999999954    
   3.224999999999953    
   3.229999999999953    
   3.234999999999953    
   3.239999999999953    
   3.244999999999953    
   3.249999999999953    
   3.254999999999953    
   3.259999999999953    
   3.264999999999953    
   3.269999999999953    
   3.274999999999952    
   3.279999999999952    
   3.284999999999952    
   3.289999999999952    
   3.294999999999952    
   3.299999999999952    
   3.304999999999952    
   3.309999999999952    
   3.314999999999952    
   3.319999999999951    
   3.324999999999951    
   3.329999999999951    
   3.334999999999951    
   3.339999999999951    
   3.344999999999951    
   3.349999999999951    
   3.354999999999951    
   3.359999999999951    
   3.364999999999950    
   3.369999999999950    
   3.374999999999950    
   3.379999999999950    
   3.384999999999950    
   3.389999999999950    
   3.394999999999950    
   3.399999999999950    
   3.404999999999950    
   3.409999999999950    
   3.414999999999949    
   3.419999999999949    
   3.424999999999949    
   3.429999999999949    
   3.434999999999949    
   3.439999999999949    
   3.444999999999949    
   3.449999999999949    
   3.454999999999949    
   3.459999999999948    
   3.464999999999948    
   3.469999999999948    
   3.474999999999948    
   3.479999999999948    
   3.484999999999948    
   3.489999999999948    
   3.494999999999948    
   3.499999999999948    
   3.504999999999947    
   3.509999999999947    
   3.514999999999947    
   3.519999999999947    
   3.524999999999947    
   3.529999999999947    
   3.534999999999947    
   3.539999999999947    
   3.544999999999947    
   3.549999999999947    
   3.554999999999946    
   3.559999999999946    
   3.564999999999946    
   3.569999999999946    
   3.574999999999946    
   3.579999999999946    
   3.584999999999946    
   3.589999999999946    
   3.594999999999946    
   3.599999999999945    
   3.604999999999945    
   3.609999999999945    
   3.614999999999945    
   3.619999999999945    
   3.624999999999945    
   3.629999999999945    
   3.634999999999945    
   3.639999999999945    
   3.644999999999945    
   3.649999999999944    
   3.654999999999944    
   3.659999999999944    
   3.664999999999944    
   3.669999999999944    
   3.674999999999944    
   3.679999999999944    
   3.684999999999944    
   3.689999999999944    
   3.694999999999943    
   3.699999999999943    
   3.704999999999943    
   3.709999999999943    
   3.714999999999943    
   3.719999999999943    
   3.724999999999943    
   3.729999999999943    
   3.734999999999943    
   3.739999999999942    
   3.744999999999942    
   3.749999999999942    
   3.754999999999942    
   3.759999999999942    
   3.764999999999942    
   3.769999999999942    
   3.774999999999942    
   3.779999999999942    
   3.784999999999942    
   3.789999999999941    
   3.794999999999941    
   3.799999999999941    
   3.804999999999941    
   3.809999999999941    
   3.814999999999941    
   3.819999999999941    
   3.824999999999941    
   3.829999999999941    
   3.834999999999940    
   3.839999999999940    
   3.844999999999940    
   3.849999999999940    
   3.854999999999940    
   3.859999999999940    
   3.864999999999940    
   3.869999999999940    
   3.874999999999940    
   3.879999999999939    
   3.884999999999939    
   3.889999999999939    
   3.894999999999939    
   3.899999999999939    
   3.904999999999939    
   3.909999999999939    
   3.914999999999939    
   3.919999999999939    
   3.924999999999939    
   3.929999999999938    
   3.934999999999938    
   3.939999999999938    
   3.944999999999938    
   3.949999999999938    
   3.954999999999938    
   3.959999999999938    
   3.964999999999938    
   3.969999999999938    
   3.974999999999937    
   3.979999999999937    
   3.984999999999937    
   3.989999999999937    
   3.994999999999937    
   3.999999999999937    
   4.004999999999937    
   4.009999999999937    
   4.014999999999937    
   4.019999999999937    
   4.024999999999936    
   4.029999999999936    
   4.034999999999936    
   4.039999999999936    
   4.044999999999936    
   4.049999999999936    
   4.054999999999936    
   4.059999999999936    
   4.064999999999936    
   4.069999999999935    
   4.074999999999935    
   4.079999999999935    
   4.084999999999935    
   4.089999999999935    
   4.094999999999935    
   4.099999999999935    
   4.104999999999935    
   4.109999999999935    
   4.114999999999934    
   4.119999999999934    
   4.124999999999934    
   4.129999999999934    
   4.134999999999934    
   4.139999999999934    
   4.144999999999934    
   4.149999999999934    
   4.154999999999934    
   4.159999999999934    
   4.164999999999933    
   4.169999999999933    
   4.174999999999933    
   4.179999999999933    
   4.184999999999933    
   4.189999999999933    
   4.194999999999933    
   4.199999999999933    
   4.204999999999933    
   4.209999999999932    
   4.214999999999932    
   4.219999999999932    
   4.224999999999932    
   4.229999999999932    
   4.234999999999932    
   4.239999999999932    
   4.244999999999932    
   4.249999999999932    
   4.254999999999932    
   4.259999999999931    
   4.264999999999931    
   4.269999999999931    
   4.274999999999931    
   4.279999999999931    
   4.284999999999931    
   4.289999999999931    
   4.294999999999931    
   4.299999999999931    
   4.304999999999930    
   4.309999999999930    
   4.314999999999930    
   4.319999999999930    
   4.324999999999930    
   4.329999999999930    
   4.334999999999930    
   4.339999999999930    
   4.344999999999930    
   4.349999999999929    
   4.354999999999929    
   4.359999999999929    
   4.364999999999929    
   4.369999999999929    
   4.374999999999929    
   4.379999999999929    
   4.384999999999929    
   4.389999999999929    
   4.394999999999929    
   4.399999999999928    
   4.404999999999928    
   4.409999999999928    
   4.414999999999928    
   4.419999999999928    
   4.424999999999928    
   4.429999999999928    
   4.434999999999928    
   4.439999999999928    
   4.444999999999927    
   4.449999999999927    
   4.454999999999927    
   4.459999999999927    
   4.464999999999927    
   4.469999999999927    
   4.474999999999927    
   4.479999999999927    
   4.484999999999927    
   4.489999999999926    
   4.494999999999926    
   4.499999999999926    
   4.504999999999926    
   4.509999999999926    
   4.514999999999926    
   4.519999999999926    
   4.524999999999926    
   4.529999999999926    
   4.534999999999926    
   4.539999999999925    
   4.544999999999925    
   4.549999999999925    
   4.554999999999925    
   4.559999999999925    
   4.564999999999925    
   4.569999999999925    
   4.574999999999925    
   4.579999999999925    
   4.584999999999924    
   4.589999999999924    
   4.594999999999924    
   4.599999999999924    
   4.604999999999924    
   4.609999999999924    
   4.614999999999924    
   4.619999999999924    
   4.624999999999924    
   4.629999999999924    
   4.634999999999923    
   4.639999999999923    
   4.644999999999923    
   4.649999999999923    
   4.654999999999923    
   4.659999999999923    
   4.664999999999923    
   4.669999999999923    
   4.674999999999923    
   4.679999999999922    
   4.684999999999922    
   4.689999999999922    
   4.694999999999922    
   4.699999999999922    
   4.704999999999922    
   4.709999999999922    
   4.714999999999922    
   4.719999999999922    
   4.724999999999921    
   4.729999999999921    
   4.734999999999921    
   4.739999999999921    
   4.744999999999921    
   4.749999999999921    
   4.754999999999921    
   4.759999999999921    
   4.764999999999921    
   4.769999999999921    
   4.774999999999920    
   4.779999999999920    
   4.784999999999920    
   4.789999999999920    
   4.794999999999920    
   4.799999999999920    
   4.804999999999920    
   4.809999999999920    
   4.814999999999920    
   4.819999999999919    
   4.824999999999919    
   4.829999999999919    
   4.834999999999919    
   4.839999999999919    
   4.844999999999919    
   4.849999999999919    
   4.854999999999919    
   4.859999999999919    
   4.864999999999919    
   4.869999999999918    
   4.874999999999918    
   4.879999999999918    
   4.884999999999918    
   4.889999999999918    
   4.894999999999918    
   4.899999999999918    
   4.904999999999918    
   4.909999999999918    
   4.914999999999917    
   4.919999999999917    
   4.924999999999917    
   4.929999999999917    
   4.934999999999917    
   4.939999999999917    
   4.944999999999917    
   4.949999999999917    
   4.954999999999917    
   4.959999999999916    
   4.964999999999916    
   4.969999999999916    
   4.974999999999916    
   4.979999999999916    
   4.984999999999916    
   4.989999999999916    
   4.994999999999916    
   4.999999999999916    
