   0.000000000000000    
  0.5000000000000000E-01
  0.1000000000000000    
  0.1500000000000000    
  0.2000000000000000    
  0.2500000000000000    
  0.3000000000000000    
  0.3500000000000000    
  0.4000000000000000    
  0.4500000000000000    
  0.4999999999999999    
  0.5499999999999999    
  0.6000000000000000    
  0.6500000000000000    
  0.7000000000000001    
  0.7500000000000001    
  0.8000000000000002    
  0.8500000000000002    
  0.9000000000000002    
  0.9500000000000003    
   1.000000000000000    
   1.050000000000000    
   1.100000000000000    
   1.150000000000000    
   1.200000000000000    
   1.250000000000000    
   1.300000000000000    
   1.350000000000001    
   1.400000000000001    
   1.450000000000001    
   1.500000000000001    
   1.550000000000001    
   1.600000000000001    
   1.650000000000001    
   1.700000000000001    
   1.750000000000001    
   1.800000000000001    
   1.850000000000001    
   1.900000000000001    
   1.950000000000001    
   2.000000000000001    
   2.050000000000001    
   2.100000000000001    
   2.150000000000000    
   2.200000000000000    
   2.250000000000000    
   2.300000000000000    
   2.350000000000000    
   2.399999999999999    
   2.449999999999999    
   2.499999999999999    
   2.549999999999999    
   2.599999999999999    
   2.649999999999999    
   2.699999999999998    
   2.749999999999998    
   2.799999999999998    
   2.849999999999998    
   2.899999999999998    
   2.949999999999998    
   2.999999999999997    
   3.049999999999997    
   3.099999999999997    
   3.149999999999997    
   3.199999999999997    
   3.249999999999996    
   3.299999999999996    
   3.349999999999996    
   3.399999999999996    
   3.449999999999996    
   3.499999999999996    
   3.549999999999995    
   3.599999999999995    
   3.649999999999995    
   3.699999999999995    
   3.749999999999995    
   3.799999999999994    
   3.849999999999994    
   3.899999999999994    
   3.949999999999994    
   3.999999999999994    
   4.049999999999994    
   4.099999999999993    
   4.149999999999993    
   4.199999999999993    
   4.249999999999993    
   4.299999999999993    
   4.349999999999993    
   4.399999999999992    
   4.449999999999992    
   4.499999999999992    
   4.549999999999992    
   4.599999999999992    
   4.649999999999991    
   4.699999999999991    
   4.749999999999991    
   4.799999999999991    
   4.849999999999991    
   4.899999999999991    
   4.949999999999990    
   4.999999999999990    
