   5000.000000000000       100.0000000000000    
   5047.500000000000       100.0000000000000    
   5095.451250000000       100.0475000000000    
   5143.856826705328       100.1429965893438    
   5192.719788789117       100.2870591264048    
   5242.043173694582       100.4803321349360    
   5291.829994235735       100.7235379197743    
   5342.083234982646       101.0174794146796    
   5392.805848416366       101.3630432761593    
   5444.000750837565       101.7612032382808    
   5495.670818011764       102.2130237447201    
   5547.818880532808       102.7196638756301    
   5600.447718884880       103.2823815883607    
   5653.560058181892       103.9025382926180    
   5707.158562561536       104.5816037823357    
   5761.245829209588       105.3211615483466    
   5815.824381988195       106.1229144979085    
   5870.896664639954       106.9886911092590    
   5926.465033537415       107.9204520516714    
   5982.531749945350       108.9202973039657    
   6039.098971760632       109.9904738071120    
   6096.168744691878       111.1333836894764    
   6153.742992838098       112.3515931063989    
   6211.823508622416       113.6478417392060    
   6270.411942033541       115.0250530024437    
   6329.509789123978       116.4863450121171    
   6389.118379709951       118.0350423720459    
   6449.238864213705       119.6746888401345    
   6509.872199584190       121.4090609414325    
   6571.019134227030       123.2421826003634    
   6632.680191869246       125.1783408704542    
   6694.855654278226       127.2221028463566    
   6757.545542748058       129.3783338499398    
   6820.749598259360       131.6522169898011    
   6884.467260211238       134.0492742017424    
   6948.697643615866       136.5753888866250    
   7013.439514637363       139.2368302716179    
   7078.691264347137       142.0402796312352    
   7144.450880557553       144.9928585157839    
   7210.715917584641       148.1021591469712    
   7277.483463778539       151.3762771535199    
   7344.750106647359       154.8238468337748    
   7412.511895386113       158.4540791475253    
   7480.764300607207       162.2768026556839    
   7549.502171052663       166.3025076441329    
   7618.719687050635       170.5423936870351    
   7688.410310459841       175.0084209252848    
   7758.566730825143       179.7133653576132    
   7829.180807445654       184.6708784652145    
   7900.243507033240       189.8955515156937    
   7971.744836614191       195.4029849186725    
   8043.673771299910       201.2098630335832    
   8116.018176523859       207.3340348600048    
   8188.764724311418       213.7946010723629    
   8261.898803116985       220.6120078938407    
   8335.404420728299       227.8081483388623    
   8409.264099701873       235.4064713893359    
   8483.458764755433       243.4320997067875    
   8557.967621503585       251.9119565202518    
   8632.768025881771       260.8749023679385    
   8707.835343561004       270.3518824087113    
   8783.142798612431       280.3760850566440    
   8858.661310636713       290.9831127274959    
   8934.359319529241       302.2111655187982    
   9010.202597008940       314.1012386740450    
   9086.154043996907       326.6973347045887    
   9162.173472892429       340.0466910582504    
   9238.217373759560       354.2000242289254    
   9314.238663409067       369.2117911936563    
   9390.186416340546       385.1404690391981    
   9466.005576500178       402.0488535947873    
   9541.636648814410       420.0043778165855    
   9617.015369482368       439.0794505661285    
   9692.072354054599       459.3518162830053    
   9766.732722398237       480.9049358626679    
   9840.915699754956       503.8283888040619    
   9914.534193245685       528.2182963775002    
   9987.494343373479       554.1777651679523    
   10059.69505033302       581.8173498579375    
   10131.02747526353       611.2555335106783    
   10201.37451699415       642.6192228791799    
   10270.61026534204       676.0442553793234    
   10338.59943264984       711.6759133016012    
   10405.19676600889       749.6694395714261    
   10470.24644352795       790.1905478748978    
   10533.58145909525       833.4159182171185    
   10595.02300136697       879.5336669447294    
   10654.37983422186       928.7437779150533    
   10711.44768767119       981.2584788050724    
   10766.00867022888       1037.302543502862    
   10817.83071604616       1097.113498097742    
   10866.66708271307       1160.941704179961    
   10912.25591853139       1229.050288988575    
   10954.31992126577       1301.714887441029    
   10992.56611386191       1379.223156302012    
   11026.68576634343       1461.874015801103    
   11056.35449699576       1549.976569033262    
   11081.23258991937       1643.848644674288    
   11100.96556994727       1743.814904183169    
   11115.18507958825       1850.204451090993    
   11123.51010583936       1963.347877625987    
   11125.54860710750       2083.573683325197    
   11120.89959172695       2211.204002062182    
   11109.15569922543       2346.549578796656    
   11089.90633308366       2489.903946124862    
   11062.74138871000       2641.536764227620    
   11027.25561214000       2801.686306930439    
   10983.05361300363       2970.551102099461    
   10929.75553906104       3148.280767139742    
   10867.00339868582       3334.966120314404    
   10794.46799185289       3530.628695938271    
   10711.85637952430       3735.209845635587    
   10618.91978625038       3948.559667492143    
   10515.46179221127       4170.426067920761    
   10401.34663026107       4400.444324269350    
   10276.50736284423       4638.127575494786    
   10140.95367557575       4882.858718513878    
   9994.778991987358       5133.884223276488    
   9838.166590996736       5390.310393933656    
   9671.394398743201       5651.102590563979    
   9494.838133025114       5915.087880446817    
   9308.972504518060       6180.961506099087    
   9114.370226004436       6447.297437911742    
   8911.698649232992       6712.563124079130    
   8701.713937096587       6975.138365132645    
   8485.252782842294       7233.338034126531    
   8263.221802254160       7485.438149253316    
   8036.584841705027       7729.704598934000    
   7806.348556068824       7964.423637093807    
   7573.546706832774       8187.933124832593    
   7339.223704134388       8398.653408124392    
   7104.417960297154       8595.116699475328    
   6870.145632647113       8775.993879007587    
   6637.385308873575       8940.117745257225    
   6407.064131052460       9086.501919814065    
   6180.045769727084       9214.354829095162    
   5957.120554512785       9323.088433463543    
   5738.997951365282       9412.321629175627    
   5526.301458141785       9481.878493191147    
   5319.565878008975       9531.781757960043    
   5119.236831807701       9562.242080024767    
   4925.672290872157       9573.643794530772    
   4739.145853973876       9566.527924418237    
   4559.851456763955       9541.573239696645    
   4387.909188147341       9499.576144080320    
   4223.371892798237       9441.430111337457    
   4066.232258926012       9368.105311370999    
   3916.430121404708       9280.628966023578    
   3773.859748478176       9180.066866003557    
   3638.376921793213       9067.506371042869    
   3509.805661418068       8944.041111676879    
   3387.944487383651       8810.757517390230    
   3272.572145453907       8668.723215127880    
   3163.452756256060       8518.977275676258    
   3060.340373102517       8362.522233324653    
   2962.982954775488       8200.317765774529    
   2871.125775504580       8033.275895123128    
   2784.514305838487       7862.257555209248    
   2702.896605703538       7688.070363835454    
   2626.025275306469       7511.467438551890    
   2553.659011318140       7333.147100107084    
   2485.563815563772       7153.753316836829    
   2421.513901770415       6973.876754892977    
   2361.292343232084       6794.056312260397    
   2304.691500916265       6614.781028143658    
   2251.513267845503       6436.492272896323    
   2201.569161769903       6259.586136759618    
   2154.680294366940       6084.415947962961    
   2110.677241581571       5911.294862022890    
   2069.399836329638       5740.498474257243    
   2030.696901677542       5572.267416575166    
   1994.425939803528       5406.809907527987    
   1960.452789545760       5244.304231463193    
   1928.651263142224       5084.901128488020    
   1898.902770851588       4928.726081907736    
   1871.095940491588       4775.881493949380    
   1845.126237518516       4626.448744007887    
   1820.895590073184       4480.490126448529    
   1798.312022410833       4338.050667252268    
   1777.289299291206       4199.159820577125    
   1757.746583208491       4063.833047699522    
   1739.608105768958       3932.073281857782    
   1722.802854058661       3803.872283300866    
   1707.264272468521       3679.211889397277    
   1692.929980145159       3558.065165023506    
   1679.741504000719       3440.397458664115    
   1667.644027032842       3326.167369746677    
   1656.586151567823       3215.327632730039    
   1646.519676937831       3107.825923384876    
   1637.399391030456       3003.605592569139    
   1629.182875099919       2902.606332622366    
   1621.830321199593       2804.764781293897    
   1615.304361580913       2710.015067890554    
   1609.569909401154       2618.289306087162    
   1604.594010089242       2529.518037594652    
   1600.345702732449       2443.630630630289    
   1596.795890865801       2360.555636886721    
   1593.917222068755       2280.221110453793    
   1591.683975799057       2202.554891911874    
   1590.071958920678       2127.484860589020    
   1589.058408410631       2054.939157758077    
   1588.621900757698       1984.846383344251    
   1588.742267594173       1917.135768519242    
   1589.400517129299       1851.737326374911    
   1590.578760979953       1788.581982697445    
   1592.260146020002       1727.601688702072    
   1594.428790894617       1668.729517438140    
   1597.069726869468       1611.899745434424    
   1600.168842707253       1557.047921024522    
   1603.712833285198       1504.110920671551    
   1607.689151687223       1453.026994499627    
   1612.085964523266       1403.735802136303    
   1616.892110245885       1356.178439874716    
   1622.097060250749       1310.297460076170    
   1627.690882563039       1266.036883652797    
   1633.664207926118       1223.342206395259    
   1640.008198122213       1182.160399841829    
   1646.714516367255       1142.439907322098    
   1653.775299633605       1104.130635750639    
   1661.183132765075       1067.183943692839    
   1668.931024258624       1031.552626176399    
   1677.012383596304       997.1908966773917    
   1685.421000019580       964.0543666688970    
   1694.151022646054       932.1000230828955    
   1703.196941835943       901.2862040018937    
   1712.553571722427       871.5725728655485    
   1722.216033826271       842.9200914490331    
   1732.179741680894       815.2909918438597    
   1742.440386399469       788.6487476481353    
   1752.993923120536       762.9580445515833    
   1763.836558273268       738.1847504809526    
   1774.964737607710       714.2958854534863    
   1786.375134939296       691.2595912697941    
   1798.064641560525       669.0451011626310    
   1810.030356276081       647.6227095045975    
   1822.269576020757       626.9637416655386    
   1834.779787022438       607.0405240993141    
   1847.558656475058       587.8263547295577    
   1860.604024688885       569.2954736949275    
   1873.913897687804       551.4230345061206    
   1887.486440225351       534.1850756594766    
   1901.319969193214       517.5584927452829    
   1915.412947397736       501.5210110828403    
   1929.763977681613       486.0511589088990    
   1944.371797369565       471.1282411411820    
   1959.235273018164       456.7323137343153    
   1974.353395451368       442.8441586415543    
   1989.725275064533       429.4452593921741    
   2005.350137380832       416.5177772912580    
   2021.227318845078       404.0445282458209    
   2037.356262840927       392.0089602187331    
   2053.736515918379       380.3951313097105    
   2070.367724219321       369.1876884607081    
   2087.249630089673       358.3718467813546    
   2104.382068867425       347.9333694885762    
   2121.764965836538       337.8585484532712    
   2139.398333337320       328.1341853457731    
   2157.282268024495       318.7475733708819    
   2175.416948264696       309.6864795824262    
   2193.802631665682       300.9391277666252    
   2212.439652730011       292.4941818829499    
   2231.328420626358       284.3407300507091    
   2250.469417072103       276.4682690692115    
   2269.863194321169       268.8666894590622    
   2289.510373251470       261.5262610119301    
   2309.411641546662       254.4376188359784    
   2329.567751967193       247.5917498840517    
   2349.979520705950       240.9799799516793    
   2370.647825824077       234.5939611319611    
   2391.573605762773       228.4256597144524    
   2412.757857927140       222.4673445152501    
   2434.201637338355       216.7115756256011    
   2455.906055350648       211.1511935665012    
   2477.872278429782       205.7793088369210    
   2500.101526989873       200.5892918434894    
   2522.595074285593       195.5747631996722    
   2545.354245356938       190.7295843827092    
   2568.380416023889       186.0478487368107    
   2591.675011928433       181.5238728113602    
   2615.239507621549       177.1521880231289    
   2639.075425692866       172.9275326317694    
   2663.184335940824       168.8448440181229    
   2687.567854581265       164.8992512551511    
   2712.227643492488       161.0860679615722    
   2737.165409494879       157.4007854285625    
   2762.382903663316       153.8390660101582    
   2787.881920670639       150.3967367682702    
   2813.664298160525       147.0697833634979    
   2839.731916148190       143.8543441832038    
   2866.086696447403       140.7467046985797    
   2892.730602122350       137.7432920427048    
   2919.665636962929       134.8406698018597    
   2946.893844982130       132.0355330126222    
   2974.417309934182       129.3247033575294    
   3002.238154852181       126.7051245523403    
   3030.358541603971       124.1738579181867    
   3058.780670465079       121.7280781321403    
   3087.506779707513       119.3650691499678    
   3116.539145203284       117.0822202950772    
   3145.880080041532       114.8770225078926    
   3175.531934158138       112.7470647501186    
   3205.497093976736       110.6900305585786    
   3235.777982060064       108.7036947435269    
   3266.377056770566       106.7859202265474    
   3297.296811939202       104.9346550133613    
   3328.539776541406       103.1479292970682    
   3360.108514379155       101.4238526875465    
   3392.005623768063       99.76061156293477    
   3424.233737228484       98.15646653930820    
   3456.795521179513       96.60975005485317    
   3489.693675634849       95.11886406502940    
   3522.930933899391       93.68227784539097    
   3556.510062265487       92.29852589891827    
   3590.433859707683       90.96620596489011    
   3624.705157574832       89.68397712650045    
   3659.326819278369       88.45055801459792    
   3694.301739975538       87.26472510509758    
   3729.632846246322       86.12531110778519    
   3765.323095762781       85.03120344440373    
   3801.375476949460       83.98134281408072    
   3837.793008633481       82.97472184432401    
   3874.578739682879       82.01038382598236    
   3911.735748631681       81.08742153073707    
   3949.267143290167       80.20497610986173    
   3987.176060338673       79.36223607315914    
   4025.465664903230       78.55843634715964    
   4064.139150111243       77.79285741184142    
   4103.199736625323       77.06482451531421    
   4142.650672153304       76.37370696609165    
   4182.495230932348       75.71891750276626    
   4222.736713184938       75.09991174109474    
   4263.378444544457       74.51618769870070    
   4304.423775447880       73.96728539780837    
   4345.876080493001       73.45278654663460    
   4387.738757757438       72.97231430028864    
   4430.015228076520       72.52553310226055    
   4472.708934276948       72.11214860782134    
   4515.823340362977       71.73190769091137    
   4559.361930651609       71.38459853635960    
   4603.328208853118       71.07005081955688    
   4647.725697092937       70.78813597600195    
   4692.557934870742       70.53876756345159    
   4737.828477952220       70.32190171973778    
   4783.540897188785       70.13753771966620    
   4829.698777260121       69.98571863478433    
   4876.305715334142       69.86653210020600    
   4923.365319638529       69.78011119310381    
   4970.881207937671       69.72663542793509    
   5018.857005908340       69.70633187395278    
   5067.296345407015       69.71947640107274    
   5116.202862621231       69.76639506072758    
   5165.580196096821       69.84746560893578    
   5215.431984632304       69.96311917945971    
   5265.761865031061       70.11384211561868    
   5316.573469701256       70.30017797007008    
   5367.870424092714       70.52272968267609    
   5419.656343959191       70.78216194744151    
   5471.934832433595       71.07920378044541    
   5524.709476902792       71.41465130170180    
   5577.983845667639       71.78937074497891    
   5631.761484372784       72.20430171079134    
   5686.045912189607       72.66046067906044    
   5740.840617734393       73.15894479932727    
   5796.149054702464       73.70093597790657    
   5851.974637197493       74.28770528300154    
   5908.320734733609       74.92061769056873    
   5965.190666886144       75.60113719564266    
   6022.587697564978       76.33083231591479    
   6080.515028882374       77.11138201662629    
   6138.975794584948       77.94458208829484    
   6197.973053017002       78.83235201147092    
   6257.509779579806       79.77674234562784    
   6317.588858648551       80.77994268245429    
   6378.213074905571       81.84429020726100    
   6439.385104045095       82.97227891596113    
   6501.107502801045       84.16656953916421    
   6563.382698245476       85.43000022936687    
   6626.212976300848       86.76559807206385    
   6689.600469404649       88.17659148687679    
   6753.547143259690       89.66642359054408    
   6818.054782597856       91.23876659987920    
   6883.124975878961       92.89753735963160    
   6948.759098839761       94.64691408762731    
   7014.958296800942       96.49135443768100    
   7081.723465632041       98.43561498961866    
   7149.055231265732       100.4847722853968    
   7216.953927643542       102.6442455408215    
   7285.419572964948       104.9198211738389    
   7354.451844100739       107.3176793028656    
   7424.050049019478       109.8444223822580    
   7494.213097062815       112.5071061568603    
   7564.939466891076       115.3132731337511    
   7636.227171905058       118.2709887869226    
   7708.073722932994       121.3888807298042    
   7780.476087953276       124.6761811114105    
   7853.430648603436       128.1427725145866    
   7926.933153204154       131.7992376594880    
   8000.978666003346       135.6569132422139    
   8075.561512319646       139.7279482675714    
   8150.675219236718       144.0253672664427    
   8226.312451469485       148.5631388223212    
   8302.464941990562       153.3562498684396    
   8379.123416969627       158.4207862566963    
   8456.277514540032       163.7740201424437    
   8533.915696865450       169.4345047752853    
   8612.025154934641       175.4221773354453    
   8690.591705464256       181.7584705081357    
   8769.599679237919       188.4664335446876    
   8849.031800154495       195.5708636190593    
   8928.869054199296       203.0984483515937    
   9009.090547489077       211.0779204384384    
   9089.673352474940       219.5402253945723    
   9170.592341316862       228.5187034904976    
   9251.820005369642       238.0492870367489    
   9333.326259642985       248.1707142456171    
   9415.078231018701       258.9247609747661    
   9497.040028926262       270.3564917312802    
   9579.172497095264       282.5145313852366    
   9661.432944920840       295.4513591067269    
   9743.774856897571       309.2236260963442    
   9826.147578500966       323.8924987226895    
   9908.495976825883       339.5240287067409    
   9990.760074231759       356.1895519961684    
   10072.87465319937       373.9661179457781    
   10154.76883057830       392.9369503546031    
   10236.36559940487       413.1919417953072    
   10317.58133650420       434.8281824949896    
   10398.32527416776       457.9505247732036    
   10478.49893432909       482.6721836952193    
   10557.99552385998       509.1153741352649    
   10636.69928989234       537.4119838409858    
   10714.48483445676       567.7042813179470    
   10791.21638823814       600.1456563784228    
   10866.74704390832       634.9013899839094    
   10940.91795033350       672.1494485125232    
   11013.55747000414       712.0812957522713    
   11084.48030333377       754.9027137054843    
   11153.48658506210       800.8346206302266    
   11220.36095992246       850.1138715792406    
   11284.87164704090       902.9940229618410    
   11346.76950527546       959.7460382854438    
   11405.78711492809       1020.658907171434    
   11461.63789501661       1086.040143934387    
   11514.01527962063       1156.216125429944    
   11562.59198174312       1231.532220505889    
   11607.01937867015       1312.352655261391    
   11646.92705895051       1399.060049511004    
   11681.92257780129       1492.054550512917    
   11711.59147487456       1591.752480396751    
   11735.49761572568       1698.584404172164    
   11753.18392575658       1812.992516216268    
   11764.17359251859       1935.427235396555    
   11767.97181857931       2066.342893355661    
   11764.06821208245       2206.192398053189    
   11751.93990490490       2355.420756747284    
   11731.05548803365       2514.457350750517    
   11700.87984939424       2683.706870252475    
   11660.87998968910       2863.538843138032    
   11610.53187560776       3054.275728937588    
   11549.32836582521       3256.179599567959    
   11476.78821241591       3469.437493724677    
   11392.46609788160       3694.145612355374    
   11295.96361561343       3930.292618231572    
   11186.94103969828       4177.742411462573    
   11065.12965991487       4436.216871250232    
   10930.34438211459       4705.279176486577    
   10782.49621687078       4984.318435792156    
   10621.60420565145       5272.536460778630    
   10447.80627047667       5568.937592202268    
   10261.36842770292       5872.322523549196    
   10062.69178727777       6181.287046776101    
   9852.316773148543       6494.226558441300    
   9630.924054628238       6809.347003022815    
   9399.331775935905       7124.682691348905    
   9158.488811623984       7438.121120924023    
   8909.463954412789       7747.434555532689    
   8653.431149398464       8050.317716872960    
   8391.651110423734       8344.430531966740    
   8125.449872830810       8627.444502762728    
   7856.195032369977       8897.090956002874    
   7585.270573838208       9151.209225913666    
   7314.051289294792       9387.792745181579    
   7043.877814030102       9605.031084237777    
   6776.033265383743       9801.346183599208    
   6511.722359109530       9975.421352275349    
   6252.053711394875       10126.22202727308    
   5998.025828468718       10253.00776598964    
   5750.517059753924       10355.33543168912    
   5510.279565054450       10433.05399069869    
   5277.937139674711       10486.29173322432    
   5053.986568090216       10515.43703252559    
   4838.802046171204       10521.11395609914    
   4632.642127939052       10504.15413568191    
   4435.658614381816       10465.56629857107    
   4247.906803992430       10406.50477670892    
   4069.356559798547       10328.23816234109    
   3899.903706811111       10232.11909139488    
   3739.381348013903       10119.55592855578    
   3587.570768046917       9991.986919022236    
   3444.211674800430       9850.857174925039    
   3309.011605105092       9697.598689065471    
   3181.654388137295       9533.613420649894    
   3061.807617145591       9360.259379363553    
   2949.129125986078       9178.839545057313    
   2843.272502020533       8990.593398255261    
   2743.891692110205       8796.690798203563    
   2650.644775035042       8598.227926285916    
   2563.196983148542       8396.225009245321    
   2481.223059912357       8191.625544918395    
   2404.409039510388       7985.296769674661    
   2332.453531224597       7778.031128552717    
   2265.068585678005       7570.548533842757    
   2201.980213232996       7363.499223754198    
   2142.928617411009       7157.467058475121    
   2087.668198646205       6952.973115429195    
   2035.967376337049       6750.479468248971    
   1987.608270240480       6550.393054556403    
   1942.386275900074       6353.069555914203    
   1900.109563082843       6158.817229270956    
   1860.598521140586       5967.900642953579    
   1823.685170799025       5780.544281911834    
   1789.212558076667       5596.935996676940    
   1757.034142797405       5417.230278563150    
   1727.013191431222       5241.551350223306    
   1699.022181718535       5069.996065966138    
   1672.942224649210       4902.636620440853    
   1648.662507823467       4739.523067563280    
   1626.079762969421       4580.685654049676    
   1605.097759386243       4426.136973772938    
   1585.626824283408       4275.873950477687    
   1567.583390360581       4129.879657285123    
   1550.889570489446       3988.124981970349    
   1535.472758992609       3850.570147275294    
   1521.265258743879       3717.166095588843    
   1508.203933120318       3587.855747231401    
   1496.229881704307       3462.575141364258    
   1485.288138550572       3341.254468237602    
   1475.327391788315       3223.819001121246    
   1466.299723313589       3110.189935850402    
   1458.160367334774       3000.285145481783    
   1450.867486558898       2894.019857106142    
   1444.381964843832       2791.307257412146    
   1438.667215187551       2692.059033150977    
   1433.689001977707       2596.185852216866    
   1429.415276480417       2503.597790640157    
   1425.816024604703       2414.204710389186    
   1422.863126037005       2327.916592497217    
   1420.530223897605       2244.643829671896    
   1418.792604126910       2164.297482207643    
   1417.627083863746       2086.789500706128    
   1417.011908129766       2012.032918816057    
   1416.926654183506       1939.942018930368    
   1417.352142954376       1870.432473525780    
   1418.270357010904       1803.421464595523    
   1419.664364558848       1738.827783410077    
   1421.518249003375       1676.571912641695    
   1423.817043645476       1616.576092705477    
   1426.546671116211       1558.764374001641    
   1429.693887183440       1503.062656589425    
   1433.246228594377       1449.398718681750    
   1437.191964643920       1397.702235220464    
   1441.520052183241       1347.904787673678    
   1446.220093805746       1299.939866088648    
   1451.282298968420       1253.742864334981    
   1456.697447825768       1209.251069382905    
   1462.456857571272       1166.403645379266    
   1468.552351097580       1125.141613209113    
   1474.976227801576       1085.407826162617    
   1481.721236374294       1047.146942265083    
   1488.780549428244       1010.305393771415    
   1496.147739826379       974.8313542751372    
   1503.816758587590       940.6747038354866    
   1511.781914253430       907.7869924837845    
   1520.037853609806       876.1214024319103    
   1528.579543665634       845.6327092708569    
   1537.402254798060       816.2772424157739    
   1546.501544980889       788.0128450252887    
   1555.873245019216       760.7988335969882    
   1565.513444719231       734.5959574174925    
   1575.418479927556       709.3663580243527    
   1585.584920379479       685.0735288178398    
   1596.009558300050       661.6822749433951    
   1606.689397706214       639.1586735498992    
   1617.621644362053       617.4700345148501    
   1628.803696342793       596.5848617148697    
   1640.233135166504       576.4728149085596    
   1651.907717455490       557.1046722884889    
   1663.825367092126       538.4522937499031    
   1675.984167836497       520.4885849155082    
   1688.382356375572       503.1874619483129    
   1701.018315775813       486.5238171779267    
   1713.890569313167       470.4734855598385    
   1726.997774656234       455.0132119819756    
   1740.338718380136       440.1206194281974    
   1753.912310790196       425.7741780042709    
   1767.717581036007       411.9531748282400    
   1781.753672497829       398.6376847839028    
   1796.019838428509       385.8085421333051    
   1810.515437835261       373.4473129817059    
   1825.239931586756       361.5362685863353    
   1840.192878731920       350.0583594984251    
   1855.373933017792       338.9971905263997    
   1870.782839594625       328.3369965067691    
   1886.419431897227       318.0626188681197    
   1902.283628692234       308.1594829726432    
   1918.375431281731       298.6135762188622    
   1934.694920854221       289.4114268885735    
   1951.242255974571       280.5400837205298    
   1968.017670205066       271.9870961930047    
   1985.021469850238       263.7404954971105    
   2002.254031818587       255.7887761825620    
   2019.715801594745       248.1208784574887    
   2037.407291316062       240.7261711238758    
   2055.329077947931       233.5944351302659    
   2073.481801552560       226.7158477234531    
   2091.866163646195       220.0809671810619    
   2110.482925640114       213.6807181070947    
   2129.332907360997       207.5063772727754    
   2148.416985646536       201.5495599852785    
   2167.736093012391       195.8022069672341    
   2187.291216386844       190.2565717302160    
   2207.083395909685       184.9052084257589    
   2227.113723792113       179.7409601578081    
   2247.383343234560       174.7569477408680    
   2267.893447399569       169.9465588884979    
   2288.645278437008       165.3034378171863    
   2309.640126559029       160.8214752510241    
   2330.879329162359       156.4947988129948    
   2352.364269995609       152.3177637890913    
   2374.096378369450       148.2849442518677    
   2396.077128407569       144.3911245304250    
   2418.308038336482       140.6312910142278    
   2440.790669812340       137.0006242785298    
   2463.526627282976       133.4944915195783    
   2486.517557383535       130.1084392881402    
   2509.765148364102       126.8381865102705    
   2533.271129547817       123.6796177846088    
   2557.037270818059       120.6287769458510    
   2581.065382133321       117.6818608843958    
   2605.357313068485       114.8352136125134    
   2629.914952381254       112.0853205677192    
   2654.740227602550       109.4288031443682    
   2679.835104649746       106.8624134448073    
   2705.201587461659       104.3830292417368    
   2730.841717654232       101.9876491437380    
   2756.757574195938       99.67338795622315    
   2782.951273101927       97.43747223035288    
   2809.424967145990       95.27723599274817    
   2836.180845589457       93.19011664909763    
   2863.221133926159       91.17365105502692    
   2890.548093642631       89.22547174785520    
   2918.164021992731       87.34330333311371    
   2946.071251785915       85.52495901994493    
   2974.272151188380       83.76833729973596    
   3002.769123536354       82.07141876256875    
   3031.564607160792       80.43226304629096    
   3060.661075222775       78.84900591322624    
   3090.061035558910       77.31985644975114    
   3119.767030536047       75.84309438416743    
   3149.781636914640       74.41706751849465    
   3180.107465720072       73.04018926999782    
   3210.747162121298       71.71093631844920    
   3241.703405316123       70.42784635530195    
   3272.978908422489       69.18951593112749    
   3304.576418375081       67.99459839783654    
   3336.498715826619       66.84180194236846    
   3368.748615053164       65.72988770869253    
   3401.328963862765       64.65766800512048    
   3434.242643506784       63.62400459408085    
   3467.492568593213       62.62780706165345    
   3501.081687001278       61.66803126430651    
   3535.012979796626       60.74367785042004    
   3569.289461146383       59.85379085431724    
   3603.914178233317       58.99745636066112    
   3638.890211168361       58.17380123720694    
   3674.220672900702       57.38199193403186    
   3709.908709124627       56.62123334749268    
   3745.957498182288       55.89076774729045    
   3782.370250961500       55.18987376514720    
   3819.150210787696       54.51786544372598    
   3856.300653309068       53.87409134455069    
   3893.824886373916       53.25793371380739    
   3931.726249899197       52.66880770503378    
   3970.008115729165       52.10616065782983    
   4008.673887483002       51.56947143184906    
   4047.727000390231       51.05824979545815    
   4087.170921112684       50.57203586858269    
   4127.009147551694       50.11039961938894    
   4167.245208639128       49.67294041458639    
   4207.882664110811       49.25928662327409    
   4248.925104260777       48.86909527439579    
   4290.376149674715       48.50205176801492    
   4332.239450940883       48.15786964077197    
   4374.518688336637       47.83629038604358    
   4417.217571488631       47.53708332948586    
   4460.339839004615       47.26004556081481    
   4503.889258074621       47.00500192285482    
   4547.869624039186       46.77180505907331    
   4592.284759922130       46.56033552101606    
   4637.138515925201       46.37050193726549    
   4682.434768881773       46.20224124576300    
   4728.177421666544       46.05551899156909    
   4774.370402558015       45.93032969238135    
   4821.017664550280       45.82669727439265    
   4868.123184610443       45.74467558135147    
   4915.690962877697       45.68434895998450    
   4963.725021799836       45.64583292526074    
   5012.229405202675       45.62927490931782    
   5061.208177287508       45.63485509823752    
   5110.665421551421       45.66278736125095    
   5160.605239624841       45.71332027737640    
   5211.031750020369       45.78673826494835    
   5261.949086786431       45.88336281998612    
   5313.361398058848       46.00355386987998    
   5365.272844502908       46.14771124944339    
   5417.687597637924       46.31627630699722    
   5470.609838035717       46.50973364881926    
   5524.043753383756       46.72861303101481    
   5577.993536403002       46.97349140864671    
   5632.463382609733       47.24499515281151    
   5687.457487909782       47.54380244726878    
   5742.980046012717       47.87064587722956    
   5799.035245652531       48.22631522399479    
   5855.627267600296       48.61166048031400    
   5912.760281453140       49.02759510261684    
   5970.438442182582       49.47509951766519    
   6028.665886423952       49.95522490269271    
   6087.446728487093       50.46909725975307    
   6146.785056066947       51.01792180680123    
   6206.684925630848       51.60298770999754    
   6267.150357457471       52.22567318386922    
   6328.185330300232       52.88745098830319    
   6389.793775645729       53.58989435389955    
   6451.979571535286       54.33468337000517    
   6514.746535914993       55.12361187279603    
   6578.098419476666       55.95859487411043    
   6642.038897948945       56.84167657538012    
   6706.571563794243       57.77503901499420    
   6771.699917263410       58.76101140179512    
   6837.427356755806       59.80208019218387    
   6903.757168427879       60.90089997354411    
   6970.692514988377       62.06030522242754    
   7038.236423612801       63.28332301222486    
   7106.391772903770       64.57318675193257    
   7175.161278817387       65.93335104517706    
   7244.547479468551       67.36750776693849    
   7314.552718720281       68.87960346450208    
   7385.179128453555       70.47385819913346    
   7456.428609404721       72.15478595591514    
   7528.302810447232       73.92721676119099    
   7600.803106183145       75.79632066024961    
   7673.930572697418       77.76763372235392    
   7747.685961314451       79.84708625611928    
   7822.069670181403       82.04103343569732    
   7897.081713486478       84.35628855738952    
   7972.721688102422       86.80015916736154    
   8048.988737425825       89.38048632423713    
   8125.881512161236       92.10568728571954    
   8203.398127775448       94.98480193623288    
   8281.536118321348       98.02754330312939    
   8360.292386302286       101.2443525425247    
   8439.663148216721       104.6464588125722    
   8519.643875388729       108.2459444922620    
   8600.229229652470       112.0558162479406    
   8681.412993417754       116.0900824980246    
   8763.187993598905       120.3638378791763    
   8845.546018840063       124.8933553748803    
   8928.477729416385       129.6961868302948    
   9011.972559132026       134.7912726458252    
   9096.018608471873       140.1990615164805    
   9180.602528194371       145.9416411650985    
   9265.709392477069       152.0428811053350    
   9351.322560644254       158.5285885652380    
   9437.423526416911       165.4266788045481    
   9523.991753528844       172.7673611687912    
   9611.004496448881       180.5833423408567    
   9698.436604837261       188.9100483760313    
   9786.260310244676       197.7858672391466    
   9874.444993434674       207.2524137020871    
   9962.956930574732       217.3548186055610    
   10051.75901639838       228.1420446394838    
   10140.81046229124       239.6672309497545    
   10230.06646709873       251.9880690331032    
   10319.47785829410       265.1672125326932    
   10408.99070098466       279.2727236908254    
   10498.54587207482       294.3785593456487    
   10588.07859675034       310.5650994688222    
   10677.51794430493       327.9197213212159    
   10766.78628020448       346.5374223421426    
   10855.79867118427       366.5214948695436    
   10944.46224011129       387.9842556957190    
   11032.67546733130       411.0478332731279    
   11120.32743527436       435.8450150699928    
   11207.29701323405       462.5201571025972    
   11293.45197949011       491.2301570000321    
   11378.64807834022       522.1454910396030    
   11462.72801018246       555.4513143699407    
   11545.52035358668       591.3486220466535    
   11626.83841936303       630.0554664633717    
   11706.47903803763       671.8082241782633    
   11784.22128394838       716.8629019085914    
   11859.82514145615       765.4964674766040    
   11933.03012161733       818.0081866095228    
   12003.55384118080       874.7209405844567    
   12071.09058006104       935.9824926183722    
   12135.30983861291       1002.166662484930    
   12195.85492220312       1073.674358952516    
   12252.34158784778       1150.934408159634    
   12304.35679615636       1234.404102891445    
   12351.45762155485       1324.569382873029    
   12393.17038477357       1421.944539723030    
   12428.99008382888       1527.071322321738    
   12458.38021305498       1640.517299430015    
   12480.77307387357       1762.873317082447    
   12495.57069546984       1894.749869513252    
   12502.14649770086       2036.772185484941    
   12499.84784145100       2189.573818664445    
   12487.99962201086       2353.788523440526    
   12465.90906727587       2530.040199178688    
   12432.87190265106       2718.930699814894    
   12388.18003616265       2921.025335853989    
   12331.13089777052       3136.835946568806    
   12261.03853343836       3366.801495860084    
   12177.24650439686       3611.266249818864    
   12079.14257285556       3870.455730498451    
   11966.17506563103       4144.450809879695    
   11837.87069657776       4433.160508804877    
   11693.85349914150       4736.294292168704    
   11533.86437622571       5053.334893374677    
   11357.78062344881       5383.512941784269    
   11165.63463480188       5725.784884457888    
   10957.63087106326       6078.815860408275    
   10734.16007811630       6440.969270703047    
   10495.80970284769       6810.304759267439    
   10243.36948601782       7184.586149020757    
   9977.831328235268       7561.300546855175    
   9700.382734124551       7937.689334298556    
   9412.393438629424       8310.791113256371    
   9115.395194294548       8677.495915035892    
   8811.055123425349       9034.609164908385    
   8501.143477806545       9378.923100369082    
   8187.497057866852       9707.292654786146    
   7871.979878190950       10016.71232255598    
   7556.442887728920       10304.39028491606    
   7242.684633202025       10567.81613747863    
   6932.414681806941       10804.81892605890    
   6627.221401838629       11013.61283332872    
   6328.545362454012       11192.82869846829    
   6037.659195316384       11341.53050506921    
   5755.654307555086       11459.21693924468    
   5483.434393942778       11545.80900565816    
   5221.715306844605       11601.62541745046    
   4971.030534780159       11627.34799684372    
   4731.741330473835       11623.97961630978    
   4504.050419903181       11592.79728324508    
   4288.018206744950       11535.30285379735    
   4083.580445525400       11453.17359768148    
   3890.566471267155       11348.21447522440    
   3708.717222249543       11222.31357892375    
   3537.702456253841       11077.40177641395    
   3377.136723449728       10915.41720232656    
   3226.593809255466       10738.27490506775    
   3085.619490694146       10547.84167312211    
   2953.742556344380       10345.91584797942    
   2830.484122285151       10134.21177482580    
   2715.365335905404       9914.348441289701    
   2607.913598836629       9687.841800080874    
   2507.667462955951       9456.100253814919    
   2414.180362920805       9220.422790453584    
   2327.023348357310       8981.999287316310    
   2245.786971558314       8741.912543515633    
   2170.082474790249       8501.141649307148    
   2099.542406993797       8260.566351930500    
   2033.820784255415       8020.972127950617    
   1972.592892979172       7783.055719790679    
   1915.554819916364       7547.430937786345    
   1862.422779561215       7314.634568005653    
   1812.932297138729       7085.132260041567    
   1766.837294591472       6859.324298076777    
   1723.909117609689       6637.551183028334    
   1683.935533770668       6420.098973907153    
   1646.719725145941       6207.204353136663    
   1612.079293165791       5999.059393943049    
   1579.845288960212       5795.816018520370    
   1549.861278687117       5597.590143919747    
   1521.982450383878       5404.465518903978    
   1496.074766520334       5216.497259693545    
   1472.014164586287       5033.715095907368    
   1449.685806623813       4856.126340328674    
   1428.983377536318       4683.718597619705    
   1409.808431206400       4516.462227949282    
   1392.069782877523       4354.312581833699    
   1375.682945854428       4197.212022445756    
   1360.569610315903       4045.091751317606    
   1346.657161880151       3897.873452829549    
   1333.878237492175       3755.470772201626    
   1322.170316194209       3617.790640937321    
   1311.475342377888       3484.734462846981    
   1301.739379187876       3356.199172932214    
   1292.912289840736       3232.078180563640    
   1284.947444732260       3112.262207549226    
   1277.801452324946       2996.640030881037    
   1271.433911930421       2885.099139172533    
   1265.807186625599       2777.526311062159    
   1260.886194663934       2673.808123164893    
   1256.638217862179       2573.831394503437    
   1253.032725557468       2477.483573744931    
   1250.041212838376       2384.653075007019    
   1247.637051856357       2295.229567477473    
   1245.795355120415       2209.104223612611    
   1244.492849767851       2126.169930239515    
   1243.707761887657       2046.321466483284    
   1243.419710050621       1969.455652070946    
   1243.609607271849       1895.471469225955    
   1244.259570697372       1824.270161059048    
   1245.352838367169       1755.755309080449    
   1246.873692462633       1689.832892202842    
   1248.807388497531       1626.411329372158    
   1251.140089958226       1565.401507752110    
   1253.858807941659       1506.716798196802    
   1256.951345378612       1450.273059571889    
   1260.406245465422       1395.988633327247    
   1264.212743959854       1343.784329581329    
   1268.360725026502       1293.583405848165    
   1272.840680344147       1245.311539420995    
   1277.643671212204       1198.896794320716    
   1282.761293415823       1154.269583621684    
   1288.185644629796       1111.362627880971    
   1293.909294160022       1070.110910319066    
   1299.925254838403       1030.451629329551    
   1306.226956902513       992.3241488316223    
   1312.808223705592       955.6699469219333    
   1319.663249115311       920.4325632305106    
   1326.786576471543       886.5575453388282    
   1334.173078984133       853.9923945761379    
   1341.817941461471       822.6865114723378    
   1349.716643269626       792.5911411116402    
   1357.864942429990       763.6593186007227    
   1366.258860770850       735.8458148375655    
   1374.894670055144       709.1070827425169    
   1383.768879012890       683.4012040910014    
   1392.878221212514       658.6878370674621    
   1402.219643710495       634.9281646423774    
   1411.790296423567       612.0848438583245    
   1421.587522172067       590.1219560968794    
   1431.608847347052       569.0049583855065    
   1441.851973157477       548.7006357923215    
   1452.314767417102       529.1770549466046    
   1462.995256833887       510.4035187140468    
   1473.891619767476       492.3505220478443    
   1485.002179422979       474.9897090297966    
   1496.325397451645       458.2938311094342    
   1507.859867931239       442.2367065438071    
   1519.604311700934       426.7931810358517    
   1531.557571027410       411.9390895651255    
   1543.718604580556       397.6512194011253    
   1556.086482698743       383.9072742863056    
   1568.660382925098       370.6858397732567    
   1581.439585797530       357.9663496982301    
   1594.423470876525       345.7290537712809    
   1607.611512995805       333.9549862616855    
   1621.003278722080       322.6259357559676    
   1634.598423010995       311.7244159647813    
   1648.396686047355       301.2336375540427    
   1662.397890258478       291.1374809750413    
   1676.601937490322       281.4204702677700    
   1691.008806336724       272.0677478113853    
   1705.618549612745       263.0650499955086    
   1720.431291963736       254.3986837860046    
   1735.447227602275       246.0555041589027    
   1750.666618165653       238.0228923762460    
   1766.089790687098       230.2887350778570    
   1781.717135674313       222.8414041632767    
   1797.549105289379       215.6697374384672    
   1813.586211624420       208.7630200022490    
   1829.829025067798       202.1109663478680    
   1846.278172755937       195.7037031555529    
   1862.934337106178       189.5317527524113    
   1879.798254426368       183.5860172165346    
   1896.870713597128       177.8577631027152    
   1914.152554823022       172.3386067677338    
   1931.644668449057       167.0205002737381    
   1949.347993839171       161.8957178488058    
   1967.263518313564       156.9568428843627    
   1985.392276141919       152.1967554497054    
   2003.735347589720       147.6086203044572    
   2022.293858015052       143.1858753903642    
   2041.068977013420       138.9222207844104    
   2060.061917608250       134.8116080957986    
   2079.273935484884       130.8482302899055    
   2098.706328266002       127.0265119228714    
   2118.360434826512       123.3410997710287    
   2138.237634646062       119.7868538399067    
   2158.339347197441       116.3588387380747    
   2178.667031369203       113.0523154015968    
   2199.222184920968       109.8627331553711    
   2220.006343969921       106.7857220981160    
   2241.021082507104       103.8170857982425    
   2262.268011942183       100.9527942883135    
   2283.748780675432       98.18897734624409    
   2305.465073695735       95.52191805183440    
