   5000.000000000000       100.0000000000000    
   5475.000000000000       100.0000000000000    
   5995.125000000000       104.7500000000000    
   6563.238032812500       115.1739343750000    
   7181.766138769817       133.1783618353651    
   7852.119960174496       162.2347658622885    
   8573.637614028870       208.5060672572954    
   9341.618602382237       283.0185797276858    
   10143.58788116026       405.8944527842380    
   10952.08536666167       614.6698316213563    
   11710.69807991641       980.5265626335431    
   12307.63536119106       1638.528334750738    
   12530.07843365558       2835.905094684539    
   12006.38061368111       4971.363874022343    
   10222.61433301839       8454.490621072817    
   6923.525916252804       12869.94501067126    
   3160.608616771535       15345.51228754873    
   1051.611560208689       12522.87198025436    
   498.3128691571097       7578.355684272079    
   359.3245478466852       4166.817058588311    
   320.3950198544987       2233.132494847865    
   316.6602953387231       1188.114700426383    
   329.5148872759306       631.6802254065213    
   352.0589740900605       336.6549165301871    
   381.3387522722669       180.1796967186928    
   416.0371524629185       96.96079843249657    
   455.6239029851910       52.51432866428698    
   499.9899541142767       28.64984267101044    
   549.2727178495813       15.75738468775120    
   603.7672345588574       8.744202495239847    
   663.8799848667944       4.900047543517285    
   730.1053311790220       2.775328120662325    
   803.0145502040908       1.590292245997825    
   883.2521538338692      0.9228489042602119    
   971.5366138031386      0.5429352803652119    
   1068.663901108263      0.3242157905626335    
   1175.512967333512      0.1967556664356731    
   1293.052699624998      0.1215067169469846    
   1422.350113858080      0.7646481731057919E-01
   1564.579687256807      0.4910838281607355E-01
   1721.033814283576      0.3223758923084277E-01
   1893.134421612876      0.2166699273114783E-01
   2082.445812847676      0.1493534934079111E-01
   2290.688839029659      0.1057788024021033E-01
   2519.756511401014      0.7712003340789381E-02
   2771.731190922584      0.5799238733784733E-02
   3048.903506318298      0.4507012455096121E-02
   3353.793169877824      0.3627650835284341E-02
   3689.171878546077      0.3030464477049991E-02
   4058.088507405469      0.2633222671291562E-02
   4463.896823853483      0.2385196401626563E-02
   4910.285973875299      0.2257325264962038E-02
   5401.314017057199      0.2237073891182763E-02
   5941.444814605990      0.2326850802155197E-02
   6535.588604823808      0.2545910964360276E-02
   7189.146633354854      0.2936858150937039E-02
   7908.060241015145      0.3579779464313497E-02
   8698.864849661077      0.4620800897490755E-02
   9568.749324841059      0.6329972699191846E-02
   10525.62122882907      0.9221978548761355E-02
   11578.17849835931      0.1431769459284556E-01
   12735.98805955406      0.2373612966451876E-01
   14009.57175035627      0.4209837123099316E-01
   15410.49943638428      0.8002720084886987E-01
   16951.48771706603      0.1633395137821270    
   18646.49804638455      0.3585545330499897    
   20510.81356170300      0.8478559065288908    
   22561.02540715200       2.162949395864722    
   24814.68803005348       5.961310325381168    
   27288.76043026010       17.77346076015761    
   29993.38568765108       57.38830165013577    
   32906.66078314860       200.8210973602463    
   35866.90927501679       761.2457215734515    
   38088.42364093498       3110.975983953694    
   35972.65744434834       13404.70511333713    
   15459.77992955411       54922.63907512669    
  -25448.83774007987       112370.5108627421    
   114991.2233717025      -229784.6343402097    
   1447651.156448875      -2757213.938650109    
   201166613.6152831      -400527001.6557038    
   4028854312503.018      -8057466321956.909    
  0.1623117901384936E+22 -0.3246235797935126E+22
  0.2634511717872557E+39 -0.5269023435745115E+39
  0.6940651991607815E+73 -0.1388130398321563E+74
  0.4817265006860953+142 -0.9634530013721905+142
  0.2320604214632705+280 -0.4641208429265411+280
               +Infinity               -Infinity
               +Infinity                     NaN
                     NaN                     NaN
                     NaN                     NaN
                     NaN                     NaN
                     NaN                     NaN
                     NaN                     NaN
                     NaN                     NaN
                     NaN                     NaN
                     NaN                     NaN
                     NaN                     NaN
                     NaN                     NaN
                     NaN                     NaN
                     NaN                     NaN
                     NaN                     NaN
