  0.1250000000000000  0.1250000000000000  0.1250000000000000
  0.3750000000000000  0.1250000000000000  0.1250000000000000
  0.6250000000000000  0.1250000000000000  0.1250000000000000
  0.1250000000000000  0.3750000000000000  0.1250000000000000
  0.3750000000000000  0.3750000000000000  0.1250000000000000
  0.1250000000000000  0.6250000000000000  0.1250000000000000
  0.1250000000000000  0.1250000000000000  0.3750000000000000
  0.3750000000000000  0.1250000000000000  0.3750000000000000
  0.1250000000000000  0.3750000000000000  0.3750000000000000
  0.1250000000000000  0.1250000000000000  0.6250000000000000
  0.1666666666666667  0.1666666666666667  0.1666666666666667
  0.5000000000000000  0.1666666666666667  0.1666666666666667
  0.1666666666666667  0.5000000000000000  0.1666666666666667
  0.1666666666666667  0.1666666666666667  0.5000000000000000
  0.2500000000000000  0.2500000000000000  0.2500000000000000
