0.D0  0.97D-1  0.26D0  0.496D0  0.762D0  1.D0                           
 0.36D0        -0.14137166941D0     0.19138755981D-1       -0.6D-1      
-0.6D-1        -0.2D0               0.230D3                             
 0.3607D0      -0.12217304764D0     0.14019138756D-1       -0.5D-1      
-0.55D-1       -0.13D-1             0.230D3                             
 0.33D0        -0.21293016874D-1    0.82775119615D-2       -0.107D0     
-0.4D-1         0.D0                0.230D3                             
 0.288D0        0.24085543677D-1    0.1057416268D-1        -0.228D0     
 0.126D0       -0.346D1             0.230D3                             
 0.275D0        0.70685834705D-2    0.11722488038D-1       -0.39D0      
 0.315D0        0.657D1             0.230D3                             
 0.27D0         0.D0                0.11961722488D-1       -0.6D0       
 0.475D0       -0.351D2             0.230D3                             
