     0.00000         3.99894    
    0.360000E-01     348.007    
    0.720000E-01     618.736    
    0.108000         826.131    
    0.144000         979.103    
    0.180000         1085.61    
    0.216000         1152.76    
    0.252000         1186.84    
    0.288000         1193.46    
    0.324000         1177.53    
    0.360000         1143.40    
    0.396000         1094.87    
    0.432000         1035.25    
    0.468000         967.419    
    0.504000         893.850    
    0.540000         816.668    
    0.576000         737.675    
    0.612000         658.391    
    0.648000         580.079    
    0.684000         503.780    
    0.720000         430.333    
    0.756000         360.400    
    0.792000         294.490    
    0.828000         232.977    
    0.864000         176.117    
    0.900000         124.065    
    0.936000         76.8878    
    0.972000         34.5805    
     1.00800        -2.92540    
     1.04400        -35.7498    
     1.08000        -64.0548    
     1.11600        -88.0367    
     1.15200        -107.918    
     1.18800        -123.942    
     1.22400        -136.366    
     1.26000        -145.456    
     1.29600        -151.485    
     1.33200        -154.724    
     1.36800        -155.446    
     1.40400        -153.915    
     1.44000        -150.392    
     1.47600        -145.127    
     1.51200        -138.361    
     1.54800        -130.321    
     1.58400        -121.224    
     1.62000        -111.272    
     1.65600        -100.655    
     1.69200        -89.5481    
     1.72800        -78.1124    
     1.76400        -66.4955    
     1.80000        -54.8307    
     1.83600        -43.2383    
     1.87200        -31.8253    
     1.90800        -20.6860    
     1.94400        -9.90286    
     1.98000        0.453483    
     2.01600         10.3232    
     2.05200         19.6568    
     2.08800         28.4144    
     2.12400         36.5652    
     2.16000         44.0866    
     2.19600         50.9639    
     2.23200         57.1890    
     2.26800         62.7607    
     2.30400         67.6830    
     2.34000         71.9655    
     2.37600         75.6219    
     2.41200         78.6702    
     2.44800         81.1317    
     2.48400         83.0308    
     2.52000         84.3940    
     2.55600         85.2503    
     2.59200         85.6297    
     2.62800         85.5639    
     2.66400         85.0852    
     2.70000         84.2264    
     2.73600         83.0206    
     2.77200         81.5005    
     2.80800         79.6990    
     2.84400         77.6479    
     2.88000         75.3785    
     2.91600         72.9213    
     2.95200         70.3056    
     2.98800         67.5593    
     3.02400         64.7094    
     3.06000         61.7811    
     3.09600         58.7985    
     3.13200         55.7838    
     3.16800         52.7580    
     3.20400         49.7403    
     3.24000         46.7484    
     3.27600         43.7984    
     3.31200         40.9049    
     3.34800         38.0809    
     3.38400         35.3380    
     3.42000         32.6860    
     3.45600         30.1337    
     3.49200         27.6884    
     3.52800         25.3560    
     3.56400         23.1413    
     3.60000         21.0477    
     3.63600         19.0779    
     3.67200         17.2331    
     3.70800         15.5140    
     3.74400         13.9200    
     3.78000         12.4500    
     3.81600         11.1020    
     3.85200         9.87341    
     3.88800         8.76101    
     3.92400         7.76106    
     3.96000         6.86937    
     3.99600         6.08136    
     4.03200         5.39211    
     4.06800         4.79644    
     4.10400         4.28895    
     4.14000         3.86410    
     4.17600         3.51621    
     4.21200         3.23957    
     4.24800         3.02843    
     4.28400         2.87710    
     4.32000         2.77992    
     4.35600         2.73133    
     4.39200         2.72591    
     4.42800         2.75841    
     4.46400         2.82372    
     4.50000         2.91698    
     4.53600         3.03351    
     4.57200         3.16888    
     4.60800         3.31893    
     4.64400         3.47974    
     4.68000         3.64765    
     4.71600         3.81928    
     4.75200         3.99155    
     4.78800         4.16161    
     4.82400         4.32693    
     4.86000         4.48522    
     4.89600         4.63447    
     4.93200         4.77295    
     4.96800         4.89914    
     5.00400         5.01182    
     5.04000         5.10997    
     5.07600         5.19280    
     5.11200         5.25975    
     5.14800         5.31044    
     5.18400         5.34470    
     5.22000         5.36252    
     5.25600         5.36408    
     5.29200         5.34966    
     5.32800         5.31973    
     5.36400         5.27484    
     5.40000         5.21567    
     5.43600         5.14300    
     5.47200         5.05767    
     5.50800         4.96060    
     5.54400         4.85276    
     5.58000         4.73518    
     5.61600         4.60891    
     5.65200         4.47502    
     5.68800         4.33460    
     5.72400         4.18872    
     5.76000         4.03847    
     5.79600         3.88491    
     5.83200         3.72906    
     5.86800         3.57194    
     5.90400         3.41450    
     5.94000         3.25768    
     5.97600         3.10234    
     6.01200         2.94929    
     6.04800         2.79931    
     6.08400         2.65308    
     6.12000         2.51126    
     6.15600         2.37440    
     6.19200         2.24303    
     6.22800         2.11757    
     6.26400         1.99841    
     6.30000         1.88586    
     6.33600         1.78015    
     6.37200         1.68147    
     6.40800         1.58994    
     6.44400         1.50562    
     6.48000         1.42850    
     6.51600         1.35854    
     6.55200         1.29563    
     6.58800         1.23962    
     6.62400         1.19031    
     6.66000         1.14747    
     6.69600         1.11083    
     6.73200         1.08007    
     6.76800         1.05487    
     6.80400         1.03487    
     6.84000         1.01969    
     6.87600         1.00893    
     6.91200         1.00219    
     6.94800        0.999043    
     6.98400        0.999076    
     7.02000         1.00186    
     7.05600         1.00699    
     7.09200         1.01404    
     7.12800         1.02260    
     7.16400         1.03230    
     7.20000         1.04274    
     7.23600         1.05358    
     7.27200         1.06447    
     7.30800         1.07509    
     7.34400         1.08515    
     7.38000         1.09439    
     7.41600         1.10255    
     7.45200         1.10944    
     7.48800         1.11487    
     7.52400         1.11868    
     7.56000         1.12074    
     7.59600         1.12097    
     7.63200         1.11930    
     7.66800         1.11569    
     7.70400         1.11015    
     7.74000         1.10268    
     7.77600         1.09335    
     7.81200         1.08223    
     7.84800         1.06942    
     7.88400         1.05505    
     7.92000         1.03927    
     7.95600         1.02224    
     7.99200         1.00414    
     8.02800        0.985195    
     8.06400        0.965607    
     8.10000        0.945610    
     8.13600        0.925445    
     8.17200        0.905360    
     8.20800        0.885612    
     8.24400        0.866459    
     8.28000        0.848162    
     8.31600        0.830985    
     8.35200        0.815183    
     8.38800        0.801010    
     8.42400        0.788716    
     8.46000        0.778540    
     8.49600        0.770711    
     8.53200        0.765448    
     8.56800        0.762955    
     8.60400        0.763420    
     8.64000        0.767020    
     8.67600        0.773908    
     8.71200        0.784225    
     8.74800        0.798087    
     8.78400        0.815593    
     8.82000        0.836821    
     8.85600        0.861827    
     8.89200        0.890648    
     8.92800        0.923292    
     8.96400        0.959753    
     9.00000         1.00000    
     9.03600         1.04398    
     9.07200         1.09162    
     9.10800         1.14283    
     9.14400         1.19750    
     9.18000         1.25548    
     9.21600         1.31664    
     9.25200         1.38079    
     9.28800         1.44777    
     9.32400         1.51737    
     9.36000         1.58938    
     9.39600         1.66357    
     9.43200         1.73971    
     9.46800         1.81756    
     9.50400         1.89687    
     9.54000         1.97739    
     9.57600         2.05884    
     9.61200         2.14097    
     9.64800         2.22351    
     9.68400         2.30621    
     9.72000         2.38879    
     9.75600         2.47100    
     9.79200         2.55259    
     9.82800         2.63333    
     9.86400         2.71295    
     9.90000         2.79125    
     9.93600         2.86799    
     9.97200         2.94300    
     10.0080         3.01606    
     10.0440         3.08700    
     10.0800         3.15566    
     10.1160         3.22189    
     10.1520         3.28557    
     10.1880         3.34658    
     10.2240         3.40484    
     10.2600         3.46023    
     10.2960         3.51274    
     10.3320         3.56230    
     10.3680         3.60889    
     10.4040         3.65250    
     10.4400         3.69315    
     10.4760         3.73085    
     10.5120         3.76566    
     10.5480         3.79763    
     10.5840         3.82682    
     10.6200         3.85334    
     10.6560         3.87727    
     10.6920         3.89872    
     10.7280         3.91781    
     10.7640         3.93468    
     10.8000         3.94944    
     10.8360         3.96225    
     10.8720         3.97326    
     10.9080         3.98261    
     10.9440         3.99044    
     10.9800         3.99694    
     11.0160         4.00222    
     11.0520         4.00645    
     11.0880         4.00975    
     11.1240         4.01228    
     11.1600         4.01415    
     11.1960         4.01551    
     11.2320         4.01644    
     11.2680         4.01709    
     11.3040         4.01749    
     11.3400         4.01777    
     11.3760         4.01800    
     11.4120         4.01816    
     11.4480         4.01834    
     11.4840         4.01858    
     11.5200         4.01886    
     11.5560         4.01914    
     11.5920         4.01946    
     11.6280         4.01975    
     11.6640         4.01994    
     11.7000         4.01995    
     11.7360         4.01973    
     11.7720         4.01920    
     11.8080         4.01822    
     11.8440         4.01661    
     11.8800         4.01437    
     11.9160         4.01127    
     11.9520         4.00721    
     11.9880         4.00201    
     12.0240         3.99554    
     12.0600         3.98759    
     12.0960         3.97806    
     12.1320         3.96677    
     12.1680         3.95364    
     12.2040         3.93841    
     12.2400         3.92105    
     12.2760         3.90136    
     12.3120         3.87921    
     12.3480         3.85464    
     12.3840         3.82743    
     12.4200         3.79757    
     12.4560         3.76506    
     12.4920         3.72979    
     12.5280         3.69188    
     12.5640         3.65126    
     12.6000         3.60806    
     12.6360         3.56227    
     12.6720         3.51414    
     12.7080         3.46370    
     12.7440         3.41122    
     12.7800         3.35684    
     12.8160         3.30084    
     12.8520         3.24348    
     12.8880         3.18503    
     12.9240         3.12587    
     12.9600         3.06627    
     12.9960         3.00665    
     13.0320         2.94738    
     13.0680         2.88895    
     13.1040         2.83182    
     13.1400         2.77633    
     13.1760         2.72298    
     13.2120         2.67229    
     13.2480         2.62476    
     13.2840         2.58084    
     13.3200         2.54110    
     13.3560         2.50573    
     13.3920         2.47562    
     13.4280         2.45089    
     13.4640         2.43203    
     13.5000         2.41942    
     13.5360         2.41347    
     13.5720         2.41461    
     13.6080         2.42269    
     13.6440         2.43843    
     13.6800         2.46185    
     13.7160         2.49302    
     13.7520         2.53178    
     13.7880         2.57845    
     13.8240         2.63267    
     13.8600         2.69446    
     13.8960         2.76352    
     13.9320         2.83945    
     13.9680         2.92169    
     14.0040         3.01018    
     14.0400         3.10389    
     14.0760         3.20251    
     14.1120         3.30473    
     14.1480         3.41023    
     14.1840         3.51794    
     14.2200         3.62701    
     14.2560         3.73598    
     14.2920         3.84411    
     14.3280         3.94970    
     14.3640         4.05227    
     14.4000         4.15004    
     14.4360         4.24161    
     14.4720         4.32589    
     14.5080         4.40162    
     14.5440         4.46728    
     14.5800         4.52184    
     14.6160         4.56373    
     14.6520         4.59204    
     14.6880         4.60570    
     14.7240         4.60339    
     14.7600         4.58457    
     14.7960         4.54856    
     14.8320         4.49460    
     14.8680         4.42200    
     14.9040         4.33113    
     14.9400         4.22191    
     14.9760         4.09440    
     15.0120         3.94915    
     15.0480         3.78730    
     15.0840         3.60946    
     15.1200         3.41773    
     15.1560         3.21326    
     15.1920         2.99838    
     15.2280         2.77528    
     15.2640         2.54753    
     15.3000         2.31771    
     15.3360         2.08925    
     15.3720         1.86616    
     15.4080         1.65253    
     15.4440         1.45297    
     15.4800         1.27283    
     15.5160         1.11600    
     15.5520        0.988161    
     15.5880        0.895509    
     15.6240        0.842582    
     15.6600        0.835564    
     15.6960        0.879836    
     15.7320        0.981062    
     15.7680         1.14492    
     15.8040         1.37612    
     15.8400         1.68039    
     15.8760         2.06016    
     15.9120         2.52051    
     15.9480         3.06429    
     15.9840         3.69229    
     16.0200         4.40742    
     16.0560         5.20887    
     16.0920         6.09349    
     16.1280         7.05980    
     16.1640         8.10335    
     16.2000         9.21602    
     16.2360         10.3898    
     16.2720         11.6138    
     16.3080         12.8746    
     16.3440         14.1552    
     16.3800         15.4371    
     16.4160         16.6986    
     16.4520         17.9135    
     16.4880         19.0567    
     16.5240         20.0947    
     16.5600         20.9929    
     16.5960         21.7132    
     16.6320         22.2136    
     16.6680         22.4511    
     16.7040         22.3779    
     16.7400         21.9412    
     16.7760         21.0899    
     16.8120         19.7695    
     16.8480         17.9219    
     16.8840         15.4887    
     16.9200         12.4144    
     16.9560         8.64103    
     16.9920         4.11440    
     17.0280        -1.21906    
     17.0640        -7.40464    
     17.1000        -14.4800    
     17.1360        -22.4789    
     17.1720        -31.4201    
     17.2080        -41.3103    
     17.2440        -52.1356    
     17.2800        -63.8649    
     17.3160        -76.4419    
     17.3520        -89.7768    
     17.3880        -103.756    
     17.4240        -118.213    
     17.4600        -132.944    
     17.4960        -147.689    
     17.5320        -162.128    
     17.5680        -175.872    
     17.6040        -188.452    
     17.6400        -199.311    
     17.6760        -207.789    
     17.7120        -213.114    
     17.7480        -214.391    
     17.7840        -210.578    
     17.8200        -200.471    
     17.8560        -182.695    
     17.8920        -155.676    
     17.9280        -117.622    
     17.9640        -66.4998    
     18.0000       -0.600056E-03
