     0.00000        0.109278E-12
    0.200000E-02    0.372076E-01
    0.400000E-02    0.736052E-01
    0.600000E-02    0.109197    
    0.800000E-02    0.143988    
    0.100000E-01    0.177981    
    0.120000E-01    0.211184    
    0.140000E-01    0.243600    
    0.160000E-01    0.275235    
    0.180000E-01    0.306095    
    0.200000E-01    0.336187    
    0.220000E-01    0.365515    
    0.240000E-01    0.394087    
    0.260000E-01    0.421910    
    0.280000E-01    0.448989    
    0.300000E-01    0.475333    
    0.320000E-01    0.500949    
    0.340000E-01    0.525844    
    0.360000E-01    0.550025    
    0.380000E-01    0.573501    
    0.400000E-01    0.596279    
    0.420000E-01    0.618369    
    0.440000E-01    0.639777    
    0.460000E-01    0.660512    
    0.480000E-01    0.680584    
    0.500000E-01    0.700000    
    0.520000E-01    0.718770    
    0.540000E-01    0.736902    
    0.560000E-01    0.754406    
    0.580000E-01    0.771291    
    0.600000E-01    0.787566    
    0.620000E-01    0.803241    
    0.640000E-01    0.818324    
    0.660000E-01    0.832826    
    0.680000E-01    0.846757    
    0.700000E-01    0.860125    
    0.720000E-01    0.872941    
    0.740000E-01    0.885215    
    0.760000E-01    0.896956    
    0.780000E-01    0.908175    
    0.800000E-01    0.918882    
    0.820000E-01    0.929086    
    0.840000E-01    0.938799    
    0.860000E-01    0.948029    
    0.880000E-01    0.956787    
    0.900000E-01    0.965083    
    0.920000E-01    0.972929    
    0.940000E-01    0.980333    
    0.960000E-01    0.987306    
    0.980000E-01    0.993858    
    0.100000         1.00000    
    0.102000         1.00574    
    0.104000         1.01109    
    0.106000         1.01607    
    0.108000         1.02067    
    0.110000         1.02491    
    0.112000         1.02881    
    0.114000         1.03236    
    0.116000         1.03559    
    0.118000         1.03850    
    0.120000         1.04110    
    0.122000         1.04340    
    0.124000         1.04542    
    0.126000         1.04715    
    0.128000         1.04862    
    0.130000         1.04982    
    0.132000         1.05078    
    0.134000         1.05150    
    0.136000         1.05199    
    0.138000         1.05226    
    0.140000         1.05232    
    0.142000         1.05218    
    0.144000         1.05185    
    0.146000         1.05133    
    0.148000         1.05064    
    0.150000         1.04979    
    0.152000         1.04878    
    0.154000         1.04763    
    0.156000         1.04634    
    0.158000         1.04492    
    0.160000         1.04338    
    0.162000         1.04173    
    0.164000         1.03998    
    0.166000         1.03813    
    0.168000         1.03620    
    0.170000         1.03419    
    0.172000         1.03211    
    0.174000         1.02997    
    0.176000         1.02778    
    0.178000         1.02554    
    0.180000         1.02326    
    0.182000         1.02096    
    0.184000         1.01863    
    0.186000         1.01628    
    0.188000         1.01392    
    0.190000         1.01157    
    0.192000         1.00922    
    0.194000         1.00688    
    0.196000         1.00456    
    0.198000         1.00226    
    0.200000         1.00000    
    0.202000        0.997775    
    0.204000        0.995595    
    0.206000        0.993466    
    0.208000        0.991392    
    0.210000        0.989381    
    0.212000        0.987438    
    0.214000        0.985568    
    0.216000        0.983777    
    0.218000        0.982070    
    0.220000        0.980453    
    0.222000        0.978929    
    0.224000        0.977505    
    0.226000        0.976184    
    0.228000        0.974972    
    0.230000        0.973872    
    0.232000        0.972890    
    0.234000        0.972029    
    0.236000        0.971293    
    0.238000        0.970687    
    0.240000        0.970213    
    0.242000        0.969877    
    0.244000        0.969680    
    0.246000        0.969626    
    0.248000        0.969720    
    0.250000        0.969963    
    0.252000        0.970358    
    0.254000        0.970910    
    0.256000        0.971619    
    0.258000        0.972489    
    0.260000        0.973521    
    0.262000        0.974719    
    0.264000        0.976084    
    0.266000        0.977619    
    0.268000        0.979325    
    0.270000        0.981203    
    0.272000        0.983256    
    0.274000        0.985484    
    0.276000        0.987890    
    0.278000        0.990474    
    0.280000        0.993237    
    0.282000        0.996180    
    0.284000        0.999304    
    0.286000         1.00261    
    0.288000         1.00610    
    0.290000         1.00977    
    0.292000         1.01362    
    0.294000         1.01766    
    0.296000         1.02188    
    0.298000         1.02628    
    0.300000         1.03086    
    0.302000         1.03562    
    0.304000         1.04057    
    0.306000         1.04570    
    0.308000         1.05101    
    0.310000         1.05649    
    0.312000         1.06216    
    0.314000         1.06800    
    0.316000         1.07402    
    0.318000         1.08022    
    0.320000         1.08658    
    0.322000         1.09312    
    0.324000         1.09983    
    0.326000         1.10670    
    0.328000         1.11375    
    0.330000         1.12095    
    0.332000         1.12832    
    0.334000         1.13585    
    0.336000         1.14354    
    0.338000         1.15138    
    0.340000         1.15938    
    0.342000         1.16752    
    0.344000         1.17582    
    0.346000         1.18426    
    0.348000         1.19284    
    0.350000         1.20156    
    0.352000         1.21041    
    0.354000         1.21940    
    0.356000         1.22852    
    0.358000         1.23776    
    0.360000         1.24713    
    0.362000         1.25662    
    0.364000         1.26622    
    0.366000         1.27593    
    0.368000         1.28576    
    0.370000         1.29568    
    0.372000         1.30571    
    0.374000         1.31584    
    0.376000         1.32606    
    0.378000         1.33637    
    0.380000         1.34676    
    0.382000         1.35723    
    0.384000         1.36778    
    0.386000         1.37840    
    0.388000         1.38909    
    0.390000         1.39985    
    0.392000         1.41066    
    0.394000         1.42153    
    0.396000         1.43244    
    0.398000         1.44340    
    0.400000         1.45441    
    0.402000         1.46544    
    0.404000         1.47651    
    0.406000         1.48761    
    0.408000         1.49873    
    0.410000         1.50986    
    0.412000         1.52101    
    0.414000         1.53216    
    0.416000         1.54331    
    0.418000         1.55446    
    0.420000         1.56561    
    0.422000         1.57674    
    0.424000         1.58785    
    0.426000         1.59894    
    0.428000         1.61000    
    0.430000         1.62103    
    0.432000         1.63202    
    0.434000         1.64296    
    0.436000         1.65386    
    0.438000         1.66470    
    0.440000         1.67549    
    0.442000         1.68621    
    0.444000         1.69686    
    0.446000         1.70744    
    0.448000         1.71794    
    0.450000         1.72835    
    0.452000         1.73867    
    0.454000         1.74890    
    0.456000         1.75903    
    0.458000         1.76906    
    0.460000         1.77897    
    0.462000         1.78877    
    0.464000         1.79845    
    0.466000         1.80801    
    0.468000         1.81743    
    0.470000         1.82672    
    0.472000         1.83588    
    0.474000         1.84488    
    0.476000         1.85374    
    0.478000         1.86244    
    0.480000         1.87098    
    0.482000         1.87936    
    0.484000         1.88758    
    0.486000         1.89561    
    0.488000         1.90347    
    0.490000         1.91115    
    0.492000         1.91864    
    0.494000         1.92594    
    0.496000         1.93305    
    0.498000         1.93995    
    0.500000         1.94665    
    0.502000         1.95315    
    0.504000         1.95942    
    0.506000         1.96549    
    0.508000         1.97133    
    0.510000         1.97695    
    0.512000         1.98233    
    0.514000         1.98749    
    0.516000         1.99241    
    0.518000         1.99709    
    0.520000         2.00152    
    0.522000         2.00571    
    0.524000         2.00965    
    0.526000         2.01333    
    0.528000         2.01675    
    0.530000         2.01992    
    0.532000         2.02282    
    0.534000         2.02545    
    0.536000         2.02782    
    0.538000         2.02991    
    0.540000         2.03172    
    0.542000         2.03326    
    0.544000         2.03452    
    0.546000         2.03549    
    0.548000         2.03618    
    0.550000         2.03658    
    0.552000         2.03669    
    0.554000         2.03650    
    0.556000         2.03603    
    0.558000         2.03525    
    0.560000         2.03418    
    0.562000         2.03281    
    0.564000         2.03114    
    0.566000         2.02916    
    0.568000         2.02688    
    0.570000         2.02429    
    0.572000         2.02140    
    0.574000         2.01820    
    0.576000         2.01469    
    0.578000         2.01087    
    0.580000         2.00674    
    0.582000         2.00230    
    0.584000         1.99755    
    0.586000         1.99249    
    0.588000         1.98712    
    0.590000         1.98143    
    0.592000         1.97544    
    0.594000         1.96913    
    0.596000         1.96251    
    0.598000         1.95558    
    0.600000         1.94834    
    0.602000         1.94079    
    0.604000         1.93293    
    0.606000         1.92476    
    0.608000         1.91628    
    0.610000         1.90750    
    0.612000         1.89842    
    0.614000         1.88903    
    0.616000         1.87934    
    0.618000         1.86935    
    0.620000         1.85907    
    0.622000         1.84848    
    0.624000         1.83760    
    0.626000         1.82644    
    0.628000         1.81498    
    0.630000         1.80323    
    0.632000         1.79120    
    0.634000         1.77889    
    0.636000         1.76630    
    0.638000         1.75343    
    0.640000         1.74030    
    0.642000         1.72689    
    0.644000         1.71321    
    0.646000         1.69928    
    0.648000         1.68508    
    0.650000         1.67063    
    0.652000         1.65593    
    0.654000         1.64098    
    0.656000         1.62579    
    0.658000         1.61036    
    0.660000         1.59470    
    0.662000         1.57880    
    0.664000         1.56268    
    0.666000         1.54634    
    0.668000         1.52979    
    0.670000         1.51302    
    0.672000         1.49605    
    0.674000         1.47888    
    0.676000         1.46152    
    0.678000         1.44397    
    0.680000         1.42623    
    0.682000         1.40832    
    0.684000         1.39023    
    0.686000         1.37198    
    0.688000         1.35357    
    0.690000         1.33501    
    0.692000         1.31630    
    0.694000         1.29745    
    0.696000         1.27847    
    0.698000         1.25936    
    0.700000         1.24013    
    0.702000         1.22079    
    0.704000         1.20134    
    0.706000         1.18179    
    0.708000         1.16215    
    0.710000         1.14243    
    0.712000         1.12262    
    0.714000         1.10275    
    0.716000         1.08282    
    0.718000         1.06283    
    0.720000         1.04279    
    0.722000         1.02272    
    0.724000         1.00261    
    0.726000        0.982484    
    0.728000        0.962341    
    0.730000        0.942191    
    0.732000        0.922043    
    0.734000        0.901904    
    0.736000        0.881784    
    0.738000        0.861690    
    0.740000        0.841631    
    0.742000        0.821616    
    0.744000        0.801653    
    0.746000        0.781751    
    0.748000        0.761919    
    0.750000        0.742165    
    0.752000        0.722499    
    0.754000        0.702928    
    0.756000        0.683463    
    0.758000        0.664111    
    0.760000        0.644883    
    0.762000        0.625786    
    0.764000        0.606830    
    0.766000        0.588023    
    0.768000        0.569376    
    0.770000        0.550897    
    0.772000        0.532594    
    0.774000        0.514478    
    0.776000        0.496557    
    0.778000        0.478840    
    0.780000        0.461336    
    0.782000        0.444054    
    0.784000        0.427004    
    0.786000        0.410194    
    0.788000        0.393633    
    0.790000        0.377330    
    0.792000        0.361295    
    0.794000        0.345535    
    0.796000        0.330060    
    0.798000        0.314879    
    0.800000        0.300000    
    0.802000        0.285432    
    0.804000        0.271183    
    0.806000        0.257263    
    0.808000        0.243679    
    0.810000        0.230439    
    0.812000        0.217553    
    0.814000        0.205028    
    0.816000        0.192873    
    0.818000        0.181095    
    0.820000        0.169702    
    0.822000        0.158703    
    0.824000        0.148104    
    0.826000        0.137913    
    0.828000        0.128138    
    0.830000        0.118785    
    0.832000        0.109863    
    0.834000        0.101377    
    0.836000        0.933354E-01
    0.838000        0.857439E-01
    0.840000        0.786091E-01
    0.842000        0.719374E-01
    0.844000        0.657348E-01
    0.846000        0.600073E-01
    0.848000        0.547605E-01
    0.850000        0.500000E-01
    0.852000        0.457310E-01
    0.854000        0.419586E-01
    0.856000        0.386877E-01
    0.858000        0.359228E-01
    0.860000        0.336683E-01
    0.862000        0.319284E-01
    0.864000        0.307068E-01
    0.866000        0.300072E-01
    0.868000        0.298329E-01
    0.870000        0.301868E-01
    0.872000        0.310719E-01
    0.874000        0.324904E-01
    0.876000        0.344446E-01
    0.878000        0.369363E-01
    0.880000        0.399669E-01
    0.882000        0.435377E-01
    0.884000        0.476495E-01
    0.886000        0.523027E-01
    0.888000        0.574976E-01
    0.890000        0.632338E-01
    0.892000        0.695107E-01
    0.894000        0.763274E-01
    0.896000        0.836825E-01
    0.898000        0.915741E-01
    0.900000        0.100000    
    0.902000        0.108958    
    0.904000        0.118444    
    0.906000        0.128455    
    0.908000        0.138988    
    0.910000        0.150037    
    0.912000        0.161599    
    0.914000        0.173666    
    0.916000        0.186235    
    0.918000        0.199298    
    0.920000        0.212848    
    0.922000        0.226878    
    0.924000        0.241380    
    0.926000        0.256346    
    0.928000        0.271766    
    0.930000        0.287631    
    0.932000        0.303931    
    0.934000        0.320655    
    0.936000        0.337791    
    0.938000        0.355329    
    0.940000        0.373254    
    0.942000        0.391554    
    0.944000        0.410214    
    0.946000        0.429222    
    0.948000        0.448560    
    0.950000        0.468213    
    0.952000        0.488166    
    0.954000        0.508399    
    0.956000        0.528896    
    0.958000        0.549637    
    0.960000        0.570603    
    0.962000        0.591774    
    0.964000        0.613129    
    0.966000        0.634646    
    0.968000        0.656302    
    0.970000        0.678074    
    0.972000        0.699938    
    0.974000        0.721868    
    0.976000        0.743839    
    0.978000        0.765824    
    0.980000        0.787795    
    0.982000        0.809723    
    0.984000        0.831580    
    0.986000        0.853335    
    0.988000        0.874955    
    0.990000        0.896410    
    0.992000        0.917666    
    0.994000        0.938689    
    0.996000        0.959443    
    0.998000        0.979893    
     1.00000         1.00000    
