     0.00000         1.00000    
    0.100000E-01     1.01247    
    0.200000E-01     1.02490    
    0.300000E-01     1.03727    
    0.400000E-01     1.04960    
    0.500000E-01     1.06187    
    0.600000E-01     1.07410    
    0.700000E-01     1.08627    
    0.800000E-01     1.09840    
    0.900000E-01     1.11047    
    0.100000         1.12250    
    0.110000         1.13447    
    0.120000         1.14640    
    0.130000         1.15827    
    0.140000         1.17010    
    0.150000         1.18187    
    0.160000         1.19360    
    0.170000         1.20527    
    0.180000         1.21690    
    0.190000         1.22847    
    0.200000         1.24000    
    0.210000         1.25147    
    0.220000         1.26290    
    0.230000         1.27427    
    0.240000         1.28560    
    0.250000         1.29687    
    0.260000         1.30810    
    0.270000         1.31927    
    0.280000         1.33040    
    0.290000         1.34147    
    0.300000         1.35250    
    0.310000         1.36347    
    0.320000         1.37440    
    0.330000         1.38527    
    0.340000         1.39610    
    0.350000         1.40687    
    0.360000         1.41760    
    0.370000         1.42827    
    0.380000         1.43890    
    0.390000         1.44947    
    0.400000         1.46000    
    0.410000         1.47047    
    0.420000         1.48090    
    0.430000         1.49127    
    0.440000         1.50160    
    0.450000         1.51187    
    0.460000         1.52210    
    0.470000         1.53227    
    0.480000         1.54240    
    0.490000         1.55247    
    0.500000         1.56250    
    0.510000         1.57247    
    0.520000         1.58240    
    0.530000         1.59227    
    0.540000         1.60210    
    0.550000         1.61187    
    0.560000         1.62160    
    0.570000         1.63128    
    0.580000         1.64090    
    0.590000         1.65048    
    0.600000         1.66000    
    0.610000         1.66947    
    0.620000         1.67890    
    0.630000         1.68827    
    0.640000         1.69760    
    0.650000         1.70688    
    0.660000         1.71610    
    0.670000         1.72528    
    0.680000         1.73440    
    0.690000         1.74348    
    0.700000         1.75250    
    0.710000         1.76147    
    0.720000         1.77040    
    0.730000         1.77928    
    0.740000         1.78810    
    0.750000         1.79688    
    0.760000         1.80560    
    0.770000         1.81428    
    0.780000         1.82290    
    0.790000         1.83148    
    0.800000         1.84000    
    0.810000         1.84848    
    0.820000         1.85690    
    0.830000         1.86528    
    0.840000         1.87360    
    0.850000         1.88187    
    0.860000         1.89010    
    0.870000         1.89828    
    0.880000         1.90640    
    0.890000         1.91447    
    0.900000         1.92250    
    0.910000         1.93048    
    0.920000         1.93840    
    0.930000         1.94628    
    0.940000         1.95410    
    0.950000         1.96188    
    0.960000         1.96960    
    0.970000         1.97728    
    0.980000         1.98490    
    0.990000         1.99248    
     1.00000         2.00000    
     1.01000         2.00748    
     1.02000         2.01490    
     1.03000         2.02228    
     1.04000         2.02960    
     1.05000         2.03688    
     1.06000         2.04410    
     1.07000         2.05128    
     1.08000         2.05840    
     1.09000         2.06548    
     1.10000         2.07250    
     1.11000         2.07948    
     1.12000         2.08640    
     1.13000         2.09328    
     1.14000         2.10010    
     1.15000         2.10688    
     1.16000         2.11360    
     1.17000         2.12028    
     1.18000         2.12690    
     1.19000         2.13348    
     1.20000         2.14000    
     1.21000         2.14648    
     1.22000         2.15290    
     1.23000         2.15928    
     1.24000         2.16560    
     1.25000         2.17188    
     1.26000         2.17810    
     1.27000         2.18428    
     1.28000         2.19040    
     1.29000         2.19648    
     1.30000         2.20250    
     1.31000         2.20848    
     1.32000         2.21440    
     1.33000         2.22028    
     1.34000         2.22610    
     1.35000         2.23188    
     1.36000         2.23760    
     1.37000         2.24328    
     1.38000         2.24890    
     1.39000         2.25448    
     1.40000         2.26000    
     1.41000         2.26548    
     1.42000         2.27090    
     1.43000         2.27628    
     1.44000         2.28160    
     1.45000         2.28688    
     1.46000         2.29210    
     1.47000         2.29728    
     1.48000         2.30240    
     1.49000         2.30748    
     1.50000         2.31250    
     1.51000         2.31748    
     1.52000         2.32240    
     1.53000         2.32728    
     1.54000         2.33210    
     1.55000         2.33688    
     1.56000         2.34160    
     1.57000         2.34628    
     1.58000         2.35090    
     1.59000         2.35548    
     1.60000         2.36000    
     1.61000         2.36448    
     1.62000         2.36890    
     1.63000         2.37328    
     1.64000         2.37760    
     1.65000         2.38188    
     1.66000         2.38610    
     1.67000         2.39028    
     1.68000         2.39440    
     1.69000         2.39848    
     1.70000         2.40250    
     1.71000         2.40648    
     1.72000         2.41040    
     1.73000         2.41428    
     1.74000         2.41810    
     1.75000         2.42188    
     1.76000         2.42560    
     1.77000         2.42928    
     1.78000         2.43290    
     1.79000         2.43648    
     1.80000         2.44000    
     1.81000         2.44348    
     1.82000         2.44690    
     1.83000         2.45028    
     1.84000         2.45360    
     1.85000         2.45688    
     1.86000         2.46010    
     1.87000         2.46328    
     1.88000         2.46640    
     1.89000         2.46948    
     1.90000         2.47250    
     1.91000         2.47548    
     1.92000         2.47840    
     1.93000         2.48128    
     1.94000         2.48410    
     1.95000         2.48688    
     1.96000         2.48960    
     1.97000         2.49228    
     1.98000         2.49490    
     1.99000         2.49748    
     2.00000         2.50000    
     2.01000         2.50248    
     2.02000         2.50490    
     2.03000         2.50728    
     2.04000         2.50960    
     2.05000         2.51188    
     2.06000         2.51410    
     2.07000         2.51628    
     2.08000         2.51840    
     2.09000         2.52048    
     2.10000         2.52250    
     2.11000         2.52448    
     2.12000         2.52640    
     2.13000         2.52828    
     2.14000         2.53010    
     2.15000         2.53188    
     2.16000         2.53360    
     2.17000         2.53528    
     2.18000         2.53690    
     2.19000         2.53848    
     2.20000         2.54000    
     2.21000         2.54148    
     2.22000         2.54290    
     2.23000         2.54428    
     2.24000         2.54560    
     2.25000         2.54688    
     2.26000         2.54810    
     2.27000         2.54928    
     2.28000         2.55040    
     2.29000         2.55148    
     2.30000         2.55250    
     2.31000         2.55348    
     2.32000         2.55440    
     2.33000         2.55528    
     2.34000         2.55610    
     2.35000         2.55688    
     2.36000         2.55760    
     2.37000         2.55828    
     2.38000         2.55890    
     2.39000         2.55948    
     2.40000         2.56000    
     2.41000         2.56048    
     2.42000         2.56090    
     2.43000         2.56128    
     2.44000         2.56160    
     2.45000         2.56188    
     2.46000         2.56210    
     2.47000         2.56228    
     2.48000         2.56240    
     2.49000         2.56248    
     2.50000         2.56250    
     2.51000         2.56248    
     2.52000         2.56240    
     2.53000         2.56228    
     2.54000         2.56210    
     2.55000         2.56188    
     2.56000         2.56160    
     2.57000         2.56128    
     2.58000         2.56090    
     2.59000         2.56048    
     2.60000         2.56000    
     2.61000         2.55948    
     2.62000         2.55890    
     2.63000         2.55828    
     2.64000         2.55760    
     2.65000         2.55688    
     2.66000         2.55610    
     2.67000         2.55528    
     2.68000         2.55440    
     2.69000         2.55348    
     2.70000         2.55250    
     2.71000         2.55148    
     2.72000         2.55040    
     2.73000         2.54928    
     2.74000         2.54810    
     2.75000         2.54688    
     2.76000         2.54560    
     2.77000         2.54428    
     2.78000         2.54290    
     2.79000         2.54148    
     2.80000         2.54000    
     2.81000         2.53848    
     2.82000         2.53690    
     2.83000         2.53528    
     2.84000         2.53360    
     2.85000         2.53188    
     2.86000         2.53010    
     2.87000         2.52828    
     2.88000         2.52640    
     2.89000         2.52448    
     2.90000         2.52250    
     2.91000         2.52048    
     2.92000         2.51840    
     2.93000         2.51628    
     2.94000         2.51410    
     2.95000         2.51188    
     2.96000         2.50960    
     2.97000         2.50728    
     2.98000         2.50490    
     2.99000         2.50248    
     3.00000         2.50000    
     3.01000         2.49748    
     3.02000         2.49490    
     3.03000         2.49228    
     3.04000         2.48960    
     3.05000         2.48688    
     3.06000         2.48410    
     3.07000         2.48128    
     3.08000         2.47840    
     3.09000         2.47548    
     3.10000         2.47250    
     3.11000         2.46948    
     3.12000         2.46640    
     3.13000         2.46328    
     3.14000         2.46010    
     3.15000         2.45688    
     3.16000         2.45360    
     3.17000         2.45028    
     3.18000         2.44690    
     3.19000         2.44348    
     3.20000         2.44000    
     3.21000         2.43648    
     3.22000         2.43290    
     3.23000         2.42928    
     3.24000         2.42560    
     3.25000         2.42188    
     3.26000         2.41810    
     3.27000         2.41428    
     3.28000         2.41040    
     3.29000         2.40648    
     3.30000         2.40250    
     3.31000         2.39848    
     3.32000         2.39440    
     3.33000         2.39028    
     3.34000         2.38610    
     3.35000         2.38188    
     3.36000         2.37760    
     3.37000         2.37328    
     3.38000         2.36890    
     3.39000         2.36448    
     3.40000         2.36000    
     3.41000         2.35548    
     3.42000         2.35090    
     3.43000         2.34628    
     3.44000         2.34160    
     3.45000         2.33688    
     3.46000         2.33210    
     3.47000         2.32728    
     3.48000         2.32240    
     3.49000         2.31748    
     3.50000         2.31250    
     3.51000         2.30748    
     3.52000         2.30240    
     3.53000         2.29728    
     3.54000         2.29210    
     3.55000         2.28688    
     3.56000         2.28160    
     3.57000         2.27628    
     3.58000         2.27090    
     3.59000         2.26548    
     3.60000         2.26000    
     3.61000         2.25448    
     3.62000         2.24890    
     3.63000         2.24328    
     3.64000         2.23760    
     3.65000         2.23188    
     3.66000         2.22610    
     3.67000         2.22028    
     3.68000         2.21440    
     3.69000         2.20848    
     3.70000         2.20250    
     3.71000         2.19648    
     3.72000         2.19040    
     3.73000         2.18428    
     3.74000         2.17810    
     3.75000         2.17188    
     3.76000         2.16560    
     3.77000         2.15928    
     3.78000         2.15290    
     3.79000         2.14648    
     3.80000         2.14000    
     3.81000         2.13348    
     3.82000         2.12690    
     3.83000         2.12028    
     3.84000         2.11360    
     3.85000         2.10688    
     3.86000         2.10010    
     3.87000         2.09328    
     3.88000         2.08640    
     3.89000         2.07948    
     3.90000         2.07250    
     3.91000         2.06548    
     3.92000         2.05840    
     3.93000         2.05128    
     3.94000         2.04410    
     3.95000         2.03688    
     3.96000         2.02960    
     3.97000         2.02228    
     3.98000         2.01490    
     3.99000         2.00748    
     4.00000         2.00000    
     4.01000         1.99248    
     4.02000         1.98490    
     4.03000         1.97728    
     4.04000         1.96960    
     4.05000         1.96188    
     4.06000         1.95410    
     4.07000         1.94628    
     4.08000         1.93840    
     4.09000         1.93048    
     4.10000         1.92250    
     4.11000         1.91448    
     4.12000         1.90640    
     4.13000         1.89828    
     4.14000         1.89010    
     4.15000         1.88188    
     4.16000         1.87360    
     4.17000         1.86528    
     4.18000         1.85690    
     4.19000         1.84848    
     4.20000         1.84000    
     4.21000         1.83148    
     4.22000         1.82290    
     4.23000         1.81428    
     4.24000         1.80560    
     4.25000         1.79688    
     4.26000         1.78810    
     4.27000         1.77928    
     4.28000         1.77040    
     4.29000         1.76148    
     4.30000         1.75250    
     4.31000         1.74348    
     4.32000         1.73440    
     4.33000         1.72528    
     4.34000         1.71610    
     4.35000         1.70688    
     4.36000         1.69760    
     4.37000         1.68828    
     4.38000         1.67890    
     4.39000         1.66948    
     4.40000         1.66000    
     4.41000         1.65047    
     4.42000         1.64090    
     4.43000         1.63128    
     4.44000         1.62160    
     4.45000         1.61187    
     4.46000         1.60210    
     4.47000         1.59227    
     4.48000         1.58240    
     4.49000         1.57247    
     4.50000         1.56250    
     4.51000         1.55247    
     4.52000         1.54240    
     4.53000         1.53227    
     4.54000         1.52210    
     4.55000         1.51187    
     4.56000         1.50160    
     4.57000         1.49127    
     4.58000         1.48090    
     4.59000         1.47047    
     4.60000         1.46000    
     4.61000         1.44947    
     4.62000         1.43890    
     4.63000         1.42827    
     4.64000         1.41760    
     4.65000         1.40687    
     4.66000         1.39610    
     4.67000         1.38527    
     4.68000         1.37440    
     4.69000         1.36347    
     4.70000         1.35250    
     4.71000         1.34147    
     4.72000         1.33040    
     4.73000         1.31927    
     4.74000         1.30810    
     4.75000         1.29687    
     4.76000         1.28560    
     4.77000         1.27428    
     4.78000         1.26290    
     4.79000         1.25147    
     4.80000         1.24000    
     4.81000         1.22848    
     4.82000         1.21690    
     4.83000         1.20527    
     4.84000         1.19360    
     4.85000         1.18188    
     4.86000         1.17010    
     4.87000         1.15827    
     4.88000         1.14640    
     4.89000         1.13448    
     4.90000         1.12250    
     4.91000         1.11047    
     4.92000         1.09840    
     4.93000         1.08628    
     4.94000         1.07410    
     4.95000         1.06187    
     4.96000         1.04960    
     4.97000         1.03728    
     4.98000         1.02490    
     4.99000         1.01247    
     5.00000         1.00000    
