     0.00000        -10667.1    
    0.620000E-01   -0.517104E+10
    0.124000       -0.928318E+10
    0.186000       -0.124613E+11
    0.248000       -0.148195E+11
    0.310000       -0.164619E+11
    0.372000       -0.174836E+11
    0.434000       -0.179707E+11
    0.496000       -0.180014E+11
    0.558000       -0.176464E+11
    0.620000       -0.169694E+11
    0.682000       -0.160276E+11
    0.744000       -0.148724E+11
    0.806000       -0.135495E+11
    0.868000       -0.120997E+11
    0.930000       -0.105590E+11
    0.992000       -0.895899E+10
     1.05400       -0.732747E+10
     1.11600       -0.568855E+10
     1.17800       -0.406302E+10
     1.24000       -0.246866E+10
     1.30200       -0.920522E+09
     1.36400        0.568863E+09
     1.42600        0.198920E+10
     1.48800        0.333222E+10
     1.55000        0.459150E+10
     1.61200        0.576222E+10
     1.67400        0.684104E+10
     1.73600        0.782591E+10
     1.79800        0.871589E+10
     1.86000        0.951107E+10
     1.92200        0.102124E+11
     1.98400        0.108216E+11
     2.04600        0.113409E+11
     2.10800        0.117734E+11
     2.17000        0.121222E+11
     2.23200        0.123911E+11
     2.29400        0.125842E+11
     2.35600        0.127056E+11
     2.41800        0.127597E+11
     2.48000        0.127511E+11
     2.54200        0.126842E+11
     2.60400        0.125638E+11
     2.66600        0.123943E+11
     2.72800        0.121803E+11
     2.79000        0.119263E+11
     2.85200        0.116365E+11
     2.91400        0.113151E+11
     2.97600        0.109663E+11
     3.03800        0.105939E+11
     3.10000        0.102016E+11
     3.16200        0.979298E+10
     3.22400        0.937141E+10
     3.28600        0.894002E+10
     3.34800        0.850178E+10
     3.41000        0.805943E+10
     3.47200        0.761555E+10
     3.53400        0.717249E+10
     3.59600        0.673241E+10
     3.65800        0.629728E+10
     3.72000        0.586889E+10
     3.78200        0.544883E+10
     3.84400        0.503854E+10
     3.90600        0.463927E+10
     3.96800        0.425211E+10
     4.03000        0.387800E+10
     4.09200        0.351773E+10
     4.15400        0.317195E+10
     4.21600        0.284117E+10
     4.27800        0.252581E+10
     4.34000        0.222613E+10
     4.40200        0.194231E+10
     4.46400        0.167443E+10
     4.52600        0.142247E+10
     4.58800        0.118634E+10
     4.65000        0.965855E+09
     4.71200        0.760777E+09
     4.77400        0.570802E+09
     4.83600        0.395573E+09
     4.89800        0.234683E+09
     4.96000        0.876869E+08
     5.02200       -0.458990E+08
     5.08400       -0.166587E+09
     5.14600       -0.274913E+09
     5.20800       -0.371434E+09
     5.27000       -0.456720E+09
     5.33200       -0.531354E+09
     5.39400       -0.595921E+09
     5.45600       -0.651013E+09
     5.51800       -0.697217E+09
     5.58000       -0.735119E+09
     5.64200       -0.765297E+09
     5.70400       -0.788319E+09
     5.76600       -0.804741E+09
     5.82800       -0.815105E+09
     5.89000       -0.819937E+09
     5.95200       -0.819748E+09
     6.01400       -0.815026E+09
     6.07600       -0.806244E+09
     6.13800       -0.793851E+09
     6.20000       -0.778276E+09
     6.26200       -0.759924E+09
     6.32400       -0.739181E+09
     6.38600       -0.716409E+09
     6.44800       -0.691946E+09
     6.51000       -0.666109E+09
     6.57200       -0.639193E+09
     6.63400       -0.611469E+09
     6.69600       -0.583190E+09
     6.75800       -0.554583E+09
     6.82000       -0.525859E+09
     6.88200       -0.497207E+09
     6.94400       -0.468796E+09
     7.00600       -0.440778E+09
     7.06800       -0.413286E+09
     7.13000       -0.386439E+09
     7.19200       -0.360336E+09
     7.25400       -0.335064E+09
     7.31600       -0.310695E+09
     7.37800       -0.287287E+09
     7.44000       -0.264886E+09
     7.50200       -0.243526E+09
     7.56400       -0.223233E+09
     7.62600       -0.204019E+09
     7.68800       -0.185891E+09
     7.75000       -0.168845E+09
     7.81200       -0.152873E+09
     7.87400       -0.137956E+09
     7.93600       -0.124075E+09
     7.99800       -0.111200E+09
     8.06000       -0.993024E+08
     8.12200       -0.883458E+08
     8.18400       -0.782928E+08
     8.24600       -0.691032E+08
     8.30800       -0.607347E+08
     8.37000       -0.531439E+08
     8.43200       -0.462865E+08
     8.49400       -0.401175E+08
     8.55600       -0.345922E+08
     8.61800       -0.296657E+08
     8.68000       -0.252942E+08
     8.74200       -0.214346E+08
     8.80400       -0.180448E+08
     8.86600       -0.150843E+08
     8.92800       -0.125141E+08
     8.99000       -0.102967E+08
     9.05200       -0.839671E+07
     9.11400       -0.678057E+07
     9.17600       -0.541670E+07
     9.23800       -0.427561E+07
     9.30000       -0.332989E+07
     9.36200       -0.255422E+07
     9.42400       -0.192537E+07
     9.48600       -0.142217E+07
     9.54800       -0.102542E+07
     9.61000        -717912.    
     9.67200        -484281.    
     9.73400        -310966.    
     9.79600        -186104.    
     9.85800        -99430.3    
     9.92000        -42177.6    
     9.98200        -6960.63    
     10.0440         12336.3    
     10.1060         20675.6    
     10.1680         21984.1    
     10.2300         19270.4    
     10.2920         14740.6    
     10.3540         9913.01    
     10.4160         5728.75    
     10.4780         2658.40    
     10.5400         806.337    
     10.6020         6.02134    
     10.6640        -87.0159    
     10.7260         90.1821    
     10.7880         86.2874    
     10.8500        -492.416    
     10.9120        -1917.47    
     10.9740        -4281.57    
     11.0360        -7449.12    
     11.0980        -11013.3    
     11.1600        -14263.8    
     11.2220        -16158.7    
     11.2840        -15305.7    
     11.3460        -9948.74    
     11.4080         2032.82    
     11.4700         23128.3    
     11.5320         56183.8    
     11.5940         104389.    
     11.6560         171256.    
     11.7180         260600.    
     11.7800         376500.    
     11.8420         523274.    
     11.9040         705435.    
     11.9660         927653.    
     12.0280        0.119471E+07
     12.0900        0.151145E+07
     12.1520        0.188274E+07
     12.2140        0.231340E+07
     12.2760        0.280820E+07
     12.3380        0.337173E+07
     12.4000        0.400844E+07
     12.4620        0.472252E+07
     12.5240        0.551789E+07
     12.5860        0.639814E+07
     12.6480        0.736648E+07
     12.7100        0.842571E+07
     12.7720        0.957817E+07
     12.8340        0.108257E+08
     12.8960        0.121697E+08
     12.9580        0.136108E+08
     13.0200        0.151493E+08
     13.0820        0.167848E+08
     13.1440        0.185162E+08
     13.2060        0.203418E+08
     13.2680        0.222595E+08
     13.3300        0.242661E+08
     13.3920        0.263582E+08
     13.4540        0.285315E+08
     13.5160        0.307812E+08
     13.5780        0.331018E+08
     13.6400        0.354872E+08
     13.7020        0.379310E+08
     13.7640        0.404258E+08
     13.8260        0.429641E+08
     13.8880        0.455378E+08
     13.9500        0.481382E+08
     14.0120        0.507566E+08
     14.0740        0.533836E+08
     14.1360        0.560096E+08
     14.1980        0.586249E+08
     14.2600        0.612194E+08
     14.3220        0.637832E+08
     14.3840        0.663060E+08
     14.4460        0.687776E+08
     14.5080        0.711880E+08
     14.5700        0.735269E+08
     14.6320        0.757847E+08
     14.6940        0.779516E+08
     14.7560        0.800182E+08
     14.8180        0.819756E+08
     14.8800        0.838150E+08
     14.9420        0.855283E+08
     15.0040        0.871077E+08
     15.0660        0.885460E+08
     15.1280        0.898367E+08
     15.1900        0.909737E+08
     15.2520        0.919518E+08
     15.3140        0.927663E+08
     15.3760        0.934133E+08
     15.4380        0.938896E+08
     15.5000        0.941929E+08
     15.5620        0.943216E+08
     15.6240        0.942748E+08
     15.6860        0.940526E+08
     15.7480        0.936558E+08
     15.8100        0.930859E+08
     15.8720        0.923454E+08
     15.9340        0.914374E+08
     15.9960        0.903660E+08
     16.0580        0.891357E+08
     16.1200        0.877521E+08
     16.1820        0.862211E+08
     16.2440        0.845496E+08
     16.3060        0.827449E+08
     16.3680        0.808149E+08
     16.4300        0.787680E+08
     16.4920        0.766132E+08
     16.5540        0.743597E+08
     16.6160        0.720172E+08
     16.6780        0.695958E+08
     16.7400        0.671057E+08
     16.8020        0.645572E+08
     16.8640        0.619609E+08
     16.9260        0.593275E+08
     16.9880        0.566675E+08
     17.0500        0.539913E+08
     17.1120        0.513095E+08
     17.1740        0.486321E+08
     17.2360        0.459693E+08
     17.2980        0.433306E+08
     17.3600        0.407252E+08
     17.4220        0.381622E+08
     17.4840        0.356498E+08
     17.5460        0.331960E+08
     17.6080        0.308081E+08
     17.6700        0.284930E+08
     17.7320        0.262566E+08
     17.7940        0.241046E+08
     17.8560        0.220418E+08
     17.9180        0.200722E+08
     17.9800        0.181993E+08
     18.0420        0.164258E+08
     18.1040        0.147537E+08
     18.1660        0.131842E+08
     18.2280        0.117180E+08
     18.2900        0.103550E+08
     18.3520        0.909438E+07
     18.4140        0.793471E+07
     18.4760        0.687406E+07
     18.5380        0.590981E+07
     18.6000        0.503878E+07
     18.6620        0.425745E+07
     18.7240        0.356179E+07
     18.7860        0.294726E+07
     18.8480        0.240927E+07
     18.9100        0.194268E+07
     18.9720        0.154235E+07
     19.0340        0.120272E+07
     19.0960         918600.    
     19.1580         684247.    
     19.2200         494355.    
     19.2820         343584.    
     19.3440         226670.    
     19.4060         138684.    
     19.4680         74959.6    
     19.5300         30979.2    
     19.5920         2619.11    
     19.6540        -13520.2    
     19.7160        -20773.4    
     19.7780        -21980.0    
     19.8400        -19463.6    
     19.9020        -15062.2    
     19.9640        -10194.2    
     20.0260        -5849.44    
     20.0880        -2639.60    
     20.1500        -707.311    
     20.2120        -8.40317    
     20.2740         38.6362    
     20.3360        -285.992    
     20.3980        -203.743    
     20.4600         970.678    
     20.5220         3722.90    
     20.5840         8435.05    
     20.6460         14770.6    
     20.7080         22045.9    
     20.7700         28751.6    
     20.8320         33091.4    
     20.8940         31261.1    
     20.9560         18399.0    
     21.0180        -11247.2    
     21.0800        -65718.9    
     21.1420        -154930.    
     21.2040        -290572.    
     21.2660        -487411.    
     21.3280        -761561.    
     21.3900       -0.113413E+07
     21.4520       -0.162648E+07
     21.5140       -0.226596E+07
     21.5760       -0.308146E+07
     21.6380       -0.410633E+07
     21.7000       -0.537823E+07
     21.7620       -0.693725E+07
     21.8240       -0.882992E+07
     21.8860       -0.111049E+08
     21.9480       -0.138166E+08
     22.0100       -0.170235E+08
     22.0720       -0.207877E+08
     22.1340       -0.251768E+08
     22.1960       -0.302625E+08
     22.2580       -0.361207E+08
     22.3200       -0.428306E+08
     22.3820       -0.504761E+08
     22.4440       -0.591443E+08
     22.5060       -0.689258E+08
     22.5680       -0.799133E+08
     22.6300       -0.922016E+08
     22.6920       -0.105888E+09
     22.7540       -0.121071E+09
     22.8160       -0.137849E+09
     22.8780       -0.156318E+09
     22.9400       -0.176575E+09
     23.0020       -0.198714E+09
     23.0640       -0.222823E+09
     23.1260       -0.248988E+09
     23.1880       -0.277289E+09
     23.2500       -0.307794E+09
     23.3120       -0.340567E+09
     23.3740       -0.375659E+09
     23.4360       -0.413108E+09
     23.4980       -0.452936E+09
     23.5600       -0.495154E+09
     23.6220       -0.539750E+09
     23.6840       -0.586691E+09
     23.7460       -0.635926E+09
     23.8080       -0.687376E+09
     23.8700       -0.740933E+09
     23.9320       -0.796462E+09
     23.9940       -0.853796E+09
     24.0560       -0.912731E+09
     24.1180       -0.973026E+09
     24.1800       -0.103440E+10
     24.2420       -0.109654E+10
     24.3040       -0.115907E+10
     24.3660       -0.122157E+10
     24.4280       -0.128359E+10
     24.4900       -0.134461E+10
     24.5520       -0.140405E+10
     24.6140       -0.146128E+10
     24.6760       -0.151563E+10
     24.7380       -0.156633E+10
     24.8000       -0.161259E+10
     24.8620       -0.165353E+10
     24.9240       -0.168820E+10
     24.9860       -0.171561E+10
     25.0480       -0.173470E+10
     25.1100       -0.174431E+10
     25.1720       -0.174325E+10
     25.2340       -0.173026E+10
     25.2960       -0.170401E+10
     25.3580       -0.166311E+10
     25.4200       -0.160609E+10
     25.4820       -0.153147E+10
     25.5440       -0.143768E+10
     25.6060       -0.132313E+10
     25.6680       -0.118615E+10
     25.7300       -0.102507E+10
     25.7920       -0.838185E+09
     25.8540       -0.623752E+09
     25.9160       -0.380031E+09
     25.9780       -0.105280E+09
     26.0400        0.202240E+09
     26.1020        0.544238E+09
     26.1640        0.922394E+09
     26.2260        0.133834E+10
     26.2880        0.179363E+10
     26.3500        0.228976E+10
     26.4120        0.282809E+10
     26.4740        0.340990E+10
     26.5360        0.403630E+10
     26.5980        0.470824E+10
     26.6600        0.542650E+10
     26.7220        0.619163E+10
     26.7840        0.700397E+10
     26.8460        0.786357E+10
     26.9080        0.877021E+10
     26.9700        0.972333E+10
     27.0320        0.107220E+11
     27.0940        0.117651E+11
     27.1560        0.128507E+11
     27.2180        0.139769E+11
     27.2800        0.151410E+11
     27.3420        0.163398E+11
     27.4040        0.175699E+11
     27.4660        0.188269E+11
     27.5280        0.201061E+11
     27.5900        0.214020E+11
     27.6520        0.227085E+11
     27.7140        0.240190E+11
     27.7760        0.253259E+11
     27.8380        0.266211E+11
     27.9000        0.278957E+11
     27.9620        0.291400E+11
     28.0240        0.303436E+11
     28.0860        0.314953E+11
     28.1480        0.325833E+11
     28.2100        0.335949E+11
     28.2720        0.345167E+11
     28.3340        0.353348E+11
     28.3960        0.360344E+11
     28.4580        0.366004E+11
     28.5200        0.370169E+11
     28.5820        0.372679E+11
     28.6440        0.373368E+11
     28.7060        0.372069E+11
     28.7680        0.368616E+11
     28.8300        0.362841E+11
     28.8920        0.354582E+11
     28.9540        0.343680E+11
     29.0160        0.329985E+11
     29.0780        0.313356E+11
     29.1400        0.293666E+11
     29.2020        0.270807E+11
     29.2640        0.244690E+11
     29.3260        0.215251E+11
     29.3880        0.182458E+11
     29.4500        0.146315E+11
     29.5120        0.106865E+11
     29.5740        0.642034E+10
     29.6360        0.184788E+10
     29.6980       -0.300954E+10
     29.7600       -0.812335E+10
     29.8220       -0.134567E+11
     29.8840       -0.189635E+11
     29.9460       -0.245871E+11
     30.0080       -0.302594E+11
     30.0700       -0.358988E+11
     30.1320       -0.414096E+11
     30.1940       -0.466796E+11
     30.2560       -0.515789E+11
     30.3180       -0.559575E+11
     30.3800       -0.596438E+11
     30.4420       -0.624420E+11
     30.5040       -0.641298E+11
     30.5660       -0.644558E+11
     30.6280       -0.631367E+11
     30.6900       -0.598547E+11
     30.7520       -0.542534E+11
     30.8140       -0.459352E+11
     30.8760       -0.344573E+11
     30.9380       -0.193275E+11
     31.0000        -21781.9    
