     0.00000        0.103834E-10
    0.200000E-02    0.147885    
    0.400000E-02    0.284097    
    0.600000E-02    0.409233    
    0.800000E-02    0.523865    
    0.100000E-01    0.628547    
    0.120000E-01    0.723811    
    0.140000E-01    0.810173    
    0.160000E-01    0.888127    
    0.180000E-01    0.958150    
    0.200000E-01     1.02070    
    0.220000E-01     1.07622    
    0.240000E-01     1.12514    
    0.260000E-01     1.16786    
    0.280000E-01     1.20477    
    0.300000E-01     1.23626    
    0.320000E-01     1.26267    
    0.340000E-01     1.28436    
    0.360000E-01     1.30167    
    0.380000E-01     1.31490    
    0.400000E-01     1.32436    
    0.420000E-01     1.33034    
    0.440000E-01     1.33312    
    0.460000E-01     1.33296    
    0.480000E-01     1.33012    
    0.500000E-01     1.32484    
    0.520000E-01     1.31734    
    0.540000E-01     1.30785    
    0.560000E-01     1.29658    
    0.580000E-01     1.28371    
    0.600000E-01     1.26944    
    0.620000E-01     1.25394    
    0.640000E-01     1.23739    
    0.660000E-01     1.21994    
    0.680000E-01     1.20173    
    0.700000E-01     1.18292    
    0.720000E-01     1.16363    
    0.740000E-01     1.14399    
    0.760000E-01     1.12411    
    0.780000E-01     1.10410    
    0.800000E-01     1.08406    
    0.820000E-01     1.06410    
    0.840000E-01     1.04429    
    0.860000E-01     1.02472    
    0.880000E-01     1.00547    
    0.900000E-01    0.986593    
    0.920000E-01    0.968167    
    0.940000E-01    0.950244    
    0.960000E-01    0.932878    
    0.980000E-01    0.916116    
    0.100000        0.900000    
    0.102000        0.884568    
    0.104000        0.869853    
    0.106000        0.855884    
    0.108000        0.842686    
    0.110000        0.830279    
    0.112000        0.818680    
    0.114000        0.807904    
    0.116000        0.797959    
    0.118000        0.788853    
    0.120000        0.780589    
    0.122000        0.773168    
    0.124000        0.766588    
    0.126000        0.760845    
    0.128000        0.755932    
    0.130000        0.751838    
    0.132000        0.748553    
    0.134000        0.746063    
    0.136000        0.744353    
    0.138000        0.743405    
    0.140000        0.743200    
    0.142000        0.743718    
    0.144000        0.744937    
    0.146000        0.746833    
    0.148000        0.749384    
    0.150000        0.752561    
    0.152000        0.756341    
    0.154000        0.760694    
    0.156000        0.765594    
    0.158000        0.771011    
    0.160000        0.776915    
    0.162000        0.783277    
    0.164000        0.790066    
    0.166000        0.797252    
    0.168000        0.804804    
    0.170000        0.812690    
    0.172000        0.820879    
    0.174000        0.829339    
    0.176000        0.838040    
    0.178000        0.846949    
    0.180000        0.856036    
    0.182000        0.865269    
    0.184000        0.874618    
    0.186000        0.884052    
    0.188000        0.893542    
    0.190000        0.903056    
    0.192000        0.912567    
    0.194000        0.922044    
    0.196000        0.931461    
    0.198000        0.940789    
    0.200000        0.950000    
    0.202000        0.959069    
    0.204000        0.967969    
    0.206000        0.976676    
    0.208000        0.985165    
    0.210000        0.993412    
    0.212000         1.00139    
    0.214000         1.00909    
    0.216000         1.01648    
    0.218000         1.02354    
    0.220000         1.03025    
    0.222000         1.03659    
    0.224000         1.04255    
    0.226000         1.04811    
    0.228000         1.05325    
    0.230000         1.05796    
    0.232000         1.06222    
    0.234000         1.06602    
    0.236000         1.06934    
    0.238000         1.07219    
    0.240000         1.07454    
    0.242000         1.07638    
    0.244000         1.07771    
    0.246000         1.07853    
    0.248000         1.07881    
    0.250000         1.07856    
    0.252000         1.07778    
    0.254000         1.07645    
    0.256000         1.07458    
    0.258000         1.07216    
    0.260000         1.06919    
    0.262000         1.06567    
    0.264000         1.06161    
    0.266000         1.05700    
    0.268000         1.05184    
    0.270000         1.04614    
    0.272000         1.03991    
    0.274000         1.03314    
    0.276000         1.02584    
    0.278000         1.01802    
    0.280000         1.00969    
    0.282000         1.00084    
    0.284000        0.991501    
    0.286000        0.981668    
    0.288000        0.971355    
    0.290000        0.960572    
    0.292000        0.949329    
    0.294000        0.937638    
    0.296000        0.925511    
    0.298000        0.912961    
    0.300000        0.900000    
    0.302000        0.886643    
    0.304000        0.872903    
    0.306000        0.858796    
    0.308000        0.844336    
    0.310000        0.829540    
    0.312000        0.814421    
    0.314000        0.798998    
    0.316000        0.783286    
    0.318000        0.767303    
    0.320000        0.751065    
    0.322000        0.734591    
    0.324000        0.717897    
    0.326000        0.701002    
    0.328000        0.683924    
    0.330000        0.666681    
    0.332000        0.649292    
    0.334000        0.631775    
    0.336000        0.614149    
    0.338000        0.596432    
    0.340000        0.578643    
    0.342000        0.560802    
    0.344000        0.542926    
    0.346000        0.525035    
    0.348000        0.507147    
    0.350000        0.489281    
    0.352000        0.471456    
    0.354000        0.453689    
    0.356000        0.436000    
    0.358000        0.418405    
    0.360000        0.400923    
    0.362000        0.383573    
    0.364000        0.366370    
    0.366000        0.349332    
    0.368000        0.332477    
    0.370000        0.315821    
    0.372000        0.299379    
    0.374000        0.283169    
    0.376000        0.267206    
    0.378000        0.251504    
    0.380000        0.236079    
    0.382000        0.220945    
    0.384000        0.206117    
    0.386000        0.191607    
    0.388000        0.177429    
    0.390000        0.163596    
    0.392000        0.150118    
    0.394000        0.137010    
    0.396000        0.124280    
    0.398000        0.111940    
    0.400000        0.100000    
    0.402000        0.884692E-01
    0.404000        0.773564E-01
    0.406000        0.666701E-01
    0.408000        0.564178E-01
    0.410000        0.466068E-01
    0.412000        0.372433E-01
    0.414000        0.283334E-01
    0.416000        0.198821E-01
    0.418000        0.118941E-01
    0.420000        0.437337E-02
    0.422000       -0.267690E-02
    0.424000       -0.925406E-02
    0.426000       -0.153562E-01
    0.428000       -0.209819E-01
    0.430000       -0.261307E-01
    0.432000       -0.308025E-01
    0.434000       -0.349982E-01
    0.436000       -0.387191E-01
    0.438000       -0.419673E-01
    0.440000       -0.447456E-01
    0.442000       -0.470574E-01
    0.444000       -0.489068E-01
    0.446000       -0.502987E-01
    0.448000       -0.512385E-01
    0.450000       -0.517323E-01
    0.452000       -0.517870E-01
    0.454000       -0.514100E-01
    0.456000       -0.506095E-01
    0.458000       -0.493941E-01
    0.460000       -0.477734E-01
    0.462000       -0.457573E-01
    0.464000       -0.433565E-01
    0.466000       -0.405824E-01
    0.468000       -0.374468E-01
    0.470000       -0.339622E-01
    0.472000       -0.301417E-01
    0.474000       -0.259989E-01
    0.476000       -0.215482E-01
    0.478000       -0.168042E-01
    0.480000       -0.117823E-01
    0.482000       -0.649829E-02
    0.484000       -0.968539E-03
    0.486000        0.479012E-02
    0.488000        0.107604E-01
    0.490000        0.169244E-01
    0.492000        0.232641E-01
    0.494000        0.297607E-01
    0.496000        0.363953E-01
    0.498000        0.431483E-01
    0.500000        0.500000E-01
    0.502000        0.569302E-01
    0.504000        0.639185E-01
    0.506000        0.709440E-01
    0.508000        0.779858E-01
    0.510000        0.850224E-01
    0.512000        0.920323E-01
    0.514000        0.989938E-01
    0.516000        0.105885    
    0.518000        0.112683    
    0.520000        0.119367    
    0.522000        0.125914    
    0.524000        0.132300    
    0.526000        0.138505    
    0.528000        0.144505    
    0.530000        0.150277    
    0.532000        0.155800    
    0.534000        0.161050    
    0.536000        0.166005    
    0.538000        0.170643    
    0.540000        0.174942    
    0.542000        0.178879    
    0.544000        0.182434    
    0.546000        0.185583    
    0.548000        0.188306    
    0.550000        0.190582    
    0.552000        0.192389    
    0.554000        0.193708    
    0.556000        0.194519    
    0.558000        0.194802    
    0.560000        0.194537    
    0.562000        0.193706    
    0.564000        0.192291    
    0.566000        0.190274    
    0.568000        0.187638    
    0.570000        0.184366    
    0.572000        0.180443    
    0.574000        0.175853    
    0.576000        0.170582    
    0.578000        0.164616    
    0.580000        0.157943    
    0.582000        0.150548    
    0.584000        0.142422    
    0.586000        0.133554    
    0.588000        0.123934    
    0.590000        0.113553    
    0.592000        0.102404    
    0.594000        0.904793E-01
    0.596000        0.777734E-01
    0.598000        0.642816E-01
    0.600000        0.500000E-01
    0.602000        0.349261E-01
    0.604000        0.190584E-01
    0.606000        0.239658E-02
    0.608000       -0.150585E-01
    0.610000       -0.333049E-01
    0.612000       -0.523392E-01
    0.614000       -0.721568E-01
    0.616000       -0.927519E-01
    0.618000       -0.114117    
    0.620000       -0.136244    
    0.622000       -0.159123    
    0.624000       -0.182743    
    0.626000       -0.207090    
    0.628000       -0.232151    
    0.630000       -0.257910    
    0.632000       -0.284350    
    0.634000       -0.311452    
    0.636000       -0.339196    
    0.638000       -0.367561    
    0.640000       -0.396523    
    0.642000       -0.426057    
    0.644000       -0.456138    
    0.646000       -0.486737    
    0.648000       -0.517824    
    0.650000       -0.549368    
    0.652000       -0.581336    
    0.654000       -0.613694    
    0.656000       -0.646406    
    0.658000       -0.679434    
    0.660000       -0.712737    
    0.662000       -0.746275    
    0.664000       -0.780006    
    0.666000       -0.813883    
    0.668000       -0.847862    
    0.670000       -0.881894    
    0.672000       -0.915929    
    0.674000       -0.949916    
    0.676000       -0.983803    
    0.678000        -1.01753    
    0.680000        -1.05105    
    0.682000        -1.08430    
    0.684000        -1.11722    
    0.686000        -1.14975    
    0.688000        -1.18183    
    0.690000        -1.21338    
    0.692000        -1.24436    
    0.694000        -1.27468    
    0.696000        -1.30428    
    0.698000        -1.33309    
    0.700000        -1.36104    
    0.702000        -1.38805    
    0.704000        -1.41405    
    0.706000        -1.43897    
    0.708000        -1.46271    
    0.710000        -1.48522    
    0.712000        -1.50640    
    0.714000        -1.52617    
    0.716000        -1.54446    
    0.718000        -1.56118    
    0.720000        -1.57624    
    0.722000        -1.58956    
    0.724000        -1.60105    
    0.726000        -1.61063    
    0.728000        -1.61820    
    0.730000        -1.62368    
    0.732000        -1.62698    
    0.734000        -1.62800    
    0.736000        -1.62667    
    0.738000        -1.62287    
    0.740000        -1.61653    
    0.742000        -1.60756    
    0.744000        -1.59585    
    0.746000        -1.58132    
    0.748000        -1.56387    
    0.750000        -1.54342    
    0.752000        -1.51987    
    0.754000        -1.49312    
    0.756000        -1.46310    
    0.758000        -1.42970    
    0.760000        -1.39283    
    0.762000        -1.35242    
    0.764000        -1.30836    
    0.766000        -1.26057    
    0.768000        -1.20896    
    0.770000        -1.15345    
    0.772000        -1.09395    
    0.774000        -1.03039    
    0.776000       -0.962677    
    0.778000       -0.890735    
    0.780000       -0.814487    
    0.782000       -0.733859    
    0.784000       -0.648778    
    0.786000       -0.559174    
    0.788000       -0.464979    
    0.790000       -0.366128    
    0.792000       -0.262561    
    0.794000       -0.154217    
    0.796000       -0.410431E-01
    0.798000        0.770134E-01
    0.800000        0.200000    
    0.802000        0.327961    
    0.804000        0.460935    
    0.806000        0.598958    
    0.808000        0.742061    
    0.810000        0.890269    
    0.812000         1.04360    
    0.814000         1.20208    
    0.816000         1.36570    
    0.818000         1.53449    
    0.820000         1.70842    
    0.822000         1.88750    
    0.824000         2.07171    
    0.826000         2.26103    
    0.828000         2.45543    
    0.830000         2.65487    
    0.832000         2.85930    
    0.834000         3.06869    
    0.836000         3.28296    
    0.838000         3.50205    
    0.840000         3.72588    
    0.842000         3.95437    
    0.844000         4.18741    
    0.846000         4.42490    
    0.848000         4.66672    
    0.850000         4.91275    
    0.852000         5.16285    
    0.854000         5.41687    
    0.856000         5.67464    
    0.858000         5.93600    
    0.860000         6.20076    
    0.862000         6.46873    
    0.864000         6.73968    
    0.866000         7.01340    
    0.868000         7.28964    
    0.870000         7.56816    
    0.872000         7.84868    
    0.874000         8.13092    
    0.876000         8.41459    
    0.878000         8.69937    
    0.880000         8.98492    
    0.882000         9.27091    
    0.884000         9.55695    
    0.886000         9.84268    
    0.888000         10.1277    
    0.890000         10.4115    
    0.892000         10.6938    
    0.894000         10.9740    
    0.896000         11.2517    
    0.898000         11.5264    
    0.900000         11.7975    
    0.902000         12.0645    
    0.904000         12.3269    
    0.906000         12.5839    
    0.908000         12.8352    
    0.910000         13.0799    
    0.912000         13.3174    
    0.914000         13.5470    
    0.916000         13.7681    
    0.918000         13.9799    
    0.920000         14.1815    
    0.922000         14.3723    
    0.924000         14.5513    
    0.926000         14.7178    
    0.928000         14.8707    
    0.930000         15.0094    
    0.932000         15.1327    
    0.934000         15.2396    
    0.936000         15.3293    
    0.938000         15.4006    
    0.940000         15.4525    
    0.942000         15.4838    
    0.944000         15.4934    
    0.946000         15.4801    
    0.948000         15.4427    
    0.950000         15.3799    
    0.952000         15.2904    
    0.954000         15.1729    
    0.956000         15.0261    
    0.958000         14.8484    
    0.960000         14.6384    
    0.962000         14.3946    
    0.964000         14.1155    
    0.966000         13.7995    
    0.968000         13.4449    
    0.970000         13.0501    
    0.972000         12.6133    
    0.974000         12.1327    
    0.976000         11.6065    
    0.978000         11.0329    
    0.980000         10.4099    
    0.982000         9.73546    
    0.984000         9.00764    
    0.986000         8.22432    
    0.988000         7.38335    
    0.990000         6.48255    
    0.992000         5.51966    
    0.994000         4.49235    
    0.996000         3.39828    
    0.998000         2.23499    
     1.00000         1.00000    
