     0.00000        0.268443E-08
    0.300000E-01    -6.87722    
    0.600000E-01    -13.0479    
    0.900000E-01    -18.5562    
    0.120000        -23.4443    
    0.150000        -27.7522    
    0.180000        -31.5184    
    0.210000        -34.7794    
    0.240000        -37.5698    
    0.270000        -39.9229    
    0.300000        -41.8700    
    0.330000        -43.4411    
    0.360000        -44.6646    
    0.390000        -45.5675    
    0.420000        -46.1753    
    0.450000        -46.5122    
    0.480000        -46.6012    
    0.510000        -46.4641    
    0.540000        -46.1212    
    0.570000        -45.5921    
    0.600000        -44.8949    
    0.630000        -44.0468    
    0.660000        -43.0642    
    0.690000        -41.9622    
    0.720000        -40.7552    
    0.750000        -39.4566    
    0.780000        -38.0789    
    0.810000        -36.6340    
    0.840000        -35.1327    
    0.870000        -33.5854    
    0.900000        -32.0016    
    0.930000        -30.3901    
    0.960000        -28.7591    
    0.990000        -27.1163    
     1.02000        -25.4685    
     1.05000        -23.8223    
     1.08000        -22.1836    
     1.11000        -20.5577    
     1.14000        -18.9496    
     1.17000        -17.3637    
     1.20000        -15.8042    
     1.23000        -14.2745    
     1.26000        -12.7780    
     1.29000        -11.3175    
     1.32000        -9.89557    
     1.35000        -8.51439    
     1.38000        -7.17587    
     1.41000        -5.88160    
     1.44000        -4.63293    
     1.47000        -3.43094    
     1.50000        -2.27648    
     1.53000        -1.17018    
     1.56000       -0.112449    
     1.59000        0.896484    
     1.62000         1.85657    
     1.65000         2.76793    
     1.68000         3.63084    
     1.71000         4.44571    
     1.74000         5.21309    
     1.77000         5.93363    
     1.80000         6.60810    
     1.83000         7.23738    
     1.86000         7.82243    
     1.89000         8.36427    
     1.92000         8.86403    
     1.95000         9.32286    
     1.98000         9.74200    
     2.01000         10.1227    
     2.04000         10.4663    
     2.07000         10.7742    
     2.10000         11.0477    
     2.13000         11.2882    
     2.16000         11.4971    
     2.19000         11.6759    
     2.22000         11.8260    
     2.25000         11.9488    
     2.28000         12.0457    
     2.31000         12.1183    
     2.34000         12.1679    
     2.37000         12.1958    
     2.40000         12.2036    
     2.43000         12.1925    
     2.46000         12.1639    
     2.49000         12.1191    
     2.52000         12.0595    
     2.55000         11.9862    
     2.58000         11.9004    
     2.61000         11.8035    
     2.64000         11.6965    
     2.67000         11.5806    
     2.70000         11.4569    
     2.73000         11.3264    
     2.76000         11.1901    
     2.79000         11.0490    
     2.82000         10.9040    
     2.85000         10.7561    
     2.88000         10.6060    
     2.91000         10.4546    
     2.94000         10.3027    
     2.97000         10.1509    
     3.00000         10.0000    
     3.03000         9.85059    
     3.06000         9.70330    
     3.09000         9.55867    
     3.12000         9.41725    
     3.15000         9.27950    
     3.18000         9.14589    
     3.21000         9.01682    
     3.24000         8.89265    
     3.27000         8.77373    
     3.30000         8.66036    
     3.33000         8.55280    
     3.36000         8.45128    
     3.39000         8.35600    
     3.42000         8.26714    
     3.45000         8.18482    
     3.48000         8.10915    
     3.51000         8.04022    
     3.54000         7.97807    
     3.57000         7.92273    
     3.60000         7.87420    
     3.63000         7.83245    
     3.66000         7.79744    
     3.69000         7.76909    
     3.72000         7.74732    
     3.75000         7.73202    
     3.78000         7.72305    
     3.81000         7.72028    
     3.84000         7.72355    
     3.87000         7.73266    
     3.90000         7.74745    
     3.93000         7.76770    
     3.96000         7.79320    
     3.99000         7.82372    
     4.02000         7.85903    
     4.05000         7.89889    
     4.08000         7.94305    
     4.11000         7.99125    
     4.14000         8.04323    
     4.17000         8.09871    
     4.20000         8.15744    
     4.23000         8.21914    
     4.26000         8.28354    
     4.29000         8.35035    
     4.32000         8.41930    
     4.35000         8.49013    
     4.38000         8.56255    
     4.41000         8.63629    
     4.44000         8.71109    
     4.47000         8.78668    
     4.50000         8.86279    
     4.53000         8.93919    
     4.56000         9.01560    
     4.59000         9.09180    
     4.62000         9.16754    
     4.65000         9.24260    
     4.68000         9.31674    
     4.71000         9.38975    
     4.74000         9.46144    
     4.77000         9.53159    
     4.80000         9.60002    
     4.83000         9.66655    
     4.86000         9.73101    
     4.89000         9.79324    
     4.92000         9.85308    
     4.95000         9.91041    
     4.98000         9.96508    
     5.01000         10.0170    
     5.04000         10.0660    
     5.07000         10.1121    
     5.10000         10.1550    
     5.13000         10.1949    
     5.16000         10.2315    
     5.19000         10.2649    
     5.22000         10.2949    
     5.25000         10.3217    
     5.28000         10.3450    
     5.31000         10.3650    
     5.34000         10.3816    
     5.37000         10.3948    
     5.40000         10.4047    
     5.43000         10.4113    
     5.46000         10.4145    
     5.49000         10.4145    
     5.52000         10.4113    
     5.55000         10.4050    
     5.58000         10.3956    
     5.61000         10.3833    
     5.64000         10.3680    
     5.67000         10.3500    
     5.70000         10.3293    
     5.73000         10.3059    
     5.76000         10.2801    
     5.79000         10.2520    
     5.82000         10.2216    
     5.85000         10.1891    
     5.88000         10.1546    
     5.91000         10.1183    
     5.94000         10.0804    
     5.97000         10.0409    
     6.00000         10.0000    
     6.03000         9.95789    
     6.06000         9.91472    
     6.09000         9.87062    
     6.12000         9.82576    
     6.15000         9.78031    
     6.18000         9.73441    
     6.21000         9.68824    
     6.24000         9.64194    
     6.27000         9.59568    
     6.30000         9.54962    
     6.33000         9.50391    
     6.36000         9.45871    
     6.39000         9.41417    
     6.42000         9.37044    
     6.45000         9.32766    
     6.48000         9.28598    
     6.51000         9.24554    
     6.54000         9.20647    
     6.57000         9.16890    
     6.60000         9.13296    
     6.63000         9.09876    
     6.66000         9.06643    
     6.69000         9.03608    
     6.72000         9.00779    
     6.75000         8.98169    
     6.78000         8.95784    
     6.81000         8.93635    
     6.84000         8.91727    
     6.87000         8.90070    
     6.90000         8.88668    
     6.93000         8.87527    
     6.96000         8.86652    
     6.99000         8.86047    
     7.02000         8.85715    
     7.05000         8.85658    
     7.08000         8.85878    
     7.11000         8.86376    
     7.14000         8.87152    
     7.17000         8.88204    
     7.20000         8.89531    
     7.23000         8.91131    
     7.26000         8.92999    
     7.29000         8.95132    
     7.32000         8.97525    
     7.35000         9.00172    
     7.38000         9.03067    
     7.41000         9.06201    
     7.44000         9.09567    
     7.47000         9.13156    
     7.50000         9.16958    
     7.53000         9.20963    
     7.56000         9.25160    
     7.59000         9.29536    
     7.62000         9.34081    
     7.65000         9.38780    
     7.68000         9.43620    
     7.71000         9.48587    
     7.74000         9.53666    
     7.77000         9.58842    
     7.80000         9.64100    
     7.83000         9.69423    
     7.86000         9.74794    
     7.89000         9.80197    
     7.92000         9.85615    
     7.95000         9.91030    
     7.98000         9.96424    
     8.01000         10.0178    
     8.04000         10.0708    
     8.07000         10.1230    
     8.10000         10.1744    
     8.13000         10.2246    
     8.16000         10.2735    
     8.19000         10.3210    
     8.22000         10.3668    
     8.25000         10.4107    
     8.28000         10.4527    
     8.31000         10.4925    
     8.34000         10.5299    
     8.37000         10.5649    
     8.40000         10.5972    
     8.43000         10.6266    
     8.46000         10.6531    
     8.49000         10.6765    
     8.52000         10.6966    
     8.55000         10.7134    
     8.58000         10.7266    
     8.61000         10.7363    
     8.64000         10.7422    
     8.67000         10.7443    
     8.70000         10.7425    
     8.73000         10.7368    
     8.76000         10.7270    
     8.79000         10.7131    
     8.82000         10.6952    
     8.85000         10.6730    
     8.88000         10.6467    
     8.91000         10.6162    
     8.94000         10.5816    
     8.97000         10.5429    
     9.00000         10.5000    
     9.03000         10.4531    
     9.06000         10.4023    
     9.09000         10.3475    
     9.12000         10.2890    
     9.15000         10.2269    
     9.18000         10.1612    
     9.21000         10.0922    
     9.24000         10.0199    
     9.27000         9.94465    
     9.30000         9.86658    
     9.33000         9.78592    
     9.36000         9.70291    
     9.39000         9.61782    
     9.42000         9.53091    
     9.45000         9.44247    
     9.48000         9.35283    
     9.51000         9.26231    
     9.54000         9.17127    
     9.57000         9.08005    
     9.60000         8.98906    
     9.63000         8.89869    
     9.66000         8.80936    
     9.69000         8.72151    
     9.72000         8.63560    
     9.75000         8.55209    
     9.78000         8.47147    
     9.81000         8.39426    
     9.84000         8.32096    
     9.87000         8.25212    
     9.90000         8.18829    
     9.93000         8.13003    
     9.96000         8.07792    
     9.99000         8.03255    
     10.0200         7.99454    
     10.0500         7.96449    
     10.0800         7.94304    
     10.1100         7.93083    
     10.1400         7.92850    
     10.1700         7.93673    
     10.2000         7.95616    
     10.2300         7.98749    
     10.2600         8.03138    
     10.2900         8.08852    
     10.3200         8.15961    
     10.3500         8.24534    
     10.3800         8.34640    
     10.4100         8.46348    
     10.4400         8.59729    
     10.4700         8.74852    
     10.5000         8.91786    
     10.5300         9.10599    
     10.5600         9.31360    
     10.5900         9.54136    
     10.6200         9.78994    
     10.6500         10.0600    
     10.6800         10.3522    
     10.7100         10.6671    
     10.7400         11.0054    
     10.7700         11.3676    
     10.8000         11.7544    
     10.8300         12.1664    
     10.8600         12.6040    
     10.8900         13.0677    
     10.9200         13.5582    
     10.9500         14.0758    
     10.9800         14.6210    
     11.0100         15.1942    
     11.0400         15.7958    
     11.0700         16.4261    
     11.1000         17.0855    
     11.1300         17.7742    
     11.1600         18.4924    
     11.1900         19.2404    
     11.2200         20.0184    
     11.2500         20.8263    
     11.2800         21.6644    
     11.3100         22.5325    
     11.3400         23.4307    
     11.3700         24.3589    
     11.4000         25.3170    
     11.4300         26.3047    
     11.4600         27.3219    
     11.4900         28.3681    
     11.5200         29.4431    
     11.5500         30.5464    
     11.5800         31.6775    
     11.6100         32.8359    
     11.6400         34.0210    
     11.6700         35.2320    
     11.7000         36.4682    
     11.7300         37.7288    
     11.7600         39.0129    
     11.7900         40.3195    
     11.8200         41.6477    
     11.8500         42.9961    
     11.8800         44.3638    
     11.9100         45.7494    
     11.9400         47.1516    
     11.9700         48.5690    
     12.0000         50.0000    
     12.0300         51.4432    
     12.0600         52.8968    
     12.0900         54.3592    
     12.1200         55.8285    
     12.1500         57.3030    
     12.1800         58.7805    
     12.2100         60.2592    
     12.2400         61.7370    
     12.2700         63.2116    
     12.3000         64.6808    
     12.3300         66.1423    
     12.3600         67.5938    
     12.3900         69.0328    
     12.4200         70.4568    
     12.4500         71.8633    
     12.4800         73.2495    
     12.5100         74.6130    
     12.5400         75.9508    
     12.5700         77.2604    
     12.6000         78.5387    
     12.6300         79.7831    
     12.6600         80.9906    
     12.6900         82.1582    
     12.7200         83.2831    
     12.7500         84.3623    
     12.7800         85.3927    
     12.8100         86.3715    
     12.8400         87.2956    
     12.8700         88.1622    
     12.9000         88.9681    
     12.9300         89.7105    
     12.9600         90.3866    
     12.9900         90.9933    
     13.0200         91.5280    
     13.0500         91.9879    
     13.0800         92.3703    
     13.1100         92.6727    
     13.1400         92.8925    
     13.1700         93.0274    
     13.2000         93.0751    
     13.2300         93.0335    
     13.2600         92.9006    
     13.2900         92.6745    
     13.3200         92.3537    
     13.3500         91.9367    
     13.3800         91.4222    
     13.4100         90.8094    
     13.4400         90.0973    
     13.4700         89.2855    
     13.5000         88.3739    
     13.5300         87.3625    
     13.5600         86.2517    
     13.5900         85.0423    
     13.6200         83.7355    
     13.6500         82.3329    
     13.6800         80.8363    
     13.7100         79.2483    
     13.7400         77.5717    
     13.7700         75.8099    
     13.8000         73.9669    
     13.8300         72.0471    
     13.8600         70.0556    
     13.8900         67.9981    
     13.9200         65.8810    
     13.9500         63.7114    
     13.9800         61.4970    
     14.0100         59.2463    
     14.0400         56.9688    
     14.0700         54.6745    
     14.1000         52.3745    
     14.1300         50.0809    
     14.1600         47.8066    
     14.1900         45.5654    
     14.2200         43.3725    
     14.2500         41.2438    
     14.2800         39.1967    
     14.3100         37.2497    
     14.3400         35.4223    
     14.3700         33.7356    
     14.4000         32.2119    
     14.4300         30.8750    
     14.4600         29.7502    
     14.4900         28.8641    
     14.5200         28.2451    
     14.5500         27.9233    
     14.5800         27.9303    
     14.6100         28.2996    
     14.6400         29.0666    
     14.6700         30.2686    
     14.7000         31.9447    
     14.7300         34.1363    
     14.7600         36.8869    
     14.7900         40.2422    
     14.8200         44.2500    
     14.8500         48.9609    
     14.8800         54.4276    
     14.9100         60.7054    
     14.9400         67.8525    
     14.9700         75.9295    
     15.0000         85.0000    
