     595.000        -37.3367    
     595.960        -30.2638    
     596.920        -24.1673    
     597.880        -18.9434    
     598.840        -14.4889    
     599.800        -10.7175    
     600.760        -7.54675    
     601.720        -4.90621    
     602.680        -2.72647    
     603.640       -0.949017    
     604.600        0.478989    
     605.560         1.60643    
     606.520         2.47382    
     607.480         3.12147    
     608.440         3.58212    
     609.400         3.88609    
     610.360         4.06028    
     611.320         4.12598    
     612.280         4.10439    
     613.240         4.01582    
     614.200         3.87242    
     615.160         3.68831    
     616.120         3.47486    
     617.080         3.24247    
     618.040         2.99861    
     619.000         2.75000    
     619.960         2.50140    
     620.920         2.25834    
     621.880         2.02433    
     622.840         1.80159    
     623.800         1.59297    
     624.760         1.40040    
     625.720         1.22097    
     626.680         1.06062    
     627.640        0.916298    
     628.600        0.787666    
     629.560        0.675446    
     630.520        0.579773    
     631.480        0.499737    
     632.440        0.431740    
     633.400        0.375832    
     634.360        0.334427    
     635.320        0.303127    
     636.280        0.279720    
     637.240        0.265564    
     638.200        0.260288    
     639.160        0.262146    
     640.120        0.268566    
     641.080        0.278320    
     642.040        0.294785    
     643.000        0.313248    
     643.960        0.332157    
     644.920        0.355247    
     645.880        0.381195    
     646.840        0.404800    
     647.800        0.429863    
     648.760        0.453571    
     649.720        0.477245    
     650.680        0.502220    
     651.640        0.522652    
     652.600        0.541771    
     653.560        0.558571    
     654.520        0.580322    
     655.480        0.592918    
     656.440        0.607647    
     657.400        0.620300    
     658.360        0.629547    
     659.320        0.638706    
     660.280        0.644974    
     661.240        0.653362    
     662.200        0.659328    
     663.160        0.658424    
     664.120        0.660152    
     665.080        0.663624    
     666.040        0.665516    
     667.000        0.664318    
     667.960        0.661110    
     668.920        0.657143    
     669.880        0.658005    
     670.840        0.658245    
     671.800        0.651230    
     672.760        0.651081    
     673.720        0.646255    
     674.680        0.643967    
     675.640        0.639004    
     676.600        0.637646    
     677.560        0.632511    
     678.520        0.630604    
     679.480        0.627808    
     680.440        0.625427    
     681.400        0.628838    
     682.360        0.625591    
     683.320        0.621243    
     684.280        0.626553    
     685.240        0.620720    
     686.200        0.620560    
     687.160        0.617447    
     688.120        0.622257    
     689.080        0.622543    
     690.040        0.625229    
     691.000        0.627296    
     691.960        0.625710    
     692.920        0.627110    
     693.880        0.624626    
     694.840        0.634945    
     695.800        0.634029    
     696.760        0.630650    
     697.720        0.630703    
     698.680        0.637939    
     699.640        0.640781    
     700.600        0.639317    
     701.560        0.640457    
     702.520        0.642235    
     703.480        0.649963    
     704.440        0.651722    
     705.400        0.651321    
     706.360        0.652348    
     707.320        0.655823    
     708.280        0.657310    
     709.240        0.647266    
     710.200        0.651821    
     711.160        0.651176    
     712.120        0.654293    
     713.080        0.656479    
     714.040        0.656548    
     715.000        0.661308    
     715.960        0.657326    
     716.920        0.657837    
     717.880        0.659214    
     718.840        0.652588    
     719.800        0.656353    
     720.760        0.658367    
     721.720        0.650318    
     722.680        0.656605    
     723.640        0.659889    
     724.600        0.655453    
     725.560        0.654457    
     726.520        0.664013    
     727.480        0.661507    
     728.440        0.654457    
     729.400        0.657707    
     730.360        0.656811    
     731.320        0.657822    
     732.280        0.661690    
     733.240        0.662437    
     734.200        0.665833    
     735.160        0.658760    
     736.120        0.666264    
     737.080        0.671242    
     738.040        0.660114    
     739.000        0.667698    
     739.960        0.671009    
     740.920        0.675011    
     741.880        0.667786    
     742.840        0.673264    
     743.800        0.676029    
     744.760        0.669121    
     745.720        0.675621    
     746.680        0.670818    
     747.640        0.673260    
     748.600        0.680855    
     749.560        0.679665    
     750.520        0.683681    
     751.480        0.672710    
     752.440        0.691021    
     753.400        0.688644    
     754.360        0.683903    
     755.320        0.687122    
     756.280        0.692081    
     757.240        0.687054    
     758.200        0.686295    
     759.160        0.686699    
     760.120        0.689663    
     761.080        0.681946    
     762.040        0.676880    
     763.000        0.683788    
     763.960        0.680260    
     764.920        0.674229    
     765.880        0.689980    
     766.840        0.675732    
     767.800        0.675674    
     768.760        0.684483    
     769.720        0.691254    
     770.680        0.690586    
     771.640        0.682800    
     772.600        0.676270    
     773.560        0.686825    
     774.520        0.651524    
     775.480        0.676132    
     776.440        0.682220    
     777.400        0.652817    
     778.360        0.669788    
     779.320        0.660183    
     780.280        0.657711    
     781.240        0.668808    
     782.200        0.659698    
     783.160        0.655235    
     784.120        0.657482    
     785.080        0.649715    
     786.040        0.656555    
     787.000        0.651093    
     787.960        0.659306    
     788.920        0.669689    
     789.880        0.664036    
     790.840        0.646187    
     791.800        0.640900    
     792.760        0.659042    
     793.720        0.645256    
     794.680        0.640446    
     795.640        0.653214    
     796.600        0.628510    
     797.560        0.633606    
     798.520        0.651543    
     799.480        0.653889    
     800.440        0.640579    
     801.400        0.644688    
     802.360        0.620274    
     803.320        0.651115    
     804.280        0.667461    
     805.240        0.631351    
     806.200        0.643333    
     807.160        0.662533    
     808.120        0.636452    
     809.080        0.644905    
     810.040        0.665051    
     811.000        0.662098    
     811.960        0.626476    
     812.920        0.658066    
     813.880        0.649773    
     814.840        0.659588    
     815.800        0.642025    
     816.760        0.681961    
     817.720        0.665558    
     818.680        0.662025    
     819.640        0.691952    
     820.600        0.676704    
     821.560        0.693844    
     822.520        0.652836    
     823.480        0.634972    
     824.440        0.705147    
     825.400        0.690701    
     826.360        0.701241    
     827.320        0.694973    
     828.280        0.706532    
     829.240        0.666817    
     830.200        0.651051    
     831.160        0.702507    
     832.120        0.714626    
     833.080        0.738853    
     834.040        0.695499    
     835.000        0.703476    
     835.960        0.732708    
     836.920        0.707260    
     837.880        0.748207    
     838.840        0.710827    
     839.800        0.703800    
     840.760        0.704433    
     841.720        0.722919    
     842.680        0.753567    
     843.640        0.775795    
     844.600        0.729408    
     845.560        0.755894    
     846.520        0.779835    
     847.480        0.749184    
     848.440        0.790981    
     849.400        0.824837    
     850.360        0.773304    
     851.320        0.863152    
     852.280        0.835243    
     853.240        0.878670    
     854.200        0.847511    
     855.160        0.867393    
     856.120        0.938030    
     857.080        0.846367    
     858.040        0.943531    
     859.000        0.988144    
     859.960        0.972076    
     860.920        0.999290    
     861.880        0.992268    
     862.840         1.02794    
     863.800         1.00923    
     864.760         1.13808    
     865.720        0.974255    
     866.680         1.06652    
     867.640         1.09025    
     868.600         1.10374    
     869.560         1.10445    
     870.520         1.26322    
     871.480         1.33495    
     872.440         1.14239    
     873.400         1.29112    
     874.360         1.23987    
     875.320         1.36403    
     876.280         1.43764    
     877.240         1.49829    
     878.200         1.27010    
     879.160         1.39935    
     880.120         1.43168    
     881.080         1.43491    
     882.040         1.55675    
     883.000         1.64345    
     883.960         1.65069    
     884.920         1.56887    
     885.880         1.52349    
     886.840         1.70463    
     887.800         1.83219    
     888.760         1.65860    
     889.720         1.75955    
     890.680         1.53743    
     891.640         1.48213    
     892.600         1.75308    
     893.560         1.63879    
     894.520         1.77435    
     895.480         1.66944    
     896.440         1.68142    
     897.400         1.59325    
     898.360         1.79491    
     899.320         1.74417    
     900.280         1.84914    
     901.240         1.94244    
     902.200         1.72947    
     903.160         1.77076    
     904.120         1.60885    
     905.080         1.51620    
     906.040         1.55473    
     907.000         1.60754    
     907.960         1.73906    
     908.920         1.77018    
     909.880         1.70356    
     910.840         1.45954    
     911.800         1.80062    
     912.760         1.60164    
     913.720         1.61484    
     914.680         1.64966    
     915.640         1.24801    
     916.600         1.35542    
     917.560         1.34571    
     918.520         1.32656    
     919.480         1.29729    
     920.440        0.942692    
     921.400         1.17583    
     922.360        0.966831    
     923.320         1.40896    
     924.280         1.21846    
     925.240         1.17009    
     926.200         1.41910    
     927.160        0.388374    
     928.120        0.843369    
     929.080        0.333050    
     930.040        0.373116    
     931.000        0.678440    
     931.960       -0.129673    
     932.920        0.447598    
     933.880        0.491192    
     934.840        0.199894    
     935.800         1.03382    
     936.760        0.261410    
     937.720        0.220699    
     938.680        0.496788    
     939.640       -0.558533    
     940.600        0.802052    
     941.560        0.921059E-01
     942.520       -0.692623    
     943.480        0.128345    
     944.440        0.203098    
     945.400       -0.747540    
     946.360       -0.902367E-01
     947.320        0.749466    
     948.280         1.21896    
     949.240        0.304646    
     950.200        -1.53791    
     951.160       -0.395275    
     952.120       -0.454998    
     953.080        0.910934    
     954.040       -0.463718    
     955.000        0.388260    
     955.960       -0.824841    
     956.920       -0.557732    
     957.880        -1.49429    
     958.840       -0.384220    
     959.800       -0.245762    
     960.760       -0.153427E-01
     961.720        0.430176    
     962.680       -0.257893    
     963.640        -1.00586    
     964.600        -2.45234    
     965.560       -0.909672    
     966.520       -0.383450    
     967.480       -0.257950E-01
     968.440        0.311550    
     969.400        0.891933    
     970.360        0.886261    
     971.320        -1.05934    
     972.280         1.42495    
     973.240         1.53718    
     974.200       -0.579491    
     975.160       -0.241829    
     976.120        -2.89230    
     977.080        -2.45401    
     978.040        -2.81318    
     979.000        -2.81167    
     979.960        -3.17488    
     980.920        -3.98876    
     981.880        -6.38826    
     982.840        -6.03456    
     983.800        -8.42069    
     984.760        -7.26596    
     985.720        -5.58019    
     986.680        -7.10416    
     987.640        -11.3447    
     988.600        -13.2728    
     989.560        -7.21975    
     990.520        -5.63486    
     991.480        -7.42226    
     992.440        -10.9666    
     993.400        -6.25804    
     994.360        -14.2524    
     995.320        -8.58125    
     996.280        -11.1461    
     997.240        -23.9677    
     998.200        -18.4165    
     999.160        -18.3918    
     1000.12        -17.4638    
     1001.08        -16.6064    
     1002.04        -18.5159    
     1003.00        -21.6090    
     1003.96        -16.7353    
     1004.92        -17.5565    
     1005.88        -20.5852    
     1006.84        -29.6323    
     1007.80        -24.0238    
     1008.76        -18.7974    
     1009.72        -26.4751    
     1010.68        -23.0183    
     1011.64        -22.7649    
     1012.60        -18.6259    
     1013.56        -23.9294    
     1014.52        -23.9795    
     1015.48        -16.8849    
     1016.44        -28.9657    
     1017.40        -14.3713    
     1018.36        -32.2104    
     1019.32        -34.3901    
     1020.28        -15.6360    
     1021.24        -27.2664    
     1022.20        -33.8137    
     1023.16        -39.3165    
     1024.12        -31.8561    
     1025.08        -38.3408    
     1026.04        -25.4297    
     1027.00        -34.0409    
     1027.96        -29.8104    
     1028.92        -34.8084    
     1029.88        -37.6432    
     1030.84        -39.4489    
     1031.80        -25.4286    
     1032.76        -36.3336    
     1033.72        -37.8291    
     1034.68        -71.5328    
     1035.64        -31.7269    
     1036.60        -57.9200    
     1037.56        -39.8367    
     1038.52        -54.6946    
     1039.48        -47.7247    
     1040.44        -59.8198    
     1041.40        -36.1060    
     1042.36        -45.2080    
     1043.32        -49.6797    
     1044.28        -59.6139    
     1045.24         8.48843    
     1046.20        -52.9005    
     1047.16        -63.4963    
     1048.12        -5.96275    
     1049.08         5.23149    
     1050.04        -26.5279    
     1051.00        -23.6376    
     1051.96       -0.553982    
     1052.92        -22.5779    
     1053.88        -41.0198    
     1054.84        -24.4935    
     1055.80        -16.1280    
     1056.76        -3.84345    
     1057.72        -58.3043    
     1058.68       -0.612110    
     1059.64        -34.4792    
     1060.60        -48.4499    
     1061.56        -84.6820    
     1062.52        -42.3788    
     1063.48        -21.4020    
     1064.44        -41.9497    
     1065.40        -89.8886    
     1066.36        -104.917    
     1067.32        -110.052    
     1068.28        -128.573    
     1069.24        -110.476    
     1070.20        -208.285    
     1071.16        -204.339    
     1072.12        -149.485    
     1073.08        -179.827    
     1074.04        -106.646    
     1075.00        -180.016    
