    -1.00000         1.00000    
   -0.996000         792.619    
   -0.992000         1492.74    
   -0.988000         2107.89    
   -0.984000         2644.27    
   -0.980000         3107.76    
   -0.976000         3503.89    
   -0.972000         3837.92    
   -0.968000         4114.79    
   -0.964000         4339.19    
   -0.960000         4515.53    
   -0.956000         4647.96    
   -0.952000         4740.39    
   -0.948000         4796.49    
   -0.944000         4819.73    
   -0.940000         4813.35    
   -0.936000         4780.37    
   -0.932000         4723.66    
   -0.928000         4645.86    
   -0.924000         4549.46    
   -0.920000         4436.78    
   -0.916000         4309.97    
   -0.912000         4171.03    
   -0.908000         4021.83    
   -0.904000         3864.09    
   -0.900000         3699.40    
   -0.896000         3529.23    
   -0.892000         3354.93    
   -0.888000         3177.74    
   -0.884000         2998.81    
   -0.880000         2819.15    
   -0.876000         2639.73    
   -0.872000         2461.39    
   -0.868000         2284.90    
   -0.864000         2110.96    
   -0.860000         1940.19    
   -0.856000         1773.13    
   -0.852000         1610.27    
   -0.848000         1452.04    
   -0.844000         1298.80    
   -0.840000         1150.86    
   -0.836000         1008.49    
   -0.832000         871.907    
   -0.828000         741.279    
   -0.824000         616.744    
   -0.820000         498.397    
   -0.816000         386.302    
   -0.812000         280.490    
   -0.808000         180.962    
   -0.804000         87.6953    
   -0.800000        0.640000    
   -0.796000        -80.2742    
   -0.792000        -155.138    
   -0.788000        -224.060    
   -0.784000        -287.164    
   -0.780000        -344.591    
   -0.776000        -396.492    
   -0.772000        -443.029    
   -0.768000        -484.377    
   -0.764000        -520.715    
   -0.760000        -552.232    
   -0.756000        -579.121    
   -0.752000        -601.582    
   -0.748000        -619.815    
   -0.744000        -634.027    
   -0.740000        -644.422    
   -0.736000        -651.208    
   -0.732000        -654.592    
   -0.728000        -654.781    
   -0.724000        -651.979    
   -0.720000        -646.388    
   -0.716000        -638.210    
   -0.712000        -627.640    
   -0.708000        -614.873    
   -0.704000        -600.097    
   -0.700000        -583.498    
   -0.696000        -565.255    
   -0.692000        -545.543    
   -0.688000        -524.532    
   -0.684000        -502.385    
   -0.680000        -479.262    
   -0.676000        -455.312    
   -0.672000        -430.684    
   -0.668000        -405.515    
   -0.664000        -379.941    
   -0.660000        -354.087    
   -0.656000        -328.074    
   -0.652000        -302.017    
   -0.648000        -276.022    
   -0.644000        -250.192    
   -0.640000        -224.621    
   -0.636000        -199.398    
   -0.632000        -174.604    
   -0.628000        -150.317    
   -0.624000        -126.606    
   -0.620000        -103.536    
   -0.616000        -81.1648    
   -0.612000        -59.5450    
   -0.608000        -38.7240    
   -0.604000        -18.7435    
   -0.600000        0.360000    
   -0.596000         18.5550    
   -0.592000         35.8149    
   -0.588000         52.1178    
   -0.584000         67.4465    
   -0.580000         81.7880    
   -0.576000         95.1335    
   -0.572000         107.478    
   -0.568000         118.821    
   -0.564000         129.165    
   -0.560000         138.516    
   -0.556000         146.883    
   -0.552000         154.278    
   -0.548000         160.718    
   -0.544000         166.218    
   -0.540000         170.801    
   -0.536000         174.488    
   -0.532000         177.304    
   -0.528000         179.276    
   -0.524000         180.432    
   -0.520000         180.802    
   -0.516000         180.419    
   -0.512000         179.313    
   -0.508000         177.520    
   -0.504000         175.074    
   -0.500000         172.011    
   -0.496000         168.367    
   -0.492000         164.178    
   -0.488000         159.481    
   -0.484000         154.315    
   -0.480000         148.716    
   -0.476000         142.722    
   -0.472000         136.371    
   -0.468000         129.698    
   -0.464000         122.742    
   -0.460000         115.538    
   -0.456000         108.122    
   -0.452000         100.530    
   -0.448000         92.7954    
   -0.444000         84.9522    
   -0.440000         77.0333    
   -0.436000         69.0705    
   -0.432000         61.0948    
   -0.428000         53.1359    
   -0.424000         45.2226    
   -0.420000         37.3825    
   -0.416000         29.6420    
   -0.412000         22.0263    
   -0.408000         14.5592    
   -0.404000         7.26331    
   -0.400000        0.160000    
   -0.396000        -6.73081    
   -0.392000        -13.3905    
   -0.388000        -19.8019    
   -0.384000        -25.9491    
   -0.380000        -31.8176    
   -0.376000        -37.3943    
   -0.372000        -42.6675    
   -0.368000        -47.6268    
   -0.364000        -52.2631    
   -0.360000        -56.5688    
   -0.356000        -60.5375    
   -0.352000        -64.1641    
   -0.348000        -67.4448    
   -0.344000        -70.3772    
   -0.340000        -72.9597    
   -0.336000        -75.1925    
   -0.332000        -77.0764    
   -0.328000        -78.6136    
   -0.324000        -79.8073    
   -0.320000        -80.6619    
   -0.316000        -81.1826    
   -0.312000        -81.3757    
   -0.308000        -81.2483    
   -0.304000        -80.8085    
   -0.300000        -80.0652    
   -0.296000        -79.0280    
   -0.292000        -77.7073    
   -0.288000        -76.1141    
   -0.284000        -74.2603    
   -0.280000        -72.1580    
   -0.276000        -69.8202    
   -0.272000        -67.2601    
   -0.268000        -64.4915    
   -0.264000        -61.5285    
   -0.260000        -58.3856    
   -0.256000        -55.0776    
   -0.252000        -51.6194    
   -0.248000        -48.0264    
   -0.244000        -44.3136    
   -0.240000        -40.4967    
   -0.236000        -36.5910    
   -0.232000        -32.6120    
   -0.228000        -28.5751    
   -0.224000        -24.4956    
   -0.220000        -20.3888    
   -0.216000        -16.2695    
   -0.212000        -12.1526    
   -0.208000        -8.05263    
   -0.204000        -3.98379    
   -0.200000        0.400000E-01
   -0.196000         4.00522    
   -0.192000         7.89872    
   -0.188000         11.7078    
   -0.184000         15.4203    
   -0.180000         19.0243    
   -0.176000         22.5088    
   -0.172000         25.8629    
   -0.168000         29.0766    
   -0.164000         32.1403    
   -0.160000         35.0452    
   -0.156000         37.7829    
   -0.152000         40.3457    
   -0.148000         42.7268    
   -0.144000         44.9196    
   -0.140000         46.9187    
   -0.136000         48.7190    
   -0.132000         50.3162    
   -0.128000         51.7068    
   -0.124000         52.8879    
   -0.120000         53.8573    
   -0.116000         54.6136    
   -0.112000         55.1559    
   -0.108000         55.4842    
   -0.104000         55.5992    
   -0.100000         55.5021    
   -0.960000E-01     55.1948    
   -0.920000E-01     54.6800    
   -0.880000E-01     53.9610    
   -0.840000E-01     53.0416    
   -0.800000E-01     51.9263    
   -0.760000E-01     50.6204    
   -0.720000E-01     49.1294    
   -0.680000E-01     47.4597    
   -0.640000E-01     45.6179    
   -0.600000E-01     43.6115    
   -0.560000E-01     41.4483    
   -0.520000E-01     39.1364    
   -0.480000E-01     36.6847    
   -0.440000E-01     34.1022    
   -0.400000E-01     31.3985    
   -0.360000E-01     28.5834    
   -0.320000E-01     25.6670    
   -0.280000E-01     22.6600    
   -0.240000E-01     19.5731    
   -0.200000E-01     16.4171    
   -0.160000E-01     13.2035    
   -0.120000E-01     9.94336    
   -0.800000E-02     6.64835    
   -0.400000E-02     3.33000    
     0.00000        0.403668E-11
    0.400000E-02    -3.32997    
    0.800000E-02    -6.64822    
    0.120000E-01    -9.94307    
    0.160000E-01    -13.2029    
    0.200000E-01    -16.4163    
    0.240000E-01    -19.5719    
    0.280000E-01    -22.6585    
    0.320000E-01    -25.6650    
    0.360000E-01    -28.5808    
    0.400000E-01    -31.3953    
    0.440000E-01    -34.0983    
    0.480000E-01    -36.6801    
    0.520000E-01    -39.1310    
    0.560000E-01    -41.4420    
    0.600000E-01    -43.6043    
    0.640000E-01    -45.6097    
    0.680000E-01    -47.4504    
    0.720000E-01    -49.1190    
    0.760000E-01    -50.6088    
    0.800000E-01    -51.9135    
    0.840000E-01    -53.0274    
    0.880000E-01    -53.9455    
    0.920000E-01    -54.6631    
    0.960000E-01    -55.1764    
    0.100000        -55.4821    
    0.104000        -55.5776    
    0.108000        -55.4609    
    0.112000        -55.1308    
    0.116000        -54.5866    
    0.120000        -53.8285    
    0.124000        -52.8571    
    0.128000        -51.6740    
    0.132000        -50.2814    
    0.136000        -48.6820    
    0.140000        -46.8795    
    0.144000        -44.8782    
    0.148000        -42.6830    
    0.152000        -40.2995    
    0.156000        -37.7342    
    0.160000        -34.9940    
    0.164000        -32.0865    
    0.168000        -29.0201    
    0.172000        -25.8037    
    0.176000        -22.4468    
    0.180000        -18.9595    
    0.184000        -15.3526    
    0.188000        -11.6371    
    0.192000        -7.82499    
    0.196000        -3.92838    
    0.200000        0.400000E-01
    0.204000         4.06702    
    0.208000         8.13916    
    0.212000         12.2425    
    0.216000         16.3628    
    0.220000         20.4856    
    0.224000         24.5960    
    0.228000         28.6791    
    0.232000         32.7197    
    0.236000         36.7024    
    0.240000         40.6119    
    0.244000         44.4327    
    0.248000         48.1494    
    0.252000         51.7465    
    0.256000         55.2087    
    0.260000         58.5208    
    0.264000         61.6679    
    0.268000         64.6351    
    0.272000         67.4080    
    0.276000         69.9725    
    0.280000         72.3148    
    0.284000         74.4216    
    0.288000         76.2800    
    0.292000         77.8778    
    0.296000         79.2032    
    0.300000         80.2452    
    0.304000         80.9934    
    0.308000         81.4381    
    0.312000         81.5704    
    0.316000         81.3824    
    0.320000         80.8667    
    0.324000         80.0173    
    0.328000         78.8288    
    0.332000         77.2968    
    0.336000         75.4183    
    0.340000         73.1909    
    0.344000         70.6138    
    0.348000         67.6870    
    0.352000         64.4119    
    0.356000         60.7909    
    0.360000         56.8280    
    0.364000         52.5281    
    0.368000         47.8976    
    0.372000         42.9443    
    0.376000         37.6771    
    0.380000         32.1064    
    0.384000         26.2440    
    0.388000         20.1030    
    0.392000         13.6979    
    0.396000         7.04444    
    0.400000        0.160000    
    0.404000        -6.93688    
    0.408000        -14.2262    
    0.412000        -21.6868    
    0.416000        -29.2959    
    0.420000        -37.0297    
    0.424000        -44.8631    
    0.428000        -52.7695    
    0.432000        -60.7215    
    0.436000        -68.6904    
    0.440000        -76.6461    
    0.444000        -84.5580    
    0.448000        -92.3940    
    0.452000        -100.121    
    0.456000        -107.707    
    0.460000        -115.115    
    0.464000        -122.311    
    0.468000        -129.260    
    0.472000        -135.925    
    0.476000        -142.269    
    0.480000        -148.256    
    0.484000        -153.847    
    0.488000        -159.005    
    0.492000        -163.694    
    0.496000        -167.875    
    0.500000        -171.511    
    0.504000        -174.566    
    0.508000        -177.004    
    0.512000        -178.789    
    0.516000        -179.886    
    0.520000        -180.262    
    0.524000        -179.883    
    0.528000        -178.718    
    0.532000        -176.738    
    0.536000        -173.913    
    0.540000        -170.218    
    0.544000        -165.626    
    0.548000        -160.117    
    0.552000        -153.669    
    0.556000        -146.265    
    0.560000        -137.889    
    0.564000        -128.529    
    0.568000        -118.176    
    0.572000        -106.824    
    0.576000        -94.4699    
    0.580000        -81.1152    
    0.584000        -66.7644    
    0.588000        -51.4263    
    0.592000        -35.1139    
    0.596000        -17.8445    
    0.600000        0.360000    
    0.604000         19.4731    
    0.608000         39.4633    
    0.612000         60.2941    
    0.616000         81.9237    
    0.620000         104.305    
    0.624000         127.385    
    0.628000         151.106    
    0.632000         175.403    
    0.636000         200.207    
    0.640000         225.440    
    0.644000         251.022    
    0.648000         276.862    
    0.652000         302.867    
    0.656000         328.935    
    0.660000         354.958    
    0.664000         380.823    
    0.668000         406.408    
    0.672000         431.587    
    0.676000         456.226    
    0.680000         480.186    
    0.684000         503.321    
    0.688000         525.479    
    0.692000         546.501    
    0.696000         566.224    
    0.700000         584.478    
    0.704000         601.088    
    0.708000         615.875    
    0.712000         628.654    
    0.716000         639.235    
    0.720000         647.425    
    0.724000         653.027    
    0.728000         655.841    
    0.732000         655.664    
    0.736000         652.291    
    0.740000         645.517    
    0.744000         635.134    
    0.748000         620.934    
    0.752000         602.713    
    0.756000         580.264    
    0.760000         553.387    
    0.764000         521.882    
    0.768000         485.556    
    0.772000         444.221    
    0.776000         397.696    
    0.780000         345.808    
    0.784000         288.394    
    0.788000         225.302    
    0.792000         156.392    
    0.796000         81.5414    
    0.800000        0.640000    
    0.804000        -86.4025    
    0.808000        -179.657    
    0.812000        -279.171    
    0.816000        -384.971    
    0.820000        -497.052    
    0.824000        -615.386    
    0.828000        -739.908    
    0.832000        -870.522    
    0.836000        -1007.09    
    0.840000        -1149.45    
    0.844000        -1297.37    
    0.848000        -1450.60    
    0.852000        -1608.82    
    0.856000        -1771.66    
    0.860000        -1938.71    
    0.864000        -2109.47    
    0.868000        -2283.39    
    0.872000        -2459.87    
    0.876000        -2638.19    
    0.880000        -2817.60    
    0.884000        -2997.24    
    0.888000        -3176.17    
    0.892000        -3353.34    
    0.896000        -3527.62    
    0.900000        -3697.78    
    0.904000        -3862.46    
    0.908000        -4020.18    
    0.912000        -4169.37    
    0.916000        -4308.29    
    0.920000        -4435.08    
    0.924000        -4547.75    
    0.928000        -4644.14    
    0.932000        -4721.92    
    0.936000        -4778.62    
    0.940000        -4811.58    
    0.944000        -4817.95    
    0.948000        -4794.70    
    0.952000        -4738.57    
    0.956000        -4646.13    
    0.960000        -4513.69    
    0.964000        -4337.33    
    0.968000        -4112.92    
    0.972000        -3836.03    
    0.976000        -3501.98    
    0.980000        -3105.84    
    0.984000        -2642.34    
    0.988000        -2105.93    
    0.992000        -1490.77    
    0.996000        -790.635    
     1.00000         1.00000    
