 Z,ERR1,ERR2,N,M,KODE,IERR,KERR1,KERR2
 -0.650E+01 -0.600E+01  0.100E+01  0.100E+01    3    1    1    3    0    0
  0.275E-37  0.000E+00 -0.188E+02  0.897E+02
  0.275E-37  0.000E+00 -0.188E+02  0.897E+02
 -0.250E+01 -0.600E+01  0.100E+01  0.100E+01    3    1    1    3    0    0
  0.275E-37  0.000E+00  0.638E+00  0.179E+01
  0.275E-37  0.000E+00  0.638E+00  0.179E+01
  0.150E+01 -0.600E+01  0.100E+01  0.100E+01    3    1    1    2    0    0
  0.000E+00  0.000E+00  0.228E-01  0.187E-01
  0.000E+00  0.000E+00  0.228E-01  0.187E-01
  0.550E+01 -0.600E+01  0.100E+01  0.100E+01    3    1    1    2    0    0
  0.000E+00  0.000E+00  0.372E-03  0.138E-03
  0.000E+00  0.000E+00  0.372E-03  0.138E-03
 -0.650E+01 -0.300E+01  0.100E+01  0.100E+01    3    1    1    3    0    0
  0.000E+00  0.000E+00  0.769E+02 -0.112E+03
  0.000E+00  0.000E+00  0.769E+02 -0.112E+03
  0.550E+01 -0.300E+01  0.100E+01  0.100E+01    3    1    1    2    0    0
  0.000E+00  0.000E+00 -0.454E-03 -0.100E-03
  0.000E+00  0.000E+00 -0.454E-03 -0.100E-03
  0.550E+01  0.000E+00  0.100E+01  0.100E+01    3    1    1    2    0    0
  0.000E+00  0.000E+00  0.499E-03 -0.000E+00
  0.000E+00  0.000E+00  0.499E-03 -0.000E+00
 -0.650E+01  0.300E+01  0.100E+01  0.100E+01    3    1    1    3    0    0
  0.000E+00  0.000E+00  0.769E+02  0.112E+03
  0.000E+00  0.000E+00  0.769E+02  0.112E+03
  0.550E+01  0.300E+01  0.100E+01  0.100E+01    3    1    1    2    0    0
  0.000E+00  0.000E+00 -0.454E-03  0.100E-03
  0.000E+00  0.000E+00 -0.454E-03  0.100E-03
 -0.650E+01  0.600E+01  0.100E+01  0.100E+01    3    1    1    3    0    0
  0.000E+00  0.000E+00 -0.188E+02 -0.897E+02
  0.000E+00  0.000E+00 -0.188E+02 -0.897E+02
 -0.250E+01  0.600E+01  0.100E+01  0.100E+01    3    1    1    3    0    0
  0.000E+00  0.000E+00  0.638E+00 -0.179E+01
  0.000E+00  0.000E+00  0.638E+00 -0.179E+01
  0.150E+01  0.600E+01  0.100E+01  0.100E+01    3    1    1    2    0    0
  0.000E+00  0.000E+00  0.228E-01 -0.187E-01
  0.000E+00  0.000E+00  0.228E-01 -0.187E-01
  0.550E+01  0.600E+01  0.100E+01  0.100E+01    3    1    1    2    0    0
  0.000E+00  0.000E+00  0.372E-03 -0.138E-03
  0.000E+00  0.000E+00  0.372E-03 -0.138E-03
 -0.650E+01 -0.600E+01  0.100E+01  0.100E+01    5    1    1    3    0    0
  0.000E+00  0.000E+00  0.578E+01  0.970E+02
  0.000E+00  0.000E+00  0.578E+01  0.970E+02
 -0.250E+01 -0.600E+01  0.100E+01  0.100E+01    5    1    1    3    0    0
  0.000E+00  0.000E+00  0.101E+01  0.145E+01
  0.000E+00  0.000E+00  0.101E+01  0.145E+01
  0.150E+01 -0.600E+01  0.100E+01  0.100E+01    5    1    1    2    0    0
  0.000E+00  0.000E+00  0.220E-01  0.125E-01
  0.000E+00  0.000E+00  0.220E-01  0.125E-01
  0.550E+01 -0.600E+01  0.100E+01  0.100E+01    5    1    1    2    0    0
  0.000E+00  0.000E+00  0.332E-03  0.892E-04
  0.000E+00  0.000E+00  0.332E-03  0.892E-04
 -0.650E+01 -0.300E+01  0.100E+01  0.100E+01    5    1    1    3    0    0
  0.000E+00  0.000E+00  0.336E+02 -0.152E+03
  0.000E+00  0.000E+00  0.336E+02 -0.152E+03
  0.550E+01 -0.300E+01  0.100E+01  0.100E+01    5    1    1    2    0    0
  0.000E+00  0.000E+00 -0.382E-03 -0.605E-04
  0.000E+00  0.000E+00 -0.382E-03 -0.605E-04
  0.550E+01  0.000E+00  0.100E+01  0.100E+01    5    1    1    2    0    0
  0.000E+00  0.000E+00  0.406E-03 -0.000E+00
  0.000E+00  0.000E+00  0.406E-03 -0.000E+00
 -0.650E+01  0.300E+01  0.100E+01  0.100E+01    5    1    1    3    0    0
  0.000E+00  0.000E+00  0.336E+02  0.152E+03
  0.000E+00  0.000E+00  0.336E+02  0.152E+03
  0.550E+01  0.300E+01  0.100E+01  0.100E+01    5    1    1    2    0    0
  0.000E+00  0.000E+00 -0.382E-03  0.605E-04
  0.000E+00  0.000E+00 -0.382E-03  0.605E-04
 -0.650E+01  0.600E+01  0.100E+01  0.100E+01    5    1    1    3    0    0
  0.000E+00  0.000E+00  0.578E+01 -0.970E+02
  0.000E+00  0.000E+00  0.578E+01 -0.970E+02
 -0.250E+01  0.600E+01  0.100E+01  0.100E+01    5    1    1    3    0    0
  0.000E+00  0.000E+00  0.101E+01 -0.145E+01
  0.000E+00  0.000E+00  0.101E+01 -0.145E+01
  0.150E+01  0.600E+01  0.100E+01  0.100E+01    5    1    1    2    0    0
  0.000E+00  0.000E+00  0.220E-01 -0.125E-01
  0.000E+00  0.000E+00  0.220E-01 -0.125E-01
  0.550E+01  0.600E+01  0.100E+01  0.100E+01    5    1    1    2    0    0
  0.000E+00  0.000E+00  0.332E-03 -0.892E-04
  0.000E+00  0.000E+00  0.332E-03 -0.892E-04
 -0.650E+01 -0.600E+01  0.100E+01  0.100E+01    7    1    1    3    0    0
  0.000E+00  0.000E+00  0.310E+02  0.917E+02
  0.000E+00  0.000E+00  0.310E+02  0.917E+02
 -0.250E+01 -0.600E+01  0.100E+01  0.100E+01    7    1    1    3    0    0
  0.000E+00  0.000E+00  0.116E+01  0.106E+01
  0.000E+00  0.000E+00  0.116E+01  0.106E+01
  0.150E+01 -0.600E+01  0.100E+01  0.100E+01    7    1    1    2    0    0
  0.000E+00  0.000E+00  0.202E-01  0.825E-02
  0.000E+00  0.000E+00  0.202E-01  0.825E-02
  0.550E+01 -0.600E+01  0.100E+01  0.100E+01    7    1    1    2    0    0
  0.000E+00  0.000E+00  0.296E-03  0.571E-04
  0.000E+00  0.000E+00  0.296E-03  0.571E-04
 -0.650E+01 -0.300E+01  0.100E+01  0.100E+01    7    1    1    3    0    0
  0.000E+00  0.000E+00 -0.274E+02 -0.154E+03
  0.000E+00  0.000E+00 -0.274E+02 -0.154E+03
  0.550E+01 -0.300E+01  0.100E+01  0.100E+01    7    1    1    2    0    0
  0.000E+00  0.000E+00 -0.327E-03 -0.370E-04
  0.000E+00  0.000E+00 -0.327E-03 -0.370E-04
  0.550E+01  0.000E+00  0.100E+01  0.100E+01    7    1    1    2    0    0
  0.000E+00  0.000E+00  0.341E-03 -0.000E+00
  0.000E+00  0.000E+00  0.341E-03 -0.000E+00
 -0.650E+01  0.300E+01  0.100E+01  0.100E+01    7    1    1    3    0    0
  0.000E+00  0.000E+00 -0.274E+02  0.154E+03
  0.000E+00  0.000E+00 -0.274E+02  0.154E+03
  0.550E+01  0.300E+01  0.100E+01  0.100E+01    7    1    1    2    0    0
  0.000E+00  0.000E+00 -0.327E-03  0.370E-04
  0.000E+00  0.000E+00 -0.327E-03  0.370E-04
 -0.650E+01  0.600E+01  0.100E+01  0.100E+01    7    1    1    3    0    0
  0.000E+00  0.000E+00  0.310E+02 -0.917E+02
  0.000E+00  0.000E+00  0.310E+02 -0.917E+02
 -0.250E+01  0.600E+01  0.100E+01  0.100E+01    7    1    1    3    0    0
  0.000E+00  0.000E+00  0.116E+01 -0.106E+01
  0.000E+00  0.000E+00  0.116E+01 -0.106E+01
  0.150E+01  0.600E+01  0.100E+01  0.100E+01    7    1    1    2    0    0
  0.000E+00  0.000E+00  0.202E-01 -0.825E-02
  0.000E+00  0.000E+00  0.202E-01 -0.825E-02
  0.550E+01  0.600E+01  0.100E+01  0.100E+01    7    1    1    2    0    0
  0.000E+00  0.000E+00  0.296E-03 -0.571E-04
  0.000E+00  0.000E+00  0.296E-03 -0.571E-04
 -0.650E+01 -0.600E+01  0.100E+01  0.100E+01    9    1    1    3    0    0
  0.000E+00  0.000E+00  0.496E+02  0.770E+02
  0.000E+00  0.000E+00  0.496E+02  0.770E+02
 -0.250E+01 -0.600E+01  0.100E+01  0.100E+01    9    1    1    3    0    0
  0.000E+00  0.000E+00  0.116E+01  0.734E+00
  0.000E+00  0.000E+00  0.116E+01  0.734E+00
  0.150E+01 -0.600E+01  0.100E+01  0.100E+01    9    1    1    2    0    0
  0.000E+00  0.000E+00  0.182E-01  0.536E-02
  0.000E+00  0.000E+00  0.182E-01  0.536E-02
  0.550E+01 -0.600E+01  0.100E+01  0.100E+01    9    1    1    2    0    0
  0.000E+00  0.000E+00  0.264E-03  0.356E-04
  0.000E+00  0.000E+00  0.264E-03  0.356E-04
 -0.650E+01 -0.300E+01  0.100E+01  0.100E+01    9    1    1    3    0    0
  0.000E+00  0.000E+00 -0.726E+02 -0.123E+03
  0.000E+00  0.000E+00 -0.726E+02 -0.123E+03
  0.550E+01 -0.300E+01  0.100E+01  0.100E+01    9    1    1    2    0    0
  0.000E+00  0.000E+00 -0.285E-03 -0.224E-04
  0.000E+00  0.000E+00 -0.285E-03 -0.224E-04
  0.550E+01  0.000E+00  0.100E+01  0.100E+01    9    1    1    2    0    0
  0.000E+00  0.000E+00  0.294E-03 -0.000E+00
  0.000E+00  0.000E+00  0.294E-03 -0.000E+00
 -0.650E+01  0.300E+01  0.100E+01  0.100E+01    9    1    1    3    0    0
  0.000E+00  0.000E+00 -0.726E+02  0.123E+03
  0.000E+00  0.000E+00 -0.726E+02  0.123E+03
  0.550E+01  0.300E+01  0.100E+01  0.100E+01    9    1    1    2    0    0
  0.000E+00  0.000E+00 -0.285E-03  0.224E-04
  0.000E+00  0.000E+00 -0.285E-03  0.224E-04
 -0.650E+01  0.600E+01  0.100E+01  0.100E+01    9    1    1    3    0    0
  0.000E+00  0.000E+00  0.496E+02 -0.770E+02
  0.000E+00  0.000E+00  0.496E+02 -0.770E+02
 -0.250E+01  0.600E+01  0.100E+01  0.100E+01    9    1    1    3    0    0
  0.000E+00  0.000E+00  0.116E+01 -0.734E+00
  0.000E+00  0.000E+00  0.116E+01 -0.734E+00
  0.150E+01  0.600E+01  0.100E+01  0.100E+01    9    1    1    2    0    0
  0.000E+00  0.000E+00  0.182E-01 -0.536E-02
  0.000E+00  0.000E+00  0.182E-01 -0.536E-02
  0.550E+01  0.600E+01  0.100E+01  0.100E+01    9    1    1    2    0    0
  0.000E+00  0.000E+00  0.264E-03 -0.356E-04
  0.000E+00  0.000E+00  0.264E-03 -0.356E-04
 -0.650E+01 -0.600E+01  0.100E+01  0.100E+01   11    1    1    3    0    0
  0.000E+00  0.000E+00  0.591E+02  0.589E+02
  0.000E+00  0.000E+00  0.591E+02  0.589E+02
 -0.250E+01 -0.600E+01  0.100E+01  0.100E+01   11    1    1    3    0    0
  0.000E+00  0.000E+00  0.109E+01  0.490E+00
  0.000E+00  0.000E+00  0.109E+01  0.490E+00
  0.150E+01 -0.600E+01  0.100E+01  0.100E+01   11    1    1    2    0    0
  0.000E+00  0.000E+00  0.163E-01  0.344E-02
  0.000E+00  0.000E+00  0.163E-01  0.344E-02
  0.550E+01 -0.600E+01  0.100E+01  0.100E+01   11    1    1    2    0    0
  0.000E+00  0.000E+00  0.238E-03  0.210E-04
  0.000E+00  0.000E+00  0.238E-03  0.210E-04
 -0.650E+01 -0.300E+01  0.100E+01  0.100E+01   11    1    1    3    0    0
  0.000E+00  0.000E+00 -0.899E+02 -0.828E+02
  0.000E+00  0.000E+00 -0.899E+02 -0.828E+02
  0.550E+01 -0.300E+01  0.100E+01  0.100E+01   11    1    1    2    0    0
  0.000E+00  0.000E+00 -0.252E-03 -0.131E-04
  0.000E+00  0.000E+00 -0.252E-03 -0.131E-04
  0.550E+01  0.000E+00  0.100E+01  0.100E+01   11    1    1    2    0    0
  0.000E+00  0.000E+00  0.258E-03 -0.000E+00
  0.000E+00  0.000E+00  0.258E-03 -0.000E+00
 -0.650E+01  0.300E+01  0.100E+01  0.100E+01   11    1    1    3    0    0
  0.000E+00  0.000E+00 -0.899E+02  0.828E+02
  0.000E+00  0.000E+00 -0.899E+02  0.828E+02
  0.550E+01  0.300E+01  0.100E+01  0.100E+01   11    1    1    2    0    0
  0.000E+00  0.000E+00 -0.252E-03  0.131E-04
  0.000E+00  0.000E+00 -0.252E-03  0.131E-04
 -0.650E+01  0.600E+01  0.100E+01  0.100E+01   11    1    1    3    0    0
  0.000E+00  0.000E+00  0.591E+02 -0.589E+02
  0.000E+00  0.000E+00  0.591E+02 -0.589E+02
 -0.250E+01  0.600E+01  0.100E+01  0.100E+01   11    1    1    3    0    0
  0.000E+00  0.000E+00  0.109E+01 -0.490E+00
  0.000E+00  0.000E+00  0.109E+01 -0.490E+00
  0.150E+01  0.600E+01  0.100E+01  0.100E+01   11    1    1    2    0    0
  0.000E+00  0.000E+00  0.163E-01 -0.344E-02
  0.000E+00  0.000E+00  0.163E-01 -0.344E-02
  0.550E+01  0.600E+01  0.100E+01  0.100E+01   11    1    1    2    0    0
  0.000E+00  0.000E+00  0.238E-03 -0.210E-04
  0.000E+00  0.000E+00  0.238E-03 -0.210E-04
 -0.650E+01 -0.600E+01  0.100E+01  0.100E+01    3    2    1    3    0    0
  0.000E+00  0.000E+00 -0.188E+02  0.897E+02
  0.275E-37  0.000E+00 -0.713E+01  0.949E+02
 -0.250E+01 -0.600E+01  0.100E+01  0.100E+01    3    2    1    3    0    0
  0.000E+00  0.000E+00  0.638E+00  0.179E+01
  0.275E-37  0.000E+00  0.851E+00  0.163E+01
  0.150E+01 -0.600E+01  0.100E+01  0.100E+01    3    2    1    2    0    0
  0.000E+00  0.000E+00  0.228E-01  0.187E-01
  0.000E+00  0.000E+00  0.226E-01  0.154E-01
  0.550E+01 -0.600E+01  0.100E+01  0.100E+01    3    2    1    2    0    0
  0.000E+00  0.000E+00  0.372E-03  0.138E-03
  0.000E+00  0.000E+00  0.351E-03  0.111E-03
 -0.650E+01 -0.300E+01  0.100E+01  0.100E+01    3    2    1    3    0    0
  0.000E+00  0.000E+00  0.769E+02 -0.112E+03
  0.000E+00  0.000E+00  0.596E+02 -0.135E+03
  0.550E+01 -0.300E+01  0.100E+01  0.100E+01    3    2    1    2    0    0
  0.000E+00  0.000E+00 -0.454E-03 -0.100E-03
  0.000E+00  0.000E+00 -0.415E-03 -0.777E-04
  0.550E+01  0.000E+00  0.100E+01  0.100E+01    3    2    1    2    0    0
  0.000E+00  0.000E+00  0.499E-03 -0.000E+00
  0.000E+00  0.000E+00  0.448E-03 -0.000E+00
 -0.650E+01  0.300E+01  0.100E+01  0.100E+01    3    2    1    3    0    0
  0.000E+00  0.000E+00  0.769E+02  0.112E+03
  0.000E+00  0.000E+00  0.596E+02  0.135E+03
  0.550E+01  0.300E+01  0.100E+01  0.100E+01    3    2    1    2    0    0
  0.000E+00  0.000E+00 -0.454E-03  0.100E-03
  0.000E+00  0.000E+00 -0.415E-03  0.777E-04
 -0.650E+01  0.600E+01  0.100E+01  0.100E+01    3    2    1    3    0    0
  0.000E+00  0.000E+00 -0.188E+02 -0.897E+02
  0.000E+00  0.000E+00 -0.713E+01 -0.949E+02
 -0.250E+01  0.600E+01  0.100E+01  0.100E+01    3    2    1    3    0    0
  0.000E+00  0.000E+00  0.638E+00 -0.179E+01
  0.000E+00  0.000E+00  0.851E+00 -0.163E+01
  0.150E+01  0.600E+01  0.100E+01  0.100E+01    3    2    1    2    0    0
  0.000E+00  0.000E+00  0.228E-01 -0.187E-01
  0.000E+00  0.000E+00  0.226E-01 -0.154E-01
  0.550E+01  0.600E+01  0.100E+01  0.100E+01    3    2    1    2    0    0
  0.000E+00  0.000E+00  0.372E-03 -0.138E-03
  0.000E+00  0.000E+00  0.351E-03 -0.111E-03
 -0.650E+01 -0.600E+01  0.100E+01  0.100E+01    5    2    1    3    0    0
  0.000E+00  0.000E+00  0.578E+01  0.970E+02
  0.000E+00  0.000E+00  0.188E+02  0.959E+02
 -0.250E+01 -0.600E+01  0.100E+01  0.100E+01    5    2    1    3    0    0
  0.000E+00  0.000E+00  0.101E+01  0.145E+01
  0.000E+00  0.000E+00  0.111E+01  0.125E+01
  0.150E+01 -0.600E+01  0.100E+01  0.100E+01    5    2    1    2    0    0
  0.000E+00  0.000E+00  0.220E-01  0.125E-01
  0.000E+00  0.000E+00  0.212E-01  0.102E-01
  0.550E+01 -0.600E+01  0.100E+01  0.100E+01    5    2    1    2    0    0
  0.000E+00  0.000E+00  0.332E-03  0.892E-04
  0.000E+00  0.000E+00  0.313E-03  0.715E-04
 -0.650E+01 -0.300E+01  0.100E+01  0.100E+01    5    2    1    3    0    0
  0.000E+00  0.000E+00  0.336E+02 -0.152E+03
  0.000E+00  0.000E+00  0.301E+01 -0.158E+03
  0.550E+01 -0.300E+01  0.100E+01  0.100E+01    5    2    1    2    0    0
  0.000E+00  0.000E+00 -0.382E-03 -0.605E-04
  0.000E+00  0.000E+00 -0.353E-03 -0.473E-04
  0.550E+01  0.000E+00  0.100E+01  0.100E+01    5    2    1    2    0    0
  0.000E+00  0.000E+00  0.406E-03 -0.000E+00
  0.000E+00  0.000E+00  0.371E-03 -0.000E+00
 -0.650E+01  0.300E+01  0.100E+01  0.100E+01    5    2    1    3    0    0
  0.000E+00  0.000E+00  0.336E+02  0.152E+03
  0.000E+00  0.000E+00  0.301E+01  0.158E+03
  0.550E+01  0.300E+01  0.100E+01  0.100E+01    5    2    1    2    0    0
  0.000E+00  0.000E+00 -0.382E-03  0.605E-04
  0.000E+00  0.000E+00 -0.353E-03  0.473E-04
 -0.650E+01  0.600E+01  0.100E+01  0.100E+01    5    2    1    3    0    0
  0.000E+00  0.000E+00  0.578E+01 -0.970E+02
  0.000E+00  0.000E+00  0.188E+02 -0.959E+02
 -0.250E+01  0.600E+01  0.100E+01  0.100E+01    5    2    1    3    0    0
  0.000E+00  0.000E+00  0.101E+01 -0.145E+01
  0.000E+00  0.000E+00  0.111E+01 -0.125E+01
  0.150E+01  0.600E+01  0.100E+01  0.100E+01    5    2    1    2    0    0
  0.000E+00  0.000E+00  0.220E-01 -0.125E-01
  0.000E+00  0.000E+00  0.212E-01 -0.102E-01
  0.550E+01  0.600E+01  0.100E+01  0.100E+01    5    2    1    2    0    0
  0.000E+00  0.000E+00  0.332E-03 -0.892E-04
  0.000E+00  0.000E+00  0.313E-03 -0.715E-04
 -0.650E+01 -0.600E+01  0.100E+01  0.100E+01    7    2    1    3    0    0
  0.000E+00  0.000E+00  0.310E+02  0.917E+02
  0.000E+00  0.000E+00  0.414E+02  0.852E+02
 -0.250E+01 -0.600E+01  0.100E+01  0.100E+01    7    2    1    3    0    0
  0.000E+00  0.000E+00  0.116E+01  0.106E+01
  0.000E+00  0.000E+00  0.118E+01  0.887E+00
  0.150E+01 -0.600E+01  0.100E+01  0.100E+01    7    2    1    2    0    0
  0.000E+00  0.000E+00  0.202E-01  0.825E-02
  0.000E+00  0.000E+00  0.192E-01  0.666E-02
  0.550E+01 -0.600E+01  0.100E+01  0.100E+01    7    2    1    2    0    0
  0.000E+00  0.000E+00  0.296E-03  0.571E-04
  0.000E+00  0.000E+00  0.279E-03  0.453E-04
 -0.650E+01 -0.300E+01  0.100E+01  0.100E+01    7    2    1    3    0    0
  0.000E+00  0.000E+00 -0.274E+02 -0.154E+03
  0.000E+00  0.000E+00 -0.533E+02 -0.142E+03
  0.550E+01 -0.300E+01  0.100E+01  0.100E+01    7    2    1    2    0    0
  0.000E+00  0.000E+00 -0.327E-03 -0.370E-04
  0.000E+00  0.000E+00 -0.305E-03 -0.289E-04
  0.550E+01  0.000E+00  0.100E+01  0.100E+01    7    2    1    2    0    0
  0.000E+00  0.000E+00  0.341E-03 -0.000E+00
  0.000E+00  0.000E+00  0.316E-03 -0.000E+00
 -0.650E+01  0.300E+01  0.100E+01  0.100E+01    7    2    1    3    0    0
  0.000E+00  0.000E+00 -0.274E+02  0.154E+03
  0.000E+00  0.000E+00 -0.533E+02  0.142E+03
  0.550E+01  0.300E+01  0.100E+01  0.100E+01    7    2    1    2    0    0
  0.000E+00  0.000E+00 -0.327E-03  0.370E-04
  0.000E+00  0.000E+00 -0.305E-03  0.289E-04
 -0.650E+01  0.600E+01  0.100E+01  0.100E+01    7    2    1    3    0    0
  0.000E+00  0.000E+00  0.310E+02 -0.917E+02
  0.000E+00  0.000E+00  0.414E+02 -0.852E+02
 -0.250E+01  0.600E+01  0.100E+01  0.100E+01    7    2    1    3    0    0
  0.000E+00  0.000E+00  0.116E+01 -0.106E+01
  0.000E+00  0.000E+00  0.118E+01 -0.887E+00
  0.150E+01  0.600E+01  0.100E+01  0.100E+01    7    2    1    2    0    0
  0.000E+00  0.000E+00  0.202E-01 -0.825E-02
  0.000E+00  0.000E+00  0.192E-01 -0.666E-02
  0.550E+01  0.600E+01  0.100E+01  0.100E+01    7    2    1    2    0    0
  0.000E+00  0.000E+00  0.296E-03 -0.571E-04
  0.000E+00  0.000E+00  0.279E-03 -0.453E-04
 -0.650E+01 -0.600E+01  0.100E+01  0.100E+01    9    2    1    3    0    0
  0.000E+00  0.000E+00  0.496E+02  0.770E+02
  0.000E+00  0.000E+00  0.554E+02  0.680E+02
 -0.250E+01 -0.600E+01  0.100E+01  0.100E+01    9    2    1    3    0    0
  0.000E+00  0.000E+00  0.116E+01  0.734E+00
  0.000E+00  0.000E+00  0.113E+01  0.602E+00
  0.150E+01 -0.600E+01  0.100E+01  0.100E+01    9    2    1    2    0    0
  0.000E+00  0.000E+00  0.182E-01  0.536E-02
  0.000E+00  0.000E+00  0.172E-01  0.430E-02
  0.550E+01 -0.600E+01  0.100E+01  0.100E+01    9    2    1    2    0    0
  0.000E+00  0.000E+00  0.264E-03  0.356E-04
  0.000E+00  0.000E+00  0.251E-03  0.276E-04
 -0.650E+01 -0.300E+01  0.100E+01  0.100E+01    9    2    1    3    0    0
  0.000E+00  0.000E+00 -0.726E+02 -0.123E+03
  0.000E+00  0.000E+00 -0.845E+02 -0.103E+03
  0.550E+01 -0.300E+01  0.100E+01  0.100E+01    9    2    1    2    0    0
  0.000E+00  0.000E+00 -0.285E-03 -0.224E-04
  0.000E+00  0.000E+00 -0.268E-03 -0.173E-04
  0.550E+01  0.000E+00  0.100E+01  0.100E+01    9    2    1    2    0    0
  0.000E+00  0.000E+00  0.294E-03 -0.000E+00
  0.000E+00  0.000E+00  0.275E-03 -0.000E+00
 -0.650E+01  0.300E+01  0.100E+01  0.100E+01    9    2    1    3    0    0
  0.000E+00  0.000E+00 -0.726E+02  0.123E+03
  0.000E+00  0.000E+00 -0.845E+02  0.103E+03
  0.550E+01  0.300E+01  0.100E+01  0.100E+01    9    2    1    2    0    0
  0.000E+00  0.000E+00 -0.285E-03  0.224E-04
  0.000E+00  0.000E+00 -0.268E-03  0.173E-04
 -0.650E+01  0.600E+01  0.100E+01  0.100E+01    9    2    1    3    0    0
  0.000E+00  0.000E+00  0.496E+02 -0.770E+02
  0.000E+00  0.000E+00  0.554E+02 -0.680E+02
 -0.250E+01  0.600E+01  0.100E+01  0.100E+01    9    2    1    3    0    0
  0.000E+00  0.000E+00  0.116E+01 -0.734E+00
  0.000E+00  0.000E+00  0.113E+01 -0.602E+00
  0.150E+01  0.600E+01  0.100E+01  0.100E+01    9    2    1    2    0    0
  0.000E+00  0.000E+00  0.182E-01 -0.536E-02
  0.000E+00  0.000E+00  0.172E-01 -0.430E-02
  0.550E+01  0.600E+01  0.100E+01  0.100E+01    9    2    1    2    0    0
  0.000E+00  0.000E+00  0.264E-03 -0.356E-04
  0.000E+00  0.000E+00  0.251E-03 -0.276E-04
 -0.650E+01 -0.600E+01  0.100E+01  0.100E+01   11    2    1    3    0    0
  0.000E+00  0.000E+00  0.591E+02  0.589E+02
  0.000E+00  0.000E+00  0.609E+02  0.501E+02
 -0.250E+01 -0.600E+01  0.100E+01  0.100E+01   11    2    1    3    0    0
  0.000E+00  0.000E+00  0.109E+01  0.490E+00
  0.000E+00  0.000E+00  0.104E+01  0.398E+00
  0.150E+01 -0.600E+01  0.100E+01  0.100E+01   11    2    1    2    0    0
  0.000E+00  0.000E+00  0.163E-01  0.344E-02
  0.000E+00  0.000E+00  0.154E-01  0.273E-02
  0.550E+01 -0.600E+01  0.100E+01  0.100E+01   11    2    1    2    0    0
  0.000E+00  0.000E+00  0.238E-03  0.210E-04
  0.000E+00  0.000E+00  0.226E-03  0.155E-04
 -0.650E+01 -0.300E+01  0.100E+01  0.100E+01   11    2    1    3    0    0
  0.000E+00  0.000E+00 -0.899E+02 -0.828E+02
  0.000E+00  0.000E+00 -0.904E+02 -0.649E+02
  0.550E+01 -0.300E+01  0.100E+01  0.100E+01   11    2    1    2    0    0
  0.000E+00  0.000E+00 -0.252E-03 -0.131E-04
  0.000E+00  0.000E+00 -0.238E-03 -0.977E-05
  0.550E+01  0.000E+00  0.100E+01  0.100E+01   11    2    1    2    0    0
  0.000E+00  0.000E+00  0.258E-03 -0.000E+00
  0.000E+00  0.000E+00  0.243E-03 -0.000E+00
 -0.650E+01  0.300E+01  0.100E+01  0.100E+01   11    2    1    3    0    0
  0.000E+00  0.000E+00 -0.899E+02  0.828E+02
  0.000E+00  0.000E+00 -0.904E+02  0.649E+02
  0.550E+01  0.300E+01  0.100E+01  0.100E+01   11    2    1    2    0    0
  0.000E+00  0.000E+00 -0.252E-03  0.131E-04
  0.000E+00  0.000E+00 -0.238E-03  0.977E-05
 -0.650E+01  0.600E+01  0.100E+01  0.100E+01   11    2    1    3    0    0
  0.000E+00  0.000E+00  0.591E+02 -0.589E+02
  0.000E+00  0.000E+00  0.609E+02 -0.501E+02
 -0.250E+01  0.600E+01  0.100E+01  0.100E+01   11    2    1    3    0    0
  0.000E+00  0.000E+00  0.109E+01 -0.490E+00
  0.000E+00  0.000E+00  0.104E+01 -0.398E+00
  0.150E+01  0.600E+01  0.100E+01  0.100E+01   11    2    1    2    0    0
  0.000E+00  0.000E+00  0.163E-01 -0.344E-02
  0.000E+00  0.000E+00  0.154E-01 -0.273E-02
  0.550E+01  0.600E+01  0.100E+01  0.100E+01   11    2    1    2    0    0
  0.000E+00  0.000E+00  0.238E-03 -0.210E-04
  0.000E+00  0.000E+00  0.226E-03 -0.155E-04
 -0.650E+01 -0.600E+01  0.100E+01  0.100E+01    3    3    1    3    0    0
  0.000E+00  0.000E+00 -0.188E+02  0.897E+02
  0.275E-37  0.000E+00  0.578E+01  0.970E+02
 -0.250E+01 -0.600E+01  0.100E+01  0.100E+01    3    3    1    3    0    0
  0.000E+00  0.000E+00  0.638E+00  0.179E+01
  0.275E-37  0.000E+00  0.101E+01  0.145E+01
  0.150E+01 -0.600E+01  0.100E+01  0.100E+01    3    3    1    2    0    0
  0.000E+00  0.000E+00  0.228E-01  0.187E-01
  0.000E+00  0.000E+00  0.220E-01  0.125E-01
  0.550E+01 -0.600E+01  0.100E+01  0.100E+01    3    3    1    2    0    0
  0.000E+00  0.000E+00  0.372E-03  0.138E-03
  0.000E+00  0.000E+00  0.332E-03  0.892E-04
 -0.650E+01 -0.300E+01  0.100E+01  0.100E+01    3    3    1    3    0    0
  0.000E+00  0.000E+00  0.769E+02 -0.112E+03
  0.000E+00  0.000E+00  0.336E+02 -0.152E+03
  0.550E+01 -0.300E+01  0.100E+01  0.100E+01    3    3    1    2    0    0
  0.000E+00  0.000E+00 -0.454E-03 -0.100E-03
  0.000E+00  0.000E+00 -0.382E-03 -0.605E-04
  0.550E+01  0.000E+00  0.100E+01  0.100E+01    3    3    1    2    0    0
  0.000E+00  0.000E+00  0.499E-03 -0.000E+00
  0.000E+00  0.000E+00  0.406E-03 -0.000E+00
 -0.650E+01  0.300E+01  0.100E+01  0.100E+01    3    3    1    3    0    0
  0.000E+00  0.000E+00  0.769E+02  0.112E+03
  0.000E+00  0.000E+00  0.336E+02  0.152E+03
  0.550E+01  0.300E+01  0.100E+01  0.100E+01    3    3    1    2    0    0
  0.000E+00  0.000E+00 -0.454E-03  0.100E-03
  0.000E+00  0.000E+00 -0.382E-03  0.605E-04
 -0.650E+01  0.600E+01  0.100E+01  0.100E+01    3    3    1    3    0    0
  0.000E+00  0.000E+00 -0.188E+02 -0.897E+02
  0.000E+00  0.000E+00  0.578E+01 -0.970E+02
 -0.250E+01  0.600E+01  0.100E+01  0.100E+01    3    3    1    3    0    0
  0.000E+00  0.000E+00  0.638E+00 -0.179E+01
  0.000E+00  0.000E+00  0.101E+01 -0.145E+01
  0.150E+01  0.600E+01  0.100E+01  0.100E+01    3    3    1    2    0    0
  0.000E+00  0.000E+00  0.228E-01 -0.187E-01
  0.000E+00  0.000E+00  0.220E-01 -0.125E-01
  0.550E+01  0.600E+01  0.100E+01  0.100E+01    3    3    1    2    0    0
  0.000E+00  0.000E+00  0.372E-03 -0.138E-03
  0.000E+00  0.000E+00  0.332E-03 -0.892E-04
 -0.650E+01 -0.600E+01  0.100E+01  0.100E+01    5    3    1    3    0    0
  0.000E+00  0.000E+00  0.578E+01  0.970E+02
  0.000E+00  0.000E+00  0.310E+02  0.917E+02
 -0.250E+01 -0.600E+01  0.100E+01  0.100E+01    5    3    1    3    0    0
  0.000E+00  0.000E+00  0.101E+01  0.145E+01
  0.000E+00  0.000E+00  0.116E+01  0.106E+01
  0.150E+01 -0.600E+01  0.100E+01  0.100E+01    5    3    1    2    0    0
  0.000E+00  0.000E+00  0.220E-01  0.125E-01
  0.000E+00  0.000E+00  0.202E-01  0.825E-02
  0.550E+01 -0.600E+01  0.100E+01  0.100E+01    5    3    1    2    0    0
  0.000E+00  0.000E+00  0.332E-03  0.892E-04
  0.000E+00  0.000E+00  0.296E-03  0.571E-04
 -0.650E+01 -0.300E+01  0.100E+01  0.100E+01    5    3    1    3    0    0
  0.000E+00  0.000E+00  0.336E+02 -0.152E+03
  0.000E+00  0.000E+00 -0.274E+02 -0.154E+03
  0.550E+01 -0.300E+01  0.100E+01  0.100E+01    5    3    1    2    0    0
  0.000E+00  0.000E+00 -0.382E-03 -0.605E-04
  0.000E+00  0.000E+00 -0.327E-03 -0.370E-04
  0.550E+01  0.000E+00  0.100E+01  0.100E+01    5    3    1    2    0    0
  0.000E+00  0.000E+00  0.406E-03 -0.000E+00
  0.000E+00  0.000E+00  0.341E-03 -0.000E+00
 -0.650E+01  0.300E+01  0.100E+01  0.100E+01    5    3    1    3    0    0
  0.000E+00  0.000E+00  0.336E+02  0.152E+03
  0.000E+00  0.000E+00 -0.274E+02  0.154E+03
  0.550E+01  0.300E+01  0.100E+01  0.100E+01    5    3    1    2    0    0
  0.000E+00  0.000E+00 -0.382E-03  0.605E-04
  0.000E+00  0.000E+00 -0.327E-03  0.370E-04
 -0.650E+01  0.600E+01  0.100E+01  0.100E+01    5    3    1    3    0    0
  0.000E+00  0.000E+00  0.578E+01 -0.970E+02
  0.000E+00  0.000E+00  0.310E+02 -0.917E+02
 -0.250E+01  0.600E+01  0.100E+01  0.100E+01    5    3    1    3    0    0
  0.000E+00  0.000E+00  0.101E+01 -0.145E+01
  0.000E+00  0.000E+00  0.116E+01 -0.106E+01
  0.150E+01  0.600E+01  0.100E+01  0.100E+01    5    3    1    2    0    0
  0.000E+00  0.000E+00  0.220E-01 -0.125E-01
  0.000E+00  0.000E+00  0.202E-01 -0.825E-02
  0.550E+01  0.600E+01  0.100E+01  0.100E+01    5    3    1    2    0    0
  0.000E+00  0.000E+00  0.332E-03 -0.892E-04
  0.000E+00  0.000E+00  0.296E-03 -0.571E-04
 -0.650E+01 -0.600E+01  0.100E+01  0.100E+01    7    3    1    3    0    0
  0.000E+00  0.000E+00  0.310E+02  0.917E+02
  0.000E+00  0.000E+00  0.496E+02  0.770E+02
 -0.250E+01 -0.600E+01  0.100E+01  0.100E+01    7    3    1    3    0    0
  0.000E+00  0.000E+00  0.116E+01  0.106E+01
  0.000E+00  0.000E+00  0.116E+01  0.734E+00
  0.150E+01 -0.600E+01  0.100E+01  0.100E+01    7    3    1    2    0    0
  0.000E+00  0.000E+00  0.202E-01  0.825E-02
  0.000E+00  0.000E+00  0.182E-01  0.536E-02
  0.550E+01 -0.600E+01  0.100E+01  0.100E+01    7    3    1    2    0    0
  0.000E+00  0.000E+00  0.296E-03  0.571E-04
  0.000E+00  0.000E+00  0.264E-03  0.356E-04
 -0.650E+01 -0.300E+01  0.100E+01  0.100E+01    7    3    1    3    0    0
  0.000E+00  0.000E+00 -0.274E+02 -0.154E+03
  0.000E+00  0.000E+00 -0.726E+02 -0.123E+03
  0.550E+01 -0.300E+01  0.100E+01  0.100E+01    7    3    1    2    0    0
  0.000E+00  0.000E+00 -0.327E-03 -0.370E-04
  0.000E+00  0.000E+00 -0.285E-03 -0.224E-04
  0.550E+01  0.000E+00  0.100E+01  0.100E+01    7    3    1    2    0    0
  0.000E+00  0.000E+00  0.341E-03 -0.000E+00
  0.000E+00  0.000E+00  0.294E-03 -0.000E+00
 -0.650E+01  0.300E+01  0.100E+01  0.100E+01    7    3    1    3    0    0
  0.000E+00  0.000E+00 -0.274E+02  0.154E+03
  0.000E+00  0.000E+00 -0.726E+02  0.123E+03
  0.550E+01  0.300E+01  0.100E+01  0.100E+01    7    3    1    2    0    0
  0.000E+00  0.000E+00 -0.327E-03  0.370E-04
  0.000E+00  0.000E+00 -0.285E-03  0.224E-04
 -0.650E+01  0.600E+01  0.100E+01  0.100E+01    7    3    1    3    0    0
  0.000E+00  0.000E+00  0.310E+02 -0.917E+02
  0.000E+00  0.000E+00  0.496E+02 -0.770E+02
 -0.250E+01  0.600E+01  0.100E+01  0.100E+01    7    3    1    3    0    0
  0.000E+00  0.000E+00  0.116E+01 -0.106E+01
  0.000E+00  0.000E+00  0.116E+01 -0.734E+00
  0.150E+01  0.600E+01  0.100E+01  0.100E+01    7    3    1    2    0    0
  0.000E+00  0.000E+00  0.202E-01 -0.825E-02
  0.000E+00  0.000E+00  0.182E-01 -0.536E-02
  0.550E+01  0.600E+01  0.100E+01  0.100E+01    7    3    1    2    0    0
  0.000E+00  0.000E+00  0.296E-03 -0.571E-04
  0.000E+00  0.000E+00  0.264E-03 -0.356E-04
 -0.650E+01 -0.600E+01  0.100E+01  0.100E+01    9    3    1    3    0    0
  0.000E+00  0.000E+00  0.496E+02  0.770E+02
  0.000E+00  0.000E+00  0.591E+02  0.589E+02
 -0.250E+01 -0.600E+01  0.100E+01  0.100E+01    9    3    1    3    0    0
  0.000E+00  0.000E+00  0.116E+01  0.734E+00
  0.000E+00  0.000E+00  0.109E+01  0.490E+00
  0.150E+01 -0.600E+01  0.100E+01  0.100E+01    9    3    1    2    0    0
  0.000E+00  0.000E+00  0.182E-01  0.536E-02
  0.000E+00  0.000E+00  0.163E-01  0.344E-02
  0.550E+01 -0.600E+01  0.100E+01  0.100E+01    9    3    1    2    0    0
  0.000E+00  0.000E+00  0.264E-03  0.356E-04
  0.000E+00  0.000E+00  0.238E-03  0.210E-04
 -0.650E+01 -0.300E+01  0.100E+01  0.100E+01    9    3    1    3    0    0
  0.000E+00  0.000E+00 -0.726E+02 -0.123E+03
  0.000E+00  0.000E+00 -0.899E+02 -0.828E+02
  0.550E+01 -0.300E+01  0.100E+01  0.100E+01    9    3    1    2    0    0
  0.000E+00  0.000E+00 -0.285E-03 -0.224E-04
  0.000E+00  0.000E+00 -0.252E-03 -0.131E-04
  0.550E+01  0.000E+00  0.100E+01  0.100E+01    9    3    1    2    0    0
  0.000E+00  0.000E+00  0.294E-03 -0.000E+00
  0.000E+00  0.000E+00  0.258E-03 -0.000E+00
 -0.650E+01  0.300E+01  0.100E+01  0.100E+01    9    3    1    3    0    0
  0.000E+00  0.000E+00 -0.726E+02  0.123E+03
  0.000E+00  0.000E+00 -0.899E+02  0.828E+02
  0.550E+01  0.300E+01  0.100E+01  0.100E+01    9    3    1    2    0    0
  0.000E+00  0.000E+00 -0.285E-03  0.224E-04
  0.000E+00  0.000E+00 -0.252E-03  0.131E-04
 -0.650E+01  0.600E+01  0.100E+01  0.100E+01    9    3    1    3    0    0
  0.000E+00  0.000E+00  0.496E+02 -0.770E+02
  0.000E+00  0.000E+00  0.591E+02 -0.589E+02
 -0.250E+01  0.600E+01  0.100E+01  0.100E+01    9    3    1    3    0    0
  0.000E+00  0.000E+00  0.116E+01 -0.734E+00
  0.000E+00  0.000E+00  0.109E+01 -0.490E+00
  0.150E+01  0.600E+01  0.100E+01  0.100E+01    9    3    1    2    0    0
  0.000E+00  0.000E+00  0.182E-01 -0.536E-02
  0.000E+00  0.000E+00  0.163E-01 -0.344E-02
  0.550E+01  0.600E+01  0.100E+01  0.100E+01    9    3    1    2    0    0
  0.000E+00  0.000E+00  0.264E-03 -0.356E-04
  0.000E+00  0.000E+00  0.238E-03 -0.210E-04
 -0.650E+01 -0.600E+01  0.100E+01  0.100E+01   11    3    1    3    0    0
  0.000E+00  0.000E+00  0.591E+02  0.589E+02
  0.000E+00  0.000E+00  0.611E+02  0.421E+02
 -0.250E+01 -0.600E+01  0.100E+01  0.100E+01   11    3    1    3    0    0
  0.000E+00  0.000E+00  0.109E+01  0.490E+00
  0.000E+00  0.000E+00  0.993E+00  0.321E+00
  0.150E+01 -0.600E+01  0.100E+01  0.100E+01   11    3    1    2    0    0
  0.000E+00  0.000E+00  0.163E-01  0.344E-02
  0.000E+00  0.000E+00  0.146E-01  0.215E-02
  0.550E+01 -0.600E+01  0.100E+01  0.100E+01   11    3    1    2    0    0
  0.000E+00  0.000E+00  0.238E-03  0.210E-04
  0.000E+00  0.000E+00  0.216E-03  0.109E-04
 -0.650E+01 -0.300E+01  0.100E+01  0.100E+01   11    3    1    3    0    0
  0.000E+00  0.000E+00 -0.899E+02 -0.828E+02
  0.000E+00  0.000E+00 -0.876E+02 -0.499E+02
  0.550E+01 -0.300E+01  0.100E+01  0.100E+01   11    3    1    2    0    0
  0.000E+00  0.000E+00 -0.252E-03 -0.131E-04
  0.000E+00  0.000E+00 -0.226E-03 -0.700E-05
  0.550E+01  0.000E+00  0.100E+01  0.100E+01   11    3    1    2    0    0
  0.000E+00  0.000E+00  0.258E-03 -0.000E+00
  0.000E+00  0.000E+00  0.229E-03 -0.000E+00
 -0.650E+01  0.300E+01  0.100E+01  0.100E+01   11    3    1    3    0    0
  0.000E+00  0.000E+00 -0.899E+02  0.828E+02
  0.000E+00  0.000E+00 -0.876E+02  0.499E+02
  0.550E+01  0.300E+01  0.100E+01  0.100E+01   11    3    1    2    0    0
  0.000E+00  0.000E+00 -0.252E-03  0.131E-04
  0.000E+00  0.000E+00 -0.226E-03  0.700E-05
 -0.650E+01  0.600E+01  0.100E+01  0.100E+01   11    3    1    3    0    0
  0.000E+00  0.000E+00  0.591E+02 -0.589E+02
  0.000E+00  0.000E+00  0.611E+02 -0.421E+02
 -0.250E+01  0.600E+01  0.100E+01  0.100E+01   11    3    1    3    0    0
  0.000E+00  0.000E+00  0.109E+01 -0.490E+00
  0.000E+00  0.000E+00  0.993E+00 -0.321E+00
  0.150E+01  0.600E+01  0.100E+01  0.100E+01   11    3    1    2    0    0
  0.000E+00  0.000E+00  0.163E-01 -0.344E-02
  0.000E+00  0.000E+00  0.146E-01 -0.215E-02
  0.550E+01  0.600E+01  0.100E+01  0.100E+01   11    3    1    2    0    0
  0.000E+00  0.000E+00  0.238E-03 -0.210E-04
  0.000E+00  0.000E+00  0.216E-03 -0.109E-04
