Mass of 1 inch cube with 0.25 cutout
16 10 2.0
    1            1.0       0.0       0.0
    2            1.0       0.0       1.0
    3            1.0       1.0       1.0
    4            1.0       1.0       0.0
    5            0.0       0.0       1.0
    6            0.0       1.0       1.0
    7            0.0       1.0       0.0
    8            0.0       0.0       0.0
    9            1.0      0.25      0.25
   10            1.0      0.25      0.75
   11            1.0      0.75      0.75
   12            1.0      0.75      0.75
   13            0.0      0.25      0.25
   14            0.0      0.25      0.75
   15            0.0      0.75      0.75
1  16            0.0      0.75      0.25
    1    1    2    3    4    1
    1    9   12   11   10    9
    2    7    6    5    8    7
    2   13   14   15   16   13
    3    1    4    7    8    1
    4    4    3    6    7    4
    5    3    2    5    6    3
    6    1    8    5    2    1
    7    9   10   14   13    9
    8    9   13   16   12    9
    9   10   11   15   14   10
1  10   12   16   15   11   12 
END
