 
TOMS724_PRB
  FORTRAN77 version
  Test the TOMS724 library.

 P =  0.90000

    N:M           1                2                3               10

      1   0.39863458E+002  0.49500000E+002  0.53593245E+002  0.60194980E+002
      2   0.85263158E+001  0.90000000E+001  0.91617902E+001  0.93915728E+001
      3   0.55383195E+001  0.54623833E+001  0.53907733E+001  0.52304113E+001
     10   0.32850153E+001  0.29244660E+001  0.27276731E+001  0.23226039E+001
     20   0.29746530E+001  0.25892541E+001  0.23800871E+001  0.19367383E+001
     50   0.28086577E+001  0.24119549E+001  0.21967298E+001  0.17291496E+001
    100   0.27563780E+001  0.23564274E+001  0.21393762E+001  0.16632251E+001
    200   0.27307304E+001  0.23292992E+001  0.21113394E+001  0.16307758E+001

    N:M          20               50              100              200

      1   0.61740292E+002  0.62688052E+002  0.63007277E+002  0.63167977E+002
      2   0.94413094E+001  0.94712356E+001  0.94812251E+001  0.94862225E+001
      3   0.51844817E+001  0.51546171E+001  0.51442595E+001  0.51390194E+001
     10   0.22007439E+001  0.21170725E+001  0.20869169E+001  0.20713517E+001
     20   0.17938433E+001  0.16896163E+001  0.16501336E+001  0.16292174E+001
     50   0.15681071E+001  0.14409422E+001  0.13884651E+001  0.13590479E+001
    100   0.14943480E+001  0.13548104E+001  0.12934390E+001  0.12570616E+001
    200   0.14574916E+001  0.13100201E+001  0.12418229E+001  0.11992434E+001


 P =  0.99000

    N:M           1                2                3               10

      1   0.40521807E+004  0.49995000E+004  0.54033520E+004  0.60558467E+004
      2   0.98502513E+002  0.99000000E+002  0.99166201E+002  0.99399196E+002
      3   0.34116222E+002  0.30816520E+002  0.29456695E+002  0.27228734E+002
     10   0.10044289E+002  0.75594322E+001  0.65523126E+001  0.48491468E+001
     20   0.80959581E+001  0.58489319E+001  0.49381934E+001  0.33681864E+001
     50   0.71705768E+001  0.50566109E+001  0.41993434E+001  0.26981394E+001
    100   0.68953010E+001  0.48239098E+001  0.39836953E+001  0.25033111E+001
    200   0.67626803E+001  0.47128548E+001  0.38807134E+001  0.24103654E+001

    N:M          20               50              100              200

      1   0.62087302E+004  0.63025172E+004  0.63341100E+004  0.63500152E+004
      2   0.99449171E+002  0.99479164E+002  0.99489163E+002  0.99494163E+002
      3   0.26689791E+002  0.26354225E+002  0.26240242E+002  0.26182916E+002
     10   0.44053948E+001  0.41154517E+001  0.40137194E+001  0.39617551E+001
     20   0.29377353E+001  0.26429545E+001  0.25353126E+001  0.24791618E+001
     50   0.22652428E+001  0.19489642E+001  0.18247532E+001  0.17567125E+001
    100   0.20666461E+001  0.17352918E+001  0.15976691E+001  0.15183428E+001
    200   0.19711304E+001  0.16294909E+001  0.14810567E+001  0.13912712E+001


 P =  0.99900

    N:M           1                2                3               10

      1   0.40528407E+006  0.49999950E+006  0.54037920E+006  0.60562097E+006
      2   0.99850025E+003  0.99900000E+003  0.99916662E+003  0.99939992E+003
      3   0.16702927E+003  0.14850000E+003  0.14110846E+003  0.12924668E+003
     10   0.21039595E+002  0.14905359E+002  0.12552745E+002  0.87538663E+001
     20   0.14818776E+002  0.99526231E+001  0.80983798E+001  0.50752462E+001
     50   0.12222106E+002  0.79564185E+001  0.63363706E+001  0.36710521E+001
    100   0.11495431E+002  0.74076811E+001  0.58568069E+001  0.32958666E+001
    200   0.11148262E+002  0.71519305E+001  0.56310496E+001  0.31203674E+001

    N:M          20               50              100              200

      1   0.62090767E+006  0.63028538E+006  0.63344433E+006  0.63503468E+006
      2   0.99944992E+003  0.99947992E+003  0.99948992E+003  0.99949492E+003
      3   0.12641777E+003  0.12466351E+003  0.12406883E+003  0.12376993E+003
     10   0.78037471E+001  0.71926834E+001  0.69801939E+001  0.68720465E+001
     20   0.42899664E+001  0.37650223E+001  0.35761909E+001  0.34783319E+001
     50   0.29506046E+001  0.24413304E+001  0.22458439E+001  0.21399504E+001
    100   0.25908800E+001  0.20755944E+001  0.18674014E+001  0.17484688E+001
    200   0.24227258E+001  0.19022348E+001  0.16824310E+001  0.15517293E+001

 SERIES IN BINV DIVERGES
FINV (   1   3 0.999900 ) fails
 SERIES IN BINV DIVERGES
FINV (   3   3 0.999900 ) fails

 P =  0.99990

    N:M           1                2                3               10

      1   0.40528473E+008  0.50000000E+008  0.54037964E+008  0.60562134E+008
      2   0.99985000E+004  0.99990000E+004  0.99991667E+004  0.99994000E+004
      3  -0.60000000E+001  0.69473833E+003 -0.20000000E+001  0.60275497E+003
     10   0.38577153E+002  0.26547867E+002  0.22037622E+002  0.14900724E+002
     20   0.23399482E+002  0.15118864E+002  0.12049800E+002  0.71805392E+001
     50   0.17878604E+002  0.11135994E+002  0.86524418E+001  0.46952294E+001
    100   0.16429538E+002  0.10113222E+002  0.77912271E+001  0.40841334E+001
    200   0.15704014E+002  0.96478196E+001  0.73708353E+001  0.37871583E+001

    N:M          20               50              100              200

      1   0.62090802E+008  0.63028572E+008  0.63344467E+008  0.63503548E+008
      2   0.99994500E+004  0.99994800E+004  0.99994900E+004  0.99994950E+004
      3   0.58929668E+003  0.58095747E+003  0.57813163E+003  0.57671147E+003
     10   0.13149531E+002  0.12031914E+002  0.11645008E+002  0.11448448E+002
     20   0.59516126E+001  0.51413101E+001  0.48523921E+001  0.47032518E+001
     50   0.36641832E+001  0.29500260E+001  0.26799064E+001  0.25346666E+001
    100   0.31036561E+001  0.24037776E+001  0.21261428E+001  0.19626450E+001
    200   0.28527336E+001  0.21550788E+001  0.18674140E+001  0.16984149E+001

 SERIES IN BINV DIVERGES
FINV (   1   3 0.999990 ) fails
 SERIES IN BINV DIVERGES
FINV (   3   3 0.999990 ) fails
 SERIES IN BINV DIVERGES
FINV (   3  10 0.999990 ) fails
 SERIES IN BINV DIVERGES
FINV (   3  20 0.999990 ) fails
 SERIES IN BINV DIVERGES
FINV (   3  50 0.999990 ) fails
 SERIES IN BINV DIVERGES
FINV (   3 100 0.999990 ) fails
 SERIES IN BINV DIVERGES
FINV (   3 200 0.999990 ) fails
 SERIES IN BINV DIVERGES
FINV (  10   3 0.999990 ) fails
 SERIES IN BINV DIVERGES
FINV (  20   3 0.999990 ) fails
 SERIES IN BINV DIVERGES
FINV (  50   3 0.999990 ) fails
 SERIES IN BINV DIVERGES
FINV ( 100   3 0.999990 ) fails
 SERIES IN BINV DIVERGES
FINV ( 200   3 0.999990 ) fails

 P =  0.99999

    N:M           1                2                3               10

      1   0.40528474E+010  0.50000000E+010  0.54037965E+010  0.60562134E+010
      2   0.99998500E+005  0.99999000E+005  0.99999167E+005  0.99999400E+005
      3  -0.60000000E+001  0.32301520E+004 -0.20000000E+001 -0.60000000E+000
     10   0.66427171E+002  0.45000000E+002 -0.66666667E+001  0.24621400E+002
     20   0.34265428E+002  0.21622777E+002 -0.13333333E+002  0.98057330E+001
     50   0.24146480E+002  0.14622330E+002 -0.33333333E+002  0.57926949E+001
    100   0.21661951E+002  0.12946271E+002 -0.66666667E+002  0.48844467E+001
    200   0.20012255E+002  0.12201845E+002 -0.13333333E+003  0.43125991E+001

    N:M          20               50              100              200

      1   0.62090802E+010  0.63028572E+010  0.63344467E+010  0.63503548E+010
      2   0.99999450E+005  0.99999480E+005  0.99999490E+005  0.99999495E+005
      3  -0.30000000E+000 -0.12000000E+000 -0.60000000E-001 -0.30000000E-001
     10   0.21601298E+002  0.19682063E+002  0.19019299E+002  0.18682939E+002
     20   0.80199225E+001  0.68528679E+001  0.64391713E+001  0.62261808E+001
     50   0.44237026E+001  0.34888613E+001  0.31390205E+001  0.29519431E+001
    100   0.36185942E+001  0.27301830E+001  0.23825305E+001  0.21887287E+001
    200   0.32697750E+001  0.23977060E+001  0.20437407E+001  0.18377357E+001

 ERROR: A PARAMETER VALUES (M OR N) IS NEGATIVE
    M,N,P =  -1  3      0.900000000
     FINV =      -1.000000000
 ERROR: A PARAMETER VALUES (M OR N) IS NEGATIVE
    M,N,P =   3 -1      0.900000000
     FINV =      -1.000000000
 ERROR: PROBABILITY P IS OUT OF RANGE
    M,N,P =   3  3     -0.500000000
     FINV =      -1.000000000
    M,N,P =   3  3      0.000000000
     FINV =       0.000000000
 
TOMS724_PRB:
  Normal end of execution.
