   0.000000000000000       0.000000000000000       0.000000000000000       0.000000000000000    
  -1.000000000000000       0.000000000000000       0.000000000000000       0.000000000000000    
   1.000000000000000       0.000000000000000       0.000000000000000       0.000000000000000    
   0.000000000000000      -1.000000000000000       0.000000000000000       0.000000000000000    
   0.000000000000000       1.000000000000000       0.000000000000000       0.000000000000000    
   0.000000000000000       0.000000000000000      -1.000000000000000       0.000000000000000    
   0.000000000000000       0.000000000000000       1.000000000000000       0.000000000000000    
   0.000000000000000       0.000000000000000       0.000000000000000      -1.000000000000000    
   0.000000000000000       0.000000000000000       0.000000000000000       1.000000000000000    
 -0.7071067811865475       0.000000000000000       0.000000000000000       0.000000000000000    
  0.7071067811865476       0.000000000000000       0.000000000000000       0.000000000000000    
  -1.000000000000000      -1.000000000000000       0.000000000000000       0.000000000000000    
   1.000000000000000      -1.000000000000000       0.000000000000000       0.000000000000000    
  -1.000000000000000       1.000000000000000       0.000000000000000       0.000000000000000    
   1.000000000000000       1.000000000000000       0.000000000000000       0.000000000000000    
   0.000000000000000     -0.7071067811865475       0.000000000000000       0.000000000000000    
   0.000000000000000      0.7071067811865476       0.000000000000000       0.000000000000000    
  -1.000000000000000       0.000000000000000      -1.000000000000000       0.000000000000000    
   1.000000000000000       0.000000000000000      -1.000000000000000       0.000000000000000    
  -1.000000000000000       0.000000000000000       1.000000000000000       0.000000000000000    
   1.000000000000000       0.000000000000000       1.000000000000000       0.000000000000000    
   0.000000000000000      -1.000000000000000      -1.000000000000000       0.000000000000000    
   0.000000000000000       1.000000000000000      -1.000000000000000       0.000000000000000    
   0.000000000000000      -1.000000000000000       1.000000000000000       0.000000000000000    
   0.000000000000000       1.000000000000000       1.000000000000000       0.000000000000000    
   0.000000000000000       0.000000000000000     -0.7071067811865475       0.000000000000000    
   0.000000000000000       0.000000000000000      0.7071067811865476       0.000000000000000    
  -1.000000000000000       0.000000000000000       0.000000000000000      -1.000000000000000    
   1.000000000000000       0.000000000000000       0.000000000000000      -1.000000000000000    
  -1.000000000000000       0.000000000000000       0.000000000000000       1.000000000000000    
   1.000000000000000       0.000000000000000       0.000000000000000       1.000000000000000    
   0.000000000000000      -1.000000000000000       0.000000000000000      -1.000000000000000    
   0.000000000000000       1.000000000000000       0.000000000000000      -1.000000000000000    
   0.000000000000000      -1.000000000000000       0.000000000000000       1.000000000000000    
   0.000000000000000       1.000000000000000       0.000000000000000       1.000000000000000    
   0.000000000000000       0.000000000000000      -1.000000000000000      -1.000000000000000    
   0.000000000000000       0.000000000000000       1.000000000000000      -1.000000000000000    
   0.000000000000000       0.000000000000000      -1.000000000000000       1.000000000000000    
   0.000000000000000       0.000000000000000       1.000000000000000       1.000000000000000    
   0.000000000000000       0.000000000000000       0.000000000000000     -0.7071067811865475    
   0.000000000000000       0.000000000000000       0.000000000000000      0.7071067811865476    
 -0.9238795325112867       0.000000000000000       0.000000000000000       0.000000000000000    
 -0.3826834323650897       0.000000000000000       0.000000000000000       0.000000000000000    
  0.3826834323650898       0.000000000000000       0.000000000000000       0.000000000000000    
  0.9238795325112867       0.000000000000000       0.000000000000000       0.000000000000000    
 -0.7071067811865475      -1.000000000000000       0.000000000000000       0.000000000000000    
  0.7071067811865476      -1.000000000000000       0.000000000000000       0.000000000000000    
 -0.7071067811865475       1.000000000000000       0.000000000000000       0.000000000000000    
  0.7071067811865476       1.000000000000000       0.000000000000000       0.000000000000000    
  -1.000000000000000     -0.7071067811865475       0.000000000000000       0.000000000000000    
   1.000000000000000     -0.7071067811865475       0.000000000000000       0.000000000000000    
  -1.000000000000000      0.7071067811865476       0.000000000000000       0.000000000000000    
   1.000000000000000      0.7071067811865476       0.000000000000000       0.000000000000000    
   0.000000000000000     -0.9238795325112867       0.000000000000000       0.000000000000000    
   0.000000000000000     -0.3826834323650897       0.000000000000000       0.000000000000000    
   0.000000000000000      0.3826834323650898       0.000000000000000       0.000000000000000    
   0.000000000000000      0.9238795325112867       0.000000000000000       0.000000000000000    
 -0.7071067811865475       0.000000000000000      -1.000000000000000       0.000000000000000    
  0.7071067811865476       0.000000000000000      -1.000000000000000       0.000000000000000    
 -0.7071067811865475       0.000000000000000       1.000000000000000       0.000000000000000    
  0.7071067811865476       0.000000000000000       1.000000000000000       0.000000000000000    
  -1.000000000000000      -1.000000000000000      -1.000000000000000       0.000000000000000    
   1.000000000000000      -1.000000000000000      -1.000000000000000       0.000000000000000    
  -1.000000000000000       1.000000000000000      -1.000000000000000       0.000000000000000    
   1.000000000000000       1.000000000000000      -1.000000000000000       0.000000000000000    
  -1.000000000000000      -1.000000000000000       1.000000000000000       0.000000000000000    
   1.000000000000000      -1.000000000000000       1.000000000000000       0.000000000000000    
  -1.000000000000000       1.000000000000000       1.000000000000000       0.000000000000000    
   1.000000000000000       1.000000000000000       1.000000000000000       0.000000000000000    
   0.000000000000000     -0.7071067811865475      -1.000000000000000       0.000000000000000    
   0.000000000000000      0.7071067811865476      -1.000000000000000       0.000000000000000    
   0.000000000000000     -0.7071067811865475       1.000000000000000       0.000000000000000    
   0.000000000000000      0.7071067811865476       1.000000000000000       0.000000000000000    
  -1.000000000000000       0.000000000000000     -0.7071067811865475       0.000000000000000    
   1.000000000000000       0.000000000000000     -0.7071067811865475       0.000000000000000    
  -1.000000000000000       0.000000000000000      0.7071067811865476       0.000000000000000    
   1.000000000000000       0.000000000000000      0.7071067811865476       0.000000000000000    
   0.000000000000000      -1.000000000000000     -0.7071067811865475       0.000000000000000    
   0.000000000000000       1.000000000000000     -0.7071067811865475       0.000000000000000    
   0.000000000000000      -1.000000000000000      0.7071067811865476       0.000000000000000    
   0.000000000000000       1.000000000000000      0.7071067811865476       0.000000000000000    
   0.000000000000000       0.000000000000000     -0.9238795325112867       0.000000000000000    
   0.000000000000000       0.000000000000000     -0.3826834323650897       0.000000000000000    
   0.000000000000000       0.000000000000000      0.3826834323650898       0.000000000000000    
   0.000000000000000       0.000000000000000      0.9238795325112867       0.000000000000000    
 -0.7071067811865475       0.000000000000000       0.000000000000000      -1.000000000000000    
  0.7071067811865476       0.000000000000000       0.000000000000000      -1.000000000000000    
 -0.7071067811865475       0.000000000000000       0.000000000000000       1.000000000000000    
  0.7071067811865476       0.000000000000000       0.000000000000000       1.000000000000000    
  -1.000000000000000      -1.000000000000000       0.000000000000000      -1.000000000000000    
   1.000000000000000      -1.000000000000000       0.000000000000000      -1.000000000000000    
  -1.000000000000000       1.000000000000000       0.000000000000000      -1.000000000000000    
   1.000000000000000       1.000000000000000       0.000000000000000      -1.000000000000000    
  -1.000000000000000      -1.000000000000000       0.000000000000000       1.000000000000000    
   1.000000000000000      -1.000000000000000       0.000000000000000       1.000000000000000    
  -1.000000000000000       1.000000000000000       0.000000000000000       1.000000000000000    
   1.000000000000000       1.000000000000000       0.000000000000000       1.000000000000000    
   0.000000000000000     -0.7071067811865475       0.000000000000000      -1.000000000000000    
   0.000000000000000      0.7071067811865476       0.000000000000000      -1.000000000000000    
   0.000000000000000     -0.7071067811865475       0.000000000000000       1.000000000000000    
   0.000000000000000      0.7071067811865476       0.000000000000000       1.000000000000000    
  -1.000000000000000       0.000000000000000      -1.000000000000000      -1.000000000000000    
   1.000000000000000       0.000000000000000      -1.000000000000000      -1.000000000000000    
  -1.000000000000000       0.000000000000000       1.000000000000000      -1.000000000000000    
   1.000000000000000       0.000000000000000       1.000000000000000      -1.000000000000000    
  -1.000000000000000       0.000000000000000      -1.000000000000000       1.000000000000000    
   1.000000000000000       0.000000000000000      -1.000000000000000       1.000000000000000    
  -1.000000000000000       0.000000000000000       1.000000000000000       1.000000000000000    
   1.000000000000000       0.000000000000000       1.000000000000000       1.000000000000000    
   0.000000000000000      -1.000000000000000      -1.000000000000000      -1.000000000000000    
   0.000000000000000       1.000000000000000      -1.000000000000000      -1.000000000000000    
   0.000000000000000      -1.000000000000000       1.000000000000000      -1.000000000000000    
   0.000000000000000       1.000000000000000       1.000000000000000      -1.000000000000000    
   0.000000000000000      -1.000000000000000      -1.000000000000000       1.000000000000000    
   0.000000000000000       1.000000000000000      -1.000000000000000       1.000000000000000    
   0.000000000000000      -1.000000000000000       1.000000000000000       1.000000000000000    
   0.000000000000000       1.000000000000000       1.000000000000000       1.000000000000000    
   0.000000000000000       0.000000000000000     -0.7071067811865475      -1.000000000000000    
   0.000000000000000       0.000000000000000      0.7071067811865476      -1.000000000000000    
   0.000000000000000       0.000000000000000     -0.7071067811865475       1.000000000000000    
   0.000000000000000       0.000000000000000      0.7071067811865476       1.000000000000000    
  -1.000000000000000       0.000000000000000       0.000000000000000     -0.7071067811865475    
   1.000000000000000       0.000000000000000       0.000000000000000     -0.7071067811865475    
  -1.000000000000000       0.000000000000000       0.000000000000000      0.7071067811865476    
   1.000000000000000       0.000000000000000       0.000000000000000      0.7071067811865476    
   0.000000000000000      -1.000000000000000       0.000000000000000     -0.7071067811865475    
   0.000000000000000       1.000000000000000       0.000000000000000     -0.7071067811865475    
   0.000000000000000      -1.000000000000000       0.000000000000000      0.7071067811865476    
   0.000000000000000       1.000000000000000       0.000000000000000      0.7071067811865476    
   0.000000000000000       0.000000000000000      -1.000000000000000     -0.7071067811865475    
   0.000000000000000       0.000000000000000       1.000000000000000     -0.7071067811865475    
   0.000000000000000       0.000000000000000      -1.000000000000000      0.7071067811865476    
   0.000000000000000       0.000000000000000       1.000000000000000      0.7071067811865476    
   0.000000000000000       0.000000000000000       0.000000000000000     -0.9238795325112867    
   0.000000000000000       0.000000000000000       0.000000000000000     -0.3826834323650897    
   0.000000000000000       0.000000000000000       0.000000000000000      0.3826834323650898    
   0.000000000000000       0.000000000000000       0.000000000000000      0.9238795325112867    
