  -10.04021164021165    
  -1.650793650793652    
  -1.650793650793652    
  -1.650793650793652    
  -1.650793650793652    
  -1.650793650793651    
  -1.650793650793651    
  -1.650793650793653    
  -1.650793650793653    
  -2.031746031746034    
  -2.031746031746032    
 -0.5629629629629629    
 -0.5629629629629629    
 -0.5629629629629629    
 -0.5629629629629629    
  -2.031746031746033    
  -2.031746031746032    
 -0.5629629629629629    
 -0.5629629629629629    
 -0.5629629629629629    
 -0.5629629629629629    
 -0.5629629629629631    
 -0.5629629629629631    
 -0.5629629629629631    
 -0.5629629629629631    
  -2.031746031746033    
  -2.031746031746032    
 -0.5629629629629630    
 -0.5629629629629630    
 -0.5629629629629630    
 -0.5629629629629630    
 -0.5629629629629630    
 -0.5629629629629630    
 -0.5629629629629630    
 -0.5629629629629630    
 -0.5629629629629631    
 -0.5629629629629631    
 -0.5629629629629631    
 -0.5629629629629631    
  -2.031746031746033    
  -2.031746031746032    
   1.169749193728145    
   2.893742869763918    
   2.893742869763918    
   1.169749193728146    
  0.7111111111111111    
  0.7111111111111114    
  0.7111111111111111    
  0.7111111111111114    
  0.7111111111111111    
  0.7111111111111111    
  0.7111111111111114    
  0.7111111111111114    
   1.169749193728145    
   2.893742869763918    
   2.893742869763918    
   1.169749193728146    
  0.7111111111111111    
  0.7111111111111114    
  0.7111111111111111    
  0.7111111111111114    
  0.7407407407407410E-01
  0.7407407407407410E-01
  0.7407407407407410E-01
  0.7407407407407410E-01
  0.7407407407407410E-01
  0.7407407407407410E-01
  0.7407407407407410E-01
  0.7407407407407410E-01
  0.7111111111111111    
  0.7111111111111114    
  0.7111111111111111    
  0.7111111111111114    
  0.7111111111111111    
  0.7111111111111111    
  0.7111111111111114    
  0.7111111111111114    
  0.7111111111111111    
  0.7111111111111111    
  0.7111111111111114    
  0.7111111111111114    
   1.169749193728145    
   2.893742869763918    
   2.893742869763918    
   1.169749193728146    
  0.7111111111111111    
  0.7111111111111114    
  0.7111111111111111    
  0.7111111111111114    
  0.7407407407407410E-01
  0.7407407407407410E-01
  0.7407407407407410E-01
  0.7407407407407410E-01
  0.7407407407407410E-01
  0.7407407407407410E-01
  0.7407407407407410E-01
  0.7407407407407410E-01
  0.7111111111111111    
  0.7111111111111114    
  0.7111111111111111    
  0.7111111111111114    
  0.7407407407407410E-01
  0.7407407407407410E-01
  0.7407407407407410E-01
  0.7407407407407410E-01
  0.7407407407407410E-01
  0.7407407407407410E-01
  0.7407407407407410E-01
  0.7407407407407410E-01
  0.7407407407407410E-01
  0.7407407407407410E-01
  0.7407407407407410E-01
  0.7407407407407410E-01
  0.7407407407407410E-01
  0.7407407407407410E-01
  0.7407407407407410E-01
  0.7407407407407410E-01
  0.7111111111111111    
  0.7111111111111114    
  0.7111111111111111    
  0.7111111111111114    
  0.7111111111111111    
  0.7111111111111111    
  0.7111111111111114    
  0.7111111111111114    
  0.7111111111111111    
  0.7111111111111111    
  0.7111111111111114    
  0.7111111111111114    
  0.7111111111111111    
  0.7111111111111111    
  0.7111111111111114    
  0.7111111111111114    
   1.169749193728145    
   2.893742869763918    
   2.893742869763918    
   1.169749193728146    
