  -2.013429765586570    
 -0.6464405021267714    
 -0.6464405021267714    
 -0.6464405021267758    
 -0.6464405021267758    
 -0.6464405021267758    
 -0.6464405021267758    
 -0.6464405021267764    
 -0.6464405021267764    
  -3.114379999085877    
  -3.114379999085880    
 -0.1275485008818348    
 -0.1275485008818348    
 -0.1275485008818348    
 -0.1275485008818348    
  -3.114379999085875    
  -3.114379999085878    
 -0.1275485008818348    
 -0.1275485008818348    
 -0.1275485008818348    
 -0.1275485008818348    
 -0.1275485008818346    
 -0.1275485008818346    
 -0.1275485008818346    
 -0.1275485008818346    
  -3.114379999085876    
  -3.114379999085878    
 -0.1275485008818347    
 -0.1275485008818347    
 -0.1275485008818347    
 -0.1275485008818347    
 -0.1275485008818347    
 -0.1275485008818347    
 -0.1275485008818347    
 -0.1275485008818347    
 -0.1275485008818346    
 -0.1275485008818346    
 -0.1275485008818346    
 -0.1275485008818346    
  -3.114379999085878    
  -3.114379999085878    
 -0.5658905413829308    
  -1.441952595871972    
  -1.441952595871972    
 -0.5658905413829314    
 -0.6704761904761902    
 -0.6704761904761908    
 -0.6704761904761902    
 -0.6704761904761908    
 -0.6704761904761902    
 -0.6704761904761902    
 -0.6704761904761908    
 -0.6704761904761908    
 -0.5658905413829308    
  -1.441952595871971    
  -1.441952595871971    
 -0.5658905413829314    
 -0.6704761904761902    
 -0.6704761904761908    
 -0.6704761904761902    
 -0.6704761904761908    
 -0.1283950617283951    
 -0.1283950617283951    
 -0.1283950617283951    
 -0.1283950617283951    
 -0.1283950617283951    
 -0.1283950617283951    
 -0.1283950617283951    
 -0.1283950617283951    
 -0.6704761904761904    
 -0.6704761904761908    
 -0.6704761904761904    
 -0.6704761904761908    
 -0.6704761904761904    
 -0.6704761904761904    
 -0.6704761904761908    
 -0.6704761904761908    
 -0.6704761904761904    
 -0.6704761904761904    
 -0.6704761904761908    
 -0.6704761904761908    
 -0.5658905413829308    
  -1.441952595871971    
  -1.441952595871971    
 -0.5658905413829314    
 -0.6704761904761902    
 -0.6704761904761908    
 -0.6704761904761902    
 -0.6704761904761908    
 -0.1283950617283951    
 -0.1283950617283951    
 -0.1283950617283951    
 -0.1283950617283951    
 -0.1283950617283951    
 -0.1283950617283951    
 -0.1283950617283951    
 -0.1283950617283951    
 -0.6704761904761904    
 -0.6704761904761908    
 -0.6704761904761904    
 -0.6704761904761908    
 -0.1283950617283951    
 -0.1283950617283951    
 -0.1283950617283951    
 -0.1283950617283951    
 -0.1283950617283951    
 -0.1283950617283951    
 -0.1283950617283951    
 -0.1283950617283951    
 -0.1283950617283951    
 -0.1283950617283951    
 -0.1283950617283951    
 -0.1283950617283951    
 -0.1283950617283951    
 -0.1283950617283951    
 -0.1283950617283951    
 -0.1283950617283951    
 -0.6704761904761903    
 -0.6704761904761907    
 -0.6704761904761903    
 -0.6704761904761907    
 -0.6704761904761903    
 -0.6704761904761903    
 -0.6704761904761907    
 -0.6704761904761907    
 -0.6704761904761903    
 -0.6704761904761903    
 -0.6704761904761907    
 -0.6704761904761907    
 -0.6704761904761903    
 -0.6704761904761903    
 -0.6704761904761907    
 -0.6704761904761907    
 -0.5658905413829308    
  -1.441952595871971    
  -1.441952595871971    
 -0.5658905413829314    
  0.2989496226976448    
  0.8712444206551275    
   1.305381314253627    
   1.540110916903406    
   1.540110916903405    
   1.305381314253627    
  0.8712444206551273    
  0.2989496226976456    
  0.1949581989546909    
  0.4822904782939864    
  0.4822904782939864    
  0.1949581989546910    
  0.1949581989546909    
  0.4822904782939864    
  0.4822904782939864    
  0.1949581989546910    
   1.137777777777778    
   1.137777777777778    
   1.137777777777778    
   1.137777777777778    
  0.1949581989546909    
  0.1949581989546909    
  0.4822904782939864    
  0.4822904782939864    
  0.4822904782939864    
  0.4822904782939864    
  0.1949581989546910    
  0.1949581989546910    
  0.2989496226976448    
  0.8712444206551275    
   1.305381314253627    
   1.540110916903406    
   1.540110916903405    
   1.305381314253627    
  0.8712444206551273    
  0.2989496226976456    
  0.1949581989546909    
  0.4822904782939864    
  0.4822904782939864    
  0.1949581989546910    
  0.1949581989546909    
  0.4822904782939864    
  0.4822904782939864    
  0.1949581989546910    
  0.1185185185185185    
  0.1185185185185186    
  0.1185185185185185    
  0.1185185185185186    
  0.1185185185185185    
  0.1185185185185186    
  0.1185185185185185    
  0.1185185185185186    
  0.1185185185185185    
  0.1185185185185185    
  0.1185185185185186    
  0.1185185185185186    
  0.1185185185185185    
  0.1185185185185185    
  0.1185185185185186    
  0.1185185185185186    
  0.1949581989546909    
  0.4822904782939864    
  0.4822904782939864    
  0.1949581989546910    
  0.1949581989546909    
  0.4822904782939864    
  0.4822904782939864    
  0.1949581989546910    
   1.137777777777778    
   1.137777777777778    
   1.137777777777778    
   1.137777777777778    
  0.1185185185185185    
  0.1185185185185185    
  0.1185185185185185    
  0.1185185185185185    
  0.1185185185185186    
  0.1185185185185186    
  0.1185185185185186    
  0.1185185185185186    
   1.137777777777778    
   1.137777777777778    
   1.137777777777778    
   1.137777777777778    
  0.1949581989546909    
  0.1949581989546909    
  0.4822904782939864    
  0.4822904782939864    
  0.4822904782939864    
  0.4822904782939864    
  0.1949581989546910    
  0.1949581989546910    
  0.1949581989546909    
  0.1949581989546909    
  0.4822904782939864    
  0.4822904782939864    
  0.4822904782939864    
  0.4822904782939864    
  0.1949581989546910    
  0.1949581989546910    
  0.2989496226976448    
  0.8712444206551275    
   1.305381314253627    
   1.540110916903406    
   1.540110916903405    
   1.305381314253627    
  0.8712444206551273    
  0.2989496226976456    
  0.1949581989546909    
  0.4822904782939864    
  0.4822904782939864    
  0.1949581989546910    
  0.1949581989546909    
  0.4822904782939864    
  0.4822904782939864    
  0.1949581989546910    
  0.1185185185185185    
  0.1185185185185186    
  0.1185185185185185    
  0.1185185185185186    
  0.1185185185185185    
  0.1185185185185186    
  0.1185185185185185    
  0.1185185185185186    
  0.1185185185185185    
  0.1185185185185185    
  0.1185185185185186    
  0.1185185185185186    
  0.1185185185185185    
  0.1185185185185185    
  0.1185185185185186    
  0.1185185185185186    
  0.1949581989546909    
  0.4822904782939864    
  0.4822904782939864    
  0.1949581989546910    
  0.1949581989546909    
  0.4822904782939864    
  0.4822904782939864    
  0.1949581989546910    
  0.1185185185185185    
  0.1185185185185186    
  0.1185185185185185    
  0.1185185185185186    
  0.1185185185185185    
  0.1185185185185186    
  0.1185185185185185    
  0.1185185185185186    
  0.1234567901234568E-01
  0.1234567901234568E-01
  0.1234567901234568E-01
  0.1234567901234568E-01
  0.1234567901234568E-01
  0.1234567901234568E-01
  0.1234567901234568E-01
  0.1234567901234568E-01
  0.1234567901234568E-01
  0.1234567901234568E-01
  0.1234567901234568E-01
  0.1234567901234568E-01
  0.1234567901234568E-01
  0.1234567901234568E-01
  0.1234567901234568E-01
  0.1234567901234568E-01
  0.1185185185185185    
  0.1185185185185186    
  0.1185185185185185    
  0.1185185185185186    
  0.1185185185185185    
  0.1185185185185186    
  0.1185185185185185    
  0.1185185185185186    
  0.1185185185185185    
  0.1185185185185185    
  0.1185185185185186    
  0.1185185185185186    
  0.1185185185185185    
  0.1185185185185185    
  0.1185185185185186    
  0.1185185185185186    
  0.1185185185185185    
  0.1185185185185185    
  0.1185185185185186    
  0.1185185185185186    
  0.1185185185185185    
  0.1185185185185185    
  0.1185185185185186    
  0.1185185185185186    
  0.1949581989546909    
  0.4822904782939864    
  0.4822904782939864    
  0.1949581989546910    
  0.1949581989546909    
  0.4822904782939864    
  0.4822904782939864    
  0.1949581989546910    
   1.137777777777778    
   1.137777777777778    
   1.137777777777778    
   1.137777777777778    
  0.1185185185185185    
  0.1185185185185185    
  0.1185185185185185    
  0.1185185185185185    
  0.1185185185185186    
  0.1185185185185186    
  0.1185185185185186    
  0.1185185185185186    
   1.137777777777778    
   1.137777777777778    
   1.137777777777778    
   1.137777777777778    
  0.1185185185185185    
  0.1185185185185185    
  0.1185185185185185    
  0.1185185185185185    
  0.1185185185185186    
  0.1185185185185186    
  0.1185185185185186    
  0.1185185185185186    
  0.1185185185185185    
  0.1185185185185185    
  0.1185185185185185    
  0.1185185185185185    
  0.1185185185185186    
  0.1185185185185186    
  0.1185185185185186    
  0.1185185185185186    
   1.137777777777778    
   1.137777777777778    
   1.137777777777778    
   1.137777777777778    
  0.1949581989546909    
  0.1949581989546909    
  0.4822904782939864    
  0.4822904782939864    
  0.4822904782939864    
  0.4822904782939864    
  0.1949581989546910    
  0.1949581989546910    
  0.1949581989546909    
  0.1949581989546909    
  0.4822904782939864    
  0.4822904782939864    
  0.4822904782939864    
  0.4822904782939864    
  0.1949581989546910    
  0.1949581989546910    
  0.1949581989546909    
  0.1949581989546909    
  0.4822904782939864    
  0.4822904782939864    
  0.4822904782939864    
  0.4822904782939864    
  0.1949581989546910    
  0.1949581989546910    
  0.2989496226976448    
  0.8712444206551275    
   1.305381314253627    
   1.540110916903406    
   1.540110916903405    
   1.305381314253627    
  0.8712444206551273    
  0.2989496226976456    
