  0.8843323515718317E-02
  0.8843323515718317E-02
  0.8843323515718317E-02
  0.2031233592848984E-01
  0.2031233592848984E-01
  0.2031233592848984E-01
  0.1441007403935041E-01
  0.1441007403935041E-01
  0.1441007403935041E-01
  0.1441007403935041E-01
  0.1441007403935041E-01
  0.1441007403935041E-01
  0.1657912966938509E-01
  0.1657912966938509E-01
  0.1657912966938509E-01
  0.3808080193469984E-01
  0.3808080193469984E-01
  0.3808080193469984E-01
  0.2701546376983638E-01
  0.2701546376983638E-01
  0.2701546376983638E-01
  0.2701546376983638E-01
  0.2701546376983638E-01
  0.2701546376983638E-01
  0.1657912966938509E-01
  0.1657912966938509E-01
  0.1657912966938509E-01
  0.3808080193469984E-01
  0.3808080193469984E-01
  0.3808080193469984E-01
  0.2701546376983638E-01
  0.2701546376983638E-01
  0.2701546376983638E-01
  0.2701546376983638E-01
  0.2701546376983638E-01
  0.2701546376983638E-01
  0.8843323515718317E-02
  0.8843323515718317E-02
  0.8843323515718317E-02
  0.2031233592848984E-01
  0.2031233592848984E-01
  0.2031233592848984E-01
  0.1441007403935041E-01
  0.1441007403935041E-01
  0.1441007403935041E-01
  0.1441007403935041E-01
  0.1441007403935041E-01
  0.1441007403935041E-01
