  0.7974269853530873      0.1012865073234563     -0.7745966692414834    
  0.1012865073234563      0.7974269853530873     -0.7745966692414834    
  0.1012865073234563      0.1012865073234563     -0.7745966692414834    
  0.5971587178976982E-01  0.4701420641051151     -0.7745966692414834    
  0.4701420641051151      0.5971587178976982E-01 -0.7745966692414834    
  0.4701420641051151      0.4701420641051151     -0.7745966692414834    
  0.3333333333333333      0.3333333333333333     -0.7745966692414834    
  0.7974269853530873      0.1012865073234563       0.000000000000000    
  0.1012865073234563      0.7974269853530873       0.000000000000000    
  0.1012865073234563      0.1012865073234563       0.000000000000000    
  0.5971587178976982E-01  0.4701420641051151       0.000000000000000    
  0.4701420641051151      0.5971587178976982E-01   0.000000000000000    
  0.4701420641051151      0.4701420641051151       0.000000000000000    
  0.3333333333333333      0.3333333333333333       0.000000000000000    
  0.7974269853530873      0.1012865073234563      0.7745966692414834    
  0.1012865073234563      0.7974269853530873      0.7745966692414834    
  0.1012865073234563      0.1012865073234563      0.7745966692414834    
  0.5971587178976982E-01  0.4701420641051151      0.7745966692414834    
  0.4701420641051151      0.5971587178976982E-01  0.7745966692414834    
  0.4701420641051151      0.4701420641051151      0.7745966692414834    
  0.3333333333333333      0.3333333333333333      0.7745966692414834    
