  0.1081030181680702      0.4459484909159649     -0.7745966692414834    
  0.4459484909159649      0.1081030181680702     -0.7745966692414834    
  0.4459484909159649      0.4459484909159649     -0.7745966692414834    
  0.8168475729804585      0.9157621350977074E-01 -0.7745966692414834    
  0.9157621350977074E-01  0.8168475729804585     -0.7745966692414834    
  0.9157621350977074E-01  0.9157621350977074E-01 -0.7745966692414834    
  0.1081030181680702      0.4459484909159649       0.000000000000000    
  0.4459484909159649      0.1081030181680702       0.000000000000000    
  0.4459484909159649      0.4459484909159649       0.000000000000000    
  0.8168475729804585      0.9157621350977074E-01   0.000000000000000    
  0.9157621350977074E-01  0.8168475729804585       0.000000000000000    
  0.9157621350977074E-01  0.9157621350977074E-01   0.000000000000000    
  0.1081030181680702      0.4459484909159649      0.7745966692414834    
  0.4459484909159649      0.1081030181680702      0.7745966692414834    
  0.4459484909159649      0.4459484909159649      0.7745966692414834    
  0.8168475729804585      0.9157621350977074E-01  0.7745966692414834    
  0.9157621350977074E-01  0.8168475729804585      0.7745966692414834    
  0.9157621350977074E-01  0.9157621350977074E-01  0.7745966692414834    
