11 March     2013   9:01:14.897 AM      
 
COLNEW_PRB:
  FORTRAN77 version.


 VERSION *COLNEW* OF COLSYS .    





 THE NUMBER OF (LINEAR) DIFF EQNS IS   2
 THEIR ORDERS ARE  1  4
 SIDE CONDITION POINTS ZETA  0.000000  0.000000  0.000000  1.000000  1.000000
 NUMBER OF COLLOC PTS PER INTERVAL IS  5
 COMPONENTS OF Z REQUIRING TOLERANCES -        1         2         4
 CORRESPONDING ERROR TOLERANCES -        0.10D-06  0.10D-06  0.10D-06
 THE MAXIMUM NUMBER OF SUBINTERVALS IS MIN ( 160 (ALLOWED FROM FSPACE), 166 (ALLOWED FROM ISPACE) )

 THE NEW MESH (OF   10 SUBINTERVALS), 
    0.000000    0.100000    0.200000    0.300000    0.400000    0.500000    0.600000    0.700000
    0.800000    0.900000    1.000000
 MESH VALUES FOR Z( 1),
   0.2000000D+01  0.9291536D-02  0.1695938D+01 -0.2474862D+00  0.1095646D+01 -0.7408200D+00  0.3886613D+00 -0.1244834D+01
  -0.1902312D+00 -0.1533807D+01 -0.4511857D+00
 MESH VALUES FOR Z( 2),
   0.0000000D+00  0.3090170D+00  0.5877853D+00  0.8090170D+00  0.9510565D+00  0.1000000D+01  0.9510565D+00  0.8090170D+00
   0.5877853D+00  0.3090170D+00  0.0000000D+00
 MESH VALUES FOR Z( 3),
   0.3141593D+01  0.2987832D+01  0.2541602D+01  0.1846582D+01  0.9708055D+00 -0.1875402D-09 -0.9708055D+00 -0.1846582D+01
  -0.2541602D+01 -0.2987832D+01 -0.3141593D+01
 MESH VALUES FOR Z( 4),
   0.0000000D+00 -0.3049876D+01 -0.5801208D+01 -0.7984678D+01 -0.9386552D+01 -0.9869604D+01 -0.9386552D+01 -0.7984678D+01
  -0.5801208D+01 -0.3049875D+01  0.0000000D+00
 MESH VALUES FOR Z( 5),
  -0.3100638D+02 -0.2948863D+02 -0.2508469D+02 -0.1822495D+02 -0.9581545D+01  0.7408652D-04  0.9581397D+01  0.1822510D+02
   0.2508454D+02  0.2948878D+02  0.3100622D+02

 MESH SELECTION INFO,
 DEGREE OF EQUIDISTRIBUTION =  0.87824 PREDICTION FOR REQUIRED N =     118

 THE NEW MESH (OF   20 SUBINTERVALS), 
    0.000000    0.050000    0.100000    0.150000    0.200000    0.250000    0.300000    0.350000
    0.400000    0.450000    0.500000    0.550000    0.600000    0.650000    0.700000    0.750000
    0.800000    0.850000    0.900000    0.950000    1.000000
 MESH VALUES FOR Z( 1),
   0.2000000D+01  0.1007645D+00  0.1737690D+01  0.1933222D+00  0.1427810D+01  0.1582846D+00  0.1074549D+01  0.2226837D-01
   0.6919216D+00 -0.1831728D+00  0.3012058D+00 -0.4235811D+00 -0.7207832D-01 -0.6641371D+00 -0.4014013D+00 -0.8724152D+00
  -0.6624010D+00 -0.1021044D+01 -0.8357234D+00 -0.1089980D+01 -0.9092751D+00
 MESH VALUES FOR Z( 2),
   0.0000000D+00  0.1564345D+00  0.3090170D+00  0.4539905D+00  0.5877853D+00  0.7071068D+00  0.8090170D+00  0.8910065D+00
   0.9510565D+00  0.9876883D+00  0.1000000D+01  0.9876883D+00  0.9510565D+00  0.8910065D+00  0.8090170D+00  0.7071068D+00
   0.5877853D+00  0.4539905D+00  0.3090170D+00  0.1564345D+00  0.0000000D+00
 MESH VALUES FOR Z( 3),
   0.3141593D+01  0.3102914D+01  0.2987832D+01  0.2799180D+01  0.2541602D+01  0.2221441D+01  0.1846582D+01  0.1426253D+01
   0.9708055D+00  0.4914534D+00 -0.3797511D-09 -0.4914534D+00 -0.9708055D+00 -0.1426253D+01 -0.1846582D+01 -0.2221441D+01
  -0.2541602D+01 -0.2799180D+01 -0.2987832D+01 -0.3102914D+01 -0.3141593D+01
 MESH VALUES FOR Z( 4),
   0.0000000D+00 -0.1543946D+01 -0.3049875D+01 -0.4480707D+01 -0.5801208D+01 -0.6978864D+01 -0.7984678D+01 -0.8793882D+01
  -0.9386552D+01 -0.9748093D+01 -0.9869604D+01 -0.9748093D+01 -0.9386552D+01 -0.8793882D+01 -0.7984678D+01 -0.6978864D+01
  -0.5801208D+01 -0.4480707D+01 -0.3049875D+01 -0.1543946D+01  0.0000000D+00
 MESH VALUES FOR Z( 5),
  -0.3100638D+02 -0.3062445D+02 -0.2948880D+02 -0.2762673D+02 -0.2508467D+02 -0.2192469D+02 -0.1822508D+02 -0.1407651D+02
  -0.9581505D+01 -0.4850416D+01 -0.3011146D-04  0.4850477D+01  0.9581443D+01  0.1407658D+02  0.1822501D+02  0.2192477D+02
   0.2508459D+02  0.2762681D+02  0.2948871D+02  0.3062455D+02  0.3100627D+02

 THE ESTIMATED ERRORS ARE,
 U( 1) -  0.2293D-01
 U( 2) -  0.9151D-12  0.3797D-10  0.1892D-08  0.2293D-05

 MESH SELECTION INFO,
 DEGREE OF EQUIDISTRIBUTION =  0.79690 PREDICTION FOR REQUIRED N =     209

 THE NEW MESH (OF   40 SUBINTERVALS), 
    0.000000    0.025000    0.050000    0.075000    0.100000    0.125000    0.150000    0.175000
    0.200000    0.225000    0.250000    0.275000    0.300000    0.325000    0.350000    0.375000
    0.400000    0.425000    0.450000    0.475000    0.500000    0.525000    0.550000    0.575000
    0.600000    0.625000    0.650000    0.675000    0.700000    0.725000    0.750000    0.775000
    0.800000    0.825000    0.850000    0.875000    0.900000    0.925000    0.950000    0.975000
    1.000000
 MESH VALUES FOR Z( 1),
   0.2000000D+01  0.2102653D+00  0.1606510D+01  0.4855728D+00  0.1333996D+01  0.6226391D+00  0.1127978D+01  0.6662261D+00
   0.9556600D+00  0.6450490D+00  0.7978526D+00  0.5780627D+00  0.6439407D+00  0.4783238D+00  0.4887407D+00  0.3553471D+00
   0.3305212D+00  0.2165291D+00  0.1697417D+00  0.6799093D-01  0.8234805D-02 -0.8493702D-01 -0.1513386D+00 -0.2374540D+00
  -0.3058636D+00 -0.3851641D+00 -0.4520391D+00 -0.5240336D+00 -0.5865777D+00 -0.6503980D+00 -0.7063595D+00 -0.7609938D+00
  -0.8085546D+00 -0.8530039D+00 -0.8907204D+00 -0.9241046D+00 -0.9508794D+00 -0.9725092D+00 -0.9875788D+00 -0.9970035D+00
  -0.9999322D+00
 MESH VALUES FOR Z( 2),
   0.0000000D+00  0.7845910D-01  0.1564345D+00  0.2334454D+00  0.3090170D+00  0.3826834D+00  0.4539905D+00  0.5224986D+00
   0.5877853D+00  0.6494480D+00  0.7071068D+00  0.7604060D+00  0.8090170D+00  0.8526402D+00  0.8910065D+00  0.9238795D+00
   0.9510565D+00  0.9723699D+00  0.9876883D+00  0.9969173D+00  0.1000000D+01  0.9969173D+00  0.9876883D+00  0.9723699D+00
   0.9510565D+00  0.9238795D+00  0.8910065D+00  0.8526402D+00  0.8090170D+00  0.7604060D+00  0.7071068D+00  0.6494480D+00
   0.5877853D+00  0.5224986D+00  0.4539905D+00  0.3826834D+00  0.3090170D+00  0.2334454D+00  0.1564345D+00  0.7845910D-01
   0.0000000D+00
 MESH VALUES FOR Z( 3),
   0.3141593D+01  0.3131908D+01  0.3102914D+01  0.3054790D+01  0.2987832D+01  0.2902453D+01  0.2799180D+01  0.2678648D+01
   0.2541602D+01  0.2388886D+01  0.2221441D+01  0.2040301D+01  0.1846582D+01  0.1641478D+01  0.1426253D+01  0.1202235D+01
   0.9708055D+00  0.7333902D+00  0.4914534D+00  0.2464865D+00 -0.4161183D-09 -0.2464865D+00 -0.4914534D+00 -0.7333902D+00
  -0.9708055D+00 -0.1202235D+01 -0.1426253D+01 -0.1641478D+01 -0.1846582D+01 -0.2040301D+01 -0.2221441D+01 -0.2388886D+01
  -0.2541602D+01 -0.2678648D+01 -0.2799180D+01 -0.2902453D+01 -0.2987832D+01 -0.3054790D+01 -0.3102914D+01 -0.3131908D+01
  -0.3141593D+01
 MESH VALUES FOR Z( 4),
   0.0000000D+00 -0.7743603D+00 -0.1543946D+01 -0.2304013D+01 -0.3049875D+01 -0.3776934D+01 -0.4480707D+01 -0.5156854D+01
  -0.5801208D+01 -0.6409795D+01 -0.6978864D+01 -0.7504906D+01 -0.7984678D+01 -0.8415221D+01 -0.8793882D+01 -0.9118326D+01
  -0.9386552D+01 -0.9596906D+01 -0.9748093D+01 -0.9839180D+01 -0.9869604D+01 -0.9839180D+01 -0.9748093D+01 -0.9596906D+01
  -0.9386552D+01 -0.9118326D+01 -0.8793882D+01 -0.8415221D+01 -0.7984678D+01 -0.7504906D+01 -0.6978864D+01 -0.6409795D+01
  -0.5801208D+01 -0.5156854D+01 -0.4480707D+01 -0.3776934D+01 -0.3049875D+01 -0.2304013D+01 -0.1543946D+01 -0.7743602D+00
   0.0000000D+00
 MESH VALUES FOR Z( 5),
  -0.3100638D+02 -0.3091062D+02 -0.3062460D+02 -0.3014952D+02 -0.2948876D+02 -0.2864603D+02 -0.2762682D+02 -0.2643718D+02
  -0.2508462D+02 -0.2357735D+02 -0.2192476D+02 -0.2013696D+02 -0.1822504D+02 -0.1620073D+02 -0.1407656D+02 -0.1186559D+02
  -0.9581469D+01 -0.7238270D+01 -0.4850452D+01 -0.2432723D+01 -0.8134849D-06  0.2432725D+01  0.4850450D+01  0.7238272D+01
   0.9581466D+01  0.1186559D+02  0.1407655D+02  0.1620074D+02  0.1822503D+02  0.2013697D+02  0.2192475D+02  0.2357736D+02
   0.2508460D+02  0.2643720D+02  0.2762679D+02  0.2864606D+02  0.2948872D+02  0.3014957D+02  0.3062454D+02  0.3091069D+02
   0.3100628D+02

 THE ESTIMATED ERRORS ARE,
 U( 1) -  0.2196D-01
 U( 2) -  0.1833D-12  0.9158D-11  0.8910D-09  0.2196D-05

 MESH SELECTION INFO,
 DEGREE OF EQUIDISTRIBUTION =  0.50340 PREDICTION FOR REQUIRED N =     255

 THE NEW MESH (OF   80 SUBINTERVALS), 
    0.000000    0.012500    0.025000    0.037500    0.050000    0.062500    0.075000    0.087500
    0.100000    0.112500    0.125000    0.137500    0.150000    0.162500    0.175000    0.187500
    0.200000    0.212500    0.225000    0.237500    0.250000    0.262500    0.275000    0.287500
    0.300000    0.312500    0.325000    0.337500    0.350000    0.362500    0.375000    0.387500
    0.400000    0.412500    0.425000    0.437500    0.450000    0.462500    0.475000    0.487500
    0.500000    0.512500    0.525000    0.537500    0.550000    0.562500    0.575000    0.587500
    0.600000    0.612500    0.625000    0.637500    0.650000    0.662500    0.675000    0.687500
    0.700000    0.712500    0.725000    0.737500    0.750000    0.762500    0.775000    0.787500
    0.800000    0.812500    0.825000    0.837500    0.850000    0.862500    0.875000    0.887500
    0.900000    0.912500    0.925000    0.937500    0.950000    0.962500    0.975000    0.987500
    1.000000
 MESH VALUES FOR Z( 1),
   0.2000000D+01  0.3802936D+00  0.1379998D+01  0.7559660D+00  0.1134439D+01  0.8899558D+00  0.1028587D+01  0.9276602D+00
   0.9725924D+00  0.9248620D+00  0.9321295D+00  0.9030370D+00  0.8941669D+00  0.8705399D+00  0.8538509D+00  0.8307203D+00
   0.8094808D+00  0.7850299D+00  0.7605836D+00  0.7342125D+00  0.7071748D+00  0.6787586D+00  0.6494741D+00  0.6190778D+00
   0.5877952D+00  0.5555641D+00  0.5225024D+00  0.4886189D+00  0.4539920D+00  0.4186588D+00  0.3826840D+00  0.3461167D+00
   0.3090172D+00  0.2714403D+00  0.2334454D+00  0.1950903D+00  0.1564345D+00  0.1175374D+00  0.7845911D-01  0.3925981D-01
   0.5113551D-08 -0.3925982D-01 -0.7845909D-01 -0.1175374D+00 -0.1564345D+00 -0.1950903D+00 -0.2334454D+00 -0.2714404D+00
  -0.3090170D+00 -0.3461171D+00 -0.3826834D+00 -0.4186597D+00 -0.4539905D+00 -0.4886212D+00 -0.5224986D+00 -0.5555702D+00
  -0.5877853D+00 -0.6190939D+00 -0.6494480D+00 -0.6788007D+00 -0.7071068D+00 -0.7343225D+00 -0.7604060D+00 -0.7853169D+00
  -0.8090170D+00 -0.8314696D+00 -0.8526402D+00 -0.8724960D+00 -0.8910065D+00 -0.9081432D+00 -0.9238795D+00 -0.9381913D+00
  -0.9510565D+00 -0.9624552D+00 -0.9723699D+00 -0.9807853D+00 -0.9876883D+00 -0.9930685D+00 -0.9969173D+00 -0.9992290D+00
  -0.1000000D+01
 MESH VALUES FOR Z( 2),
   0.0000000D+00  0.3925982D-01  0.7845910D-01  0.1175374D+00  0.1564345D+00  0.1950903D+00  0.2334454D+00  0.2714405D+00
   0.3090170D+00  0.3461171D+00  0.3826834D+00  0.4186597D+00  0.4539905D+00  0.4886212D+00  0.5224986D+00  0.5555702D+00
   0.5877853D+00  0.6190939D+00  0.6494480D+00  0.6788007D+00  0.7071068D+00  0.7343225D+00  0.7604060D+00  0.7853169D+00
   0.8090170D+00  0.8314696D+00  0.8526402D+00  0.8724960D+00  0.8910065D+00  0.9081432D+00  0.9238795D+00  0.9381913D+00
   0.9510565D+00  0.9624552D+00  0.9723699D+00  0.9807853D+00  0.9876883D+00  0.9930685D+00  0.9969173D+00  0.9992290D+00
   0.1000000D+01  0.9992290D+00  0.9969173D+00  0.9930685D+00  0.9876883D+00  0.9807853D+00  0.9723699D+00  0.9624552D+00
   0.9510565D+00  0.9381913D+00  0.9238795D+00  0.9081432D+00  0.8910065D+00  0.8724960D+00  0.8526402D+00  0.8314696D+00
   0.8090170D+00  0.7853169D+00  0.7604060D+00  0.7343225D+00  0.7071068D+00  0.6788007D+00  0.6494480D+00  0.6190939D+00
   0.5877853D+00  0.5555702D+00  0.5224986D+00  0.4886212D+00  0.4539905D+00  0.4186597D+00  0.3826834D+00  0.3461171D+00
   0.3090170D+00  0.2714404D+00  0.2334454D+00  0.1950903D+00  0.1564345D+00  0.1175374D+00  0.7845910D-01  0.3925982D-01
   0.0000000D+00
 MESH VALUES FOR Z( 3),
   0.3141593D+01  0.3139171D+01  0.3131908D+01  0.3119817D+01  0.3102914D+01  0.3081228D+01  0.3054790D+01  0.3023642D+01
   0.2987832D+01  0.2947415D+01  0.2902453D+01  0.2853016D+01  0.2799180D+01  0.2741027D+01  0.2678648D+01  0.2612139D+01
   0.2541602D+01  0.2467146D+01  0.2388886D+01  0.2306942D+01  0.2221441D+01  0.2132515D+01  0.2040301D+01  0.1944941D+01
   0.1846582D+01  0.1745375D+01  0.1641478D+01  0.1535049D+01  0.1426253D+01  0.1315258D+01  0.1202235D+01  0.1087359D+01
   0.9708055D+00  0.8527553D+00  0.7333902D+00  0.6128943D+00  0.4914534D+00  0.3692546D+00  0.2464865D+00  0.1233383D+00
  -0.3143808D-09 -0.1233383D+00 -0.2464865D+00 -0.3692546D+00 -0.4914534D+00 -0.6128943D+00 -0.7333902D+00 -0.8527553D+00
  -0.9708055D+00 -0.1087359D+01 -0.1202235D+01 -0.1315258D+01 -0.1426253D+01 -0.1535049D+01 -0.1641478D+01 -0.1745375D+01
  -0.1846582D+01 -0.1944941D+01 -0.2040301D+01 -0.2132515D+01 -0.2221441D+01 -0.2306942D+01 -0.2388886D+01 -0.2467146D+01
  -0.2541602D+01 -0.2612139D+01 -0.2678648D+01 -0.2741027D+01 -0.2799180D+01 -0.2853016D+01 -0.2902453D+01 -0.2947415D+01
  -0.2987832D+01 -0.3023642D+01 -0.3054790D+01 -0.3081228D+01 -0.3102914D+01 -0.3119817D+01 -0.3131908D+01 -0.3139171D+01
  -0.3141593D+01
 MESH VALUES FOR Z( 4),
   0.0000000D+00 -0.3874789D+00 -0.7743602D+00 -0.1160048D+01 -0.1543946D+01 -0.1925464D+01 -0.2304013D+01 -0.2679010D+01
  -0.3049875D+01 -0.3416038D+01 -0.3776934D+01 -0.4132006D+01 -0.4480707D+01 -0.4822498D+01 -0.5156854D+01 -0.5483258D+01
  -0.5801208D+01 -0.6110212D+01 -0.6409795D+01 -0.6699495D+01 -0.6978864D+01 -0.7247473D+01 -0.7504906D+01 -0.7750767D+01
  -0.7984678D+01 -0.8206276D+01 -0.8415221D+01 -0.8611190D+01 -0.8793882D+01 -0.8963014D+01 -0.9118326D+01 -0.9259577D+01
  -0.9386552D+01 -0.9499052D+01 -0.9596906D+01 -0.9679963D+01 -0.9748093D+01 -0.9801193D+01 -0.9839180D+01 -0.9861995D+01
  -0.9869604D+01 -0.9861995D+01 -0.9839180D+01 -0.9801193D+01 -0.9748093D+01 -0.9679963D+01 -0.9596906D+01 -0.9499052D+01
  -0.9386552D+01 -0.9259577D+01 -0.9118326D+01 -0.8963014D+01 -0.8793882D+01 -0.8611190D+01 -0.8415221D+01 -0.8206276D+01
  -0.7984678D+01 -0.7750767D+01 -0.7504906D+01 -0.7247473D+01 -0.6978864D+01 -0.6699495D+01 -0.6409795D+01 -0.6110212D+01
  -0.5801208D+01 -0.5483258D+01 -0.5156854D+01 -0.4822498D+01 -0.4480707D+01 -0.4132006D+01 -0.3776934D+01 -0.3416038D+01
  -0.3049875D+01 -0.2679010D+01 -0.2304013D+01 -0.1925464D+01 -0.1543946D+01 -0.1160048D+01 -0.7743602D+00 -0.3874789D+00
   0.0000000D+00
 MESH VALUES FOR Z( 5),
  -0.3100637D+02 -0.3098231D+02 -0.3091073D+02 -0.3079133D+02 -0.3062455D+02 -0.3041049D+02 -0.3014958D+02 -0.2984215D+02
  -0.2948872D+02 -0.2908982D+02 -0.2864607D+02 -0.2815814D+02 -0.2762680D+02 -0.2705285D+02 -0.2643720D+02 -0.2578078D+02
  -0.2508460D+02 -0.2434975D+02 -0.2357736D+02 -0.2276861D+02 -0.2192475D+02 -0.2104708D+02 -0.2013697D+02 -0.1919580D+02
  -0.1822503D+02 -0.1722616D+02 -0.1620074D+02 -0.1515033D+02 -0.1407656D+02 -0.1298108D+02 -0.1186559D+02 -0.1073180D+02
  -0.9581466D+01 -0.8416358D+01 -0.7238272D+01 -0.6049024D+01 -0.4850450D+01 -0.3644397D+01 -0.2432724D+01 -0.1217301D+01
   0.7551422D-08  0.1217301D+01  0.2432724D+01  0.3644397D+01  0.4850450D+01  0.6049025D+01  0.7238272D+01  0.8416358D+01
   0.9581466D+01  0.1073180D+02  0.1186559D+02  0.1298108D+02  0.1407656D+02  0.1515033D+02  0.1620074D+02  0.1722616D+02
   0.1822503D+02  0.1919580D+02  0.2013697D+02  0.2104708D+02  0.2192475D+02  0.2276861D+02  0.2357736D+02  0.2434975D+02
   0.2508460D+02  0.2578078D+02  0.2643720D+02  0.2705285D+02  0.2762679D+02  0.2815814D+02  0.2864606D+02  0.2908982D+02
   0.2948872D+02  0.2984215D+02  0.3014957D+02  0.3041050D+02  0.3062454D+02  0.3079136D+02  0.3091069D+02  0.3098237D+02
   0.3100628D+02

 THE ESTIMATED ERRORS ARE,
 U( 1) -  0.2012D-01
 U( 2) -  0.4778D-12  0.1295D-10  0.3705D-09  0.2014D-05

 MESH SELECTION INFO,
 DEGREE OF EQUIDISTRIBUTION =  0.16728 PREDICTION FOR REQUIRED N =     160

 THE NEW MESH (OF   80 SUBINTERVALS), 
    0.000000    0.002380    0.004760    0.007140    0.009519    0.011899    0.014063    0.016154
    0.018245    0.020336    0.022427    0.024518    0.026909    0.029389    0.031870    0.034350
    0.036830    0.039365    0.041919    0.044473    0.047027    0.049581    0.052389    0.055247
    0.058106    0.060964    0.063903    0.066937    0.069971    0.073005    0.076139    0.079464
    0.082790    0.086115    0.089585    0.093156    0.096728    0.100326    0.104210    0.108094
    0.111978    0.116127    0.120318    0.124508    0.129008    0.133550    0.138140    0.143047
    0.147955    0.153098    0.158410    0.163821    0.169563    0.175330    0.181541    0.187772
    0.194485    0.201296    0.208555    0.216081    0.223926    0.232317    0.241061    0.250240
    0.260137    0.270640    0.281838    0.293856    0.306831    0.320915    0.336280    0.353361
    0.372350    0.393863    0.418538    0.447472    0.482550    0.526962    0.590809    0.705852
    1.000000
 MESH VALUES FOR Z( 1),
   0.2000000D+01  0.9167401D+00  0.1006816D+01  0.9991719D+00  0.9996008D+00  0.9992974D+00  0.9990244D+00  0.9987125D+00
   0.9983577D+00  0.9979598D+00  0.9975189D+00  0.9970349D+00  0.9964289D+00  0.9957407D+00  0.9949920D+00  0.9941829D+00
   0.9933135D+00  0.9923629D+00  0.9913412D+00  0.9902557D+00  0.9891064D+00  0.9878934D+00  0.9864863D+00  0.9849754D+00
   0.9833851D+00  0.9817154D+00  0.9799158D+00  0.9779706D+00  0.9759366D+00  0.9738139D+00  0.9715285D+00  0.9690003D+00
   0.9663664D+00  0.9636269D+00  0.9606570D+00  0.9574800D+00  0.9541825D+00  0.9507393D+00  0.9468861D+00  0.9428919D+00
   0.9387573D+00  0.9341862D+00  0.9294087D+00  0.9244701D+00  0.9189874D+00  0.9132681D+00  0.9072999D+00  0.9007095D+00
   0.8939051D+00  0.8865456D+00  0.8787021D+00  0.8704608D+00  0.8614401D+00  0.8520982D+00  0.8417246D+00  0.8309950D+00
   0.8190782D+00  0.8066164D+00  0.7929296D+00  0.7783028D+00  0.7625935D+00  0.7452769D+00  0.7266829D+00  0.7065738D+00
   0.6842322D+00  0.6598033D+00  0.6329639D+00  0.6032903D+00  0.5702905D+00  0.5333972D+00  0.4919615D+00  0.4445570D+00
   0.3903620D+00  0.3272960D+00  0.2531367D+00  0.1642747D+00  0.5479274D-01 -0.8460121D-01 -0.2814299D+00 -0.6025595D+00
  -0.1000003D+01
 MESH VALUES FOR Z( 2),
   0.0000000D+00  0.7476449D-02  0.1495248D-01  0.2242768D-01  0.2990162D-01  0.3737389D-01  0.4416641D-01  0.5072813D-01
   0.5728766D-01  0.6384471D-01  0.7039902D-01  0.7695028D-01  0.8443631D-01  0.9219818D-01  0.9995445D-01  0.1077046D+00
   0.1154483D+00  0.1233527D+00  0.1313112D+00  0.1392613D+00  0.1472024D+00  0.1551340D+00  0.1638435D+00  0.1726946D+00
   0.1815318D+00  0.1903544D+00  0.1994119D+00  0.2087427D+00  0.2180545D+00  0.2273465D+00  0.2369226D+00  0.2470595D+00
   0.2571693D+00  0.2672511D+00  0.2777375D+00  0.2884995D+00  0.2992252D+00  0.3099915D+00  0.3215691D+00  0.3330989D+00
   0.3445790D+00  0.3567858D+00  0.3690521D+00  0.3812544D+00  0.3942869D+00  0.4073591D+00  0.4204842D+00  0.4344219D+00
   0.4482563D+00  0.4626412D+00  0.4773706D+00  0.4922377D+00  0.5078591D+00  0.5233820D+00  0.5399071D+00  0.5562798D+00
   0.5736819D+00  0.5910753D+00  0.6093133D+00  0.6278892D+00  0.6468780D+00  0.6667551D+00  0.6869731D+00  0.7076394D+00
   0.7292642D+00  0.7514383D+00  0.7741813D+00  0.7975217D+00  0.8214431D+00  0.8458649D+00  0.8706170D+00  0.8957506D+00
   0.9206615D+00  0.9449219D+00  0.9674305D+00  0.9864146D+00  0.9984977D+00  0.9964149D+00  0.9595818D+00  0.7980740D+00
   0.0000000D+00
 MESH VALUES FOR Z( 3),
   0.3141593D+01  0.3141505D+01  0.3141241D+01  0.3140802D+01  0.3140188D+01  0.3139398D+01  0.3138527D+01  0.3137548D+01
   0.3136433D+01  0.3135183D+01  0.3133798D+01  0.3132278D+01  0.3130374D+01  0.3128212D+01  0.3125860D+01  0.3123318D+01
   0.3120586D+01  0.3117600D+01  0.3114390D+01  0.3110980D+01  0.3107369D+01  0.3103559D+01  0.3099138D+01  0.3094392D+01
   0.3089395D+01  0.3084150D+01  0.3078496D+01  0.3072385D+01  0.3065995D+01  0.3059327D+01  0.3052147D+01  0.3044204D+01
   0.3035929D+01  0.3027323D+01  0.3017993D+01  0.3008012D+01  0.2997653D+01  0.2986836D+01  0.2974730D+01  0.2962182D+01
   0.2949193D+01  0.2934833D+01  0.2919824D+01  0.2904309D+01  0.2887084D+01  0.2869116D+01  0.2850367D+01  0.2829662D+01
   0.2808286D+01  0.2785165D+01  0.2760524D+01  0.2734633D+01  0.2706294D+01  0.2676945D+01  0.2644356D+01  0.2610648D+01
   0.2573210D+01  0.2534060D+01  0.2491062D+01  0.2445110D+01  0.2395758D+01  0.2341357D+01  0.2282942D+01  0.2219767D+01
   0.2149579D+01  0.2072833D+01  0.1988515D+01  0.1895292D+01  0.1791620D+01  0.1675717D+01  0.1545543D+01  0.1396617D+01
   0.1226358D+01  0.1028231D+01  0.7952523D+00  0.5160841D+00  0.1721365D+00 -0.2657825D+00 -0.8841382D+00 -0.1892996D+01
  -0.3141593D+01
 MESH VALUES FOR Z( 4),
   0.0000000D+00 -0.7378960D-01 -0.1475751D+00 -0.2213523D+00 -0.2951171D+00 -0.3688655D+00 -0.4359050D+00 -0.5006665D+00
  -0.5654065D+00 -0.6301221D+00 -0.6948104D+00 -0.7594688D+00 -0.8333529D+00 -0.9099595D+00 -0.9865108D+00 -0.1063002D+01
  -0.1139429D+01 -0.1217442D+01 -0.1295990D+01 -0.1374454D+01 -0.1452830D+01 -0.1531112D+01 -0.1617071D+01 -0.1704428D+01
  -0.1791648D+01 -0.1878723D+01 -0.1968117D+01 -0.2060208D+01 -0.2152112D+01 -0.2243820D+01 -0.2338333D+01 -0.2438379D+01
  -0.2538159D+01 -0.2637662D+01 -0.2741160D+01 -0.2847376D+01 -0.2953235D+01 -0.3059494D+01 -0.3173760D+01 -0.3287554D+01
  -0.3400858D+01 -0.3521335D+01 -0.3642398D+01 -0.3762831D+01 -0.3891456D+01 -0.4020473D+01 -0.4150012D+01 -0.4287572D+01
  -0.4424112D+01 -0.4566086D+01 -0.4711459D+01 -0.4858191D+01 -0.5012369D+01 -0.5165573D+01 -0.5328669D+01 -0.5490262D+01
  -0.5662013D+01 -0.5833679D+01 -0.6013681D+01 -0.6197018D+01 -0.6384430D+01 -0.6580609D+01 -0.6780152D+01 -0.6984121D+01
  -0.7197550D+01 -0.7416399D+01 -0.7640863D+01 -0.7871223D+01 -0.8107318D+01 -0.8348352D+01 -0.8592645D+01 -0.8840704D+01
  -0.9086564D+01 -0.9326005D+01 -0.9548157D+01 -0.9735522D+01 -0.9854778D+01 -0.9834221D+01 -0.9470693D+01 -0.7876674D+01
   0.3869250D-14
 MESH VALUES FOR Z( 5),
  -0.3100628D+02 -0.3100540D+02 -0.3100281D+02 -0.3099848D+02 -0.3099241D+02 -0.3098461D+02 -0.3097602D+02 -0.3096636D+02
  -0.3095536D+02 -0.3094302D+02 -0.3092935D+02 -0.3091434D+02 -0.3089555D+02 -0.3087421D+02 -0.3085100D+02 -0.3082591D+02
  -0.3079895D+02 -0.3076948D+02 -0.3073780D+02 -0.3070414D+02 -0.3066851D+02 -0.3063090D+02 -0.3058727D+02 -0.3054042D+02
  -0.3049111D+02 -0.3043934D+02 -0.3038354D+02 -0.3032323D+02 -0.3026016D+02 -0.3019434D+02 -0.3012348D+02 -0.3004509D+02
  -0.2996342D+02 -0.2987848D+02 -0.2978640D+02 -0.2968789D+02 -0.2958565D+02 -0.2947889D+02 -0.2935941D+02 -0.2923557D+02
  -0.2910737D+02 -0.2896564D+02 -0.2881750D+02 -0.2866438D+02 -0.2849438D+02 -0.2831704D+02 -0.2813199D+02 -0.2792765D+02
  -0.2771667D+02 -0.2748848D+02 -0.2724528D+02 -0.2698975D+02 -0.2671005D+02 -0.2642039D+02 -0.2609875D+02 -0.2576606D+02
  -0.2539657D+02 -0.2501017D+02 -0.2458579D+02 -0.2413227D+02 -0.2364519D+02 -0.2310826D+02 -0.2253173D+02 -0.2190822D+02
  -0.2121549D+02 -0.2045804D+02 -0.1962585D+02 -0.1870579D+02 -0.1768259D+02 -0.1653866D+02 -0.1525389D+02 -0.1378406D+02
  -0.1210367D+02 -0.1014823D+02 -0.7848825D+01 -0.5093546D+01 -0.1698919D+01  0.2623169D+01  0.8726094D+01  0.1868313D+02
   0.3100628D+02

 MESH SELECTION INFO,
 DEGREE OF EQUIDISTRIBUTION =  0.05514 PREDICTION FOR REQUIRED N =      40

 THE NEW MESH (OF   40 SUBINTERVALS), 
    0.000000    0.000283    0.000566    0.000848    0.001131    0.001414    0.001697    0.001980
    0.002263    0.002533    0.002796    0.003058    0.003321    0.003583    0.003846    0.004108
    0.004371    0.004633    0.004967    0.005367    0.005768    0.006168    0.006568    0.006969
    0.007486    0.008092    0.008697    0.009303    0.010107    0.011024    0.011960    0.013328
    0.014961    0.017307    0.022240    0.099613    0.264880    0.442999    0.652982    0.828783
    1.000000
 MESH VALUES FOR Z( 1),
   0.2000000D+01  0.1059117D+01  0.1003493D+01  0.1000203D+01  0.1000006D+01  0.9999909D+00  0.9999858D+00  0.9999807D+00
   0.9999747D+00  0.9999683D+00  0.9999614D+00  0.9999538D+00  0.9999456D+00  0.9999366D+00  0.9999270D+00  0.9999167D+00
   0.9999057D+00  0.9998941D+00  0.9998782D+00  0.9998578D+00  0.9998358D+00  0.9998123D+00  0.9997871D+00  0.9997604D+00
   0.9997234D+00  0.9996769D+00  0.9996268D+00  0.9995730D+00  0.9994959D+00  0.9994004D+00  0.9992942D+00  0.9991235D+00
   0.9988956D+00  0.9985223D+00  0.9975601D+00  0.9514311D+00  0.6732921D+00  0.1781187D+00 -0.4623181D+00 -0.8587900D+00
  -0.1000000D+01
 MESH VALUES FOR Z( 2),
   0.0000000D+00  0.8885088D-03  0.1777017D-02  0.2665524D-02  0.3554028D-02  0.4442530D-02  0.5331028D-02  0.6219522D-02
   0.7108011D-02  0.7959080D-02  0.8783636D-02  0.9608187D-02  0.1043273D-01  0.1125727D-01  0.1208180D-01  0.1290632D-01
   0.1373083D-01  0.1455533D-01  0.1560419D-01  0.1686153D-01  0.1811885D-01  0.1937613D-01  0.2063339D-01  0.2189062D-01
   0.2351682D-01  0.2541814D-01  0.2731938D-01  0.2922051D-01  0.3174789D-01  0.3462472D-01  0.3756411D-01  0.4185933D-01
   0.4698520D-01  0.5434336D-01  0.6981232D-01  0.3078617D+00  0.7393767D+00  0.9840090D+00  0.8867142D+00  0.5123278D+00
   0.0000000D+00
 MESH VALUES FOR Z( 3),
   0.3141593D+01  0.3141591D+01  0.3141588D+01  0.3141581D+01  0.3141573D+01  0.3141562D+01  0.3141548D+01  0.3141532D+01
   0.3141513D+01  0.3141493D+01  0.3141471D+01  0.3141448D+01  0.3141422D+01  0.3141394D+01  0.3141363D+01  0.3141331D+01
   0.3141296D+01  0.3141260D+01  0.3141210D+01  0.3141146D+01  0.3141077D+01  0.3141003D+01  0.3140924D+01  0.3140840D+01
   0.3140724D+01  0.3140578D+01  0.3140420D+01  0.3140251D+01  0.3140009D+01  0.3139709D+01  0.3139375D+01  0.3138839D+01
   0.3138123D+01  0.3136950D+01  0.3133928D+01  0.2989009D+01  0.2115209D+01  0.5595766D+00 -0.1452415D+01 -0.2697968D+01
  -0.3141593D+01
 MESH VALUES FOR Z( 4),
   0.0000000D+00 -0.8769230D-02 -0.1753845D-01 -0.2630766D-01 -0.3507685D-01 -0.4384601D-01 -0.5261514D-01 -0.6138422D-01
  -0.7015326D-01 -0.7855297D-01 -0.8669102D-01 -0.9482900D-01 -0.1029669D+00 -0.1111048D+00 -0.1192425D+00 -0.1273802D+00
  -0.1355178D+00 -0.1436554D+00 -0.1540071D+00 -0.1664166D+00 -0.1788258D+00 -0.1912348D+00 -0.2036434D+00 -0.2160517D+00
  -0.2321017D+00 -0.2508670D+00 -0.2696315D+00 -0.2883949D+00 -0.3133391D+00 -0.3417323D+00 -0.3707429D+00 -0.4131350D+00
  -0.4637253D+00 -0.5363475D+00 -0.6890200D+00 -0.3038473D+01 -0.7297356D+01 -0.9711780D+01 -0.8751518D+01 -0.5056472D+01
   0.0000000D+00
 MESH VALUES FOR Z( 5),
  -0.3100628D+02 -0.3100626D+02 -0.3100623D+02 -0.3100617D+02 -0.3100608D+02 -0.3100597D+02 -0.3100584D+02 -0.3100568D+02
  -0.3100549D+02 -0.3100529D+02 -0.3100508D+02 -0.3100485D+02 -0.3100459D+02 -0.3100431D+02 -0.3100401D+02 -0.3100369D+02
  -0.3100335D+02 -0.3100299D+02 -0.3100250D+02 -0.3100187D+02 -0.3100119D+02 -0.3100046D+02 -0.3099968D+02 -0.3099885D+02
  -0.3099770D+02 -0.3099626D+02 -0.3099470D+02 -0.3099304D+02 -0.3099065D+02 -0.3098768D+02 -0.3098439D+02 -0.3097910D+02
  -0.3097203D+02 -0.3096046D+02 -0.3093063D+02 -0.2950034D+02 -0.2087628D+02 -0.5522799D+01  0.1433476D+02  0.2662788D+02
   0.3100628D+02

 THE NEW MESH (OF   80 SUBINTERVALS), 
    0.000000    0.000141    0.000283    0.000424    0.000566    0.000707    0.000848    0.000990
    0.001131    0.001273    0.001414    0.001556    0.001697    0.001838    0.001980    0.002121
    0.002263    0.002398    0.002533    0.002665    0.002796    0.002927    0.003058    0.003190
    0.003321    0.003452    0.003583    0.003715    0.003846    0.003977    0.004108    0.004240
    0.004371    0.004502    0.004633    0.004800    0.004967    0.005167    0.005367    0.005568
    0.005768    0.005968    0.006168    0.006368    0.006568    0.006768    0.006969    0.007227
    0.007486    0.007789    0.008092    0.008394    0.008697    0.009000    0.009303    0.009705
    0.010107    0.010565    0.011024    0.011492    0.011960    0.012644    0.013328    0.014145
    0.014961    0.016134    0.017307    0.019773    0.022240    0.060927    0.099613    0.182247
    0.264880    0.353939    0.442999    0.547991    0.652982    0.740883    0.828783    0.914392
    1.000000
 MESH VALUES FOR Z( 1),
   0.2000000D+01  0.1243143D+01  0.1059118D+01  0.1014373D+01  0.1003493D+01  0.1000847D+01  0.1000203D+01  0.1000045D+01
   0.1000006D+01  0.9999950D+00  0.9999909D+00  0.9999882D+00  0.9999858D+00  0.9999833D+00  0.9999807D+00  0.9999778D+00
   0.9999747D+00  0.9999716D+00  0.9999683D+00  0.9999650D+00  0.9999614D+00  0.9999577D+00  0.9999538D+00  0.9999498D+00
   0.9999456D+00  0.9999412D+00  0.9999366D+00  0.9999319D+00  0.9999270D+00  0.9999219D+00  0.9999167D+00  0.9999113D+00
   0.9999057D+00  0.9999000D+00  0.9998941D+00  0.9998863D+00  0.9998782D+00  0.9998682D+00  0.9998578D+00  0.9998470D+00
   0.9998358D+00  0.9998243D+00  0.9998123D+00  0.9997999D+00  0.9997871D+00  0.9997739D+00  0.9997604D+00  0.9997422D+00
   0.9997234D+00  0.9997006D+00  0.9996769D+00  0.9996523D+00  0.9996268D+00  0.9996003D+00  0.9995730D+00  0.9995352D+00
   0.9994959D+00  0.9994492D+00  0.9994004D+00  0.9993484D+00  0.9992942D+00  0.9992112D+00  0.9991235D+00  0.9990128D+00
   0.9988956D+00  0.9987157D+00  0.9985223D+00  0.9980712D+00  0.9975601D+00  0.9817375D+00  0.9514311D+00  0.8405252D+00
   0.6732920D+00  0.4429292D+00  0.1781187D+00 -0.1501962D+00 -0.4623181D+00 -0.6865660D+00 -0.8587900D+00 -0.9640513D+00
  -0.1000000D+01
 MESH VALUES FOR Z( 2),
   0.0000000D+00  0.4442544D-03  0.8885088D-03  0.1332763D-02  0.1777017D-02  0.2221270D-02  0.2665524D-02  0.3109776D-02
   0.3554028D-02  0.3998279D-02  0.4442530D-02  0.4886780D-02  0.5331028D-02  0.5775276D-02  0.6219522D-02  0.6663768D-02
   0.7108011D-02  0.7533547D-02  0.7959080D-02  0.8371359D-02  0.8783636D-02  0.9195912D-02  0.9608187D-02  0.1002046D-01
   0.1043273D-01  0.1084500D-01  0.1125727D-01  0.1166953D-01  0.1208180D-01  0.1249406D-01  0.1290632D-01  0.1331857D-01
   0.1373083D-01  0.1414308D-01  0.1455533D-01  0.1507976D-01  0.1560419D-01  0.1623286D-01  0.1686153D-01  0.1749019D-01
   0.1811885D-01  0.1874749D-01  0.1937613D-01  0.2000477D-01  0.2063339D-01  0.2126201D-01  0.2189062D-01  0.2270373D-01
   0.2351682D-01  0.2446749D-01  0.2541814D-01  0.2636877D-01  0.2731938D-01  0.2826996D-01  0.2922051D-01  0.3048423D-01
   0.3174789D-01  0.3318634D-01  0.3462472D-01  0.3609446D-01  0.3756411D-01  0.3971181D-01  0.4185933D-01  0.4442241D-01
   0.4698520D-01  0.5066462D-01  0.5434336D-01  0.6207971D-01  0.6981232D-01  0.1902403D+00  0.3078617D+00  0.5417725D+00
   0.7393767D+00  0.8965566D+00  0.9840090D+00  0.9886562D+00  0.8867142D+00  0.7270674D+00  0.5123278D+00  0.2657160D+00
   0.0000000D+00
 MESH VALUES FOR Z( 3),
   0.3141593D+01  0.3141592D+01  0.3141591D+01  0.3141590D+01  0.3141588D+01  0.3141585D+01  0.3141581D+01  0.3141577D+01
   0.3141573D+01  0.3141568D+01  0.3141562D+01  0.3141555D+01  0.3141548D+01  0.3141540D+01  0.3141532D+01  0.3141523D+01
   0.3141513D+01  0.3141504D+01  0.3141493D+01  0.3141483D+01  0.3141471D+01  0.3141460D+01  0.3141448D+01  0.3141435D+01
   0.3141422D+01  0.3141408D+01  0.3141394D+01  0.3141379D+01  0.3141363D+01  0.3141347D+01  0.3141331D+01  0.3141314D+01
   0.3141296D+01  0.3141278D+01  0.3141260D+01  0.3141235D+01  0.3141210D+01  0.3141179D+01  0.3141146D+01  0.3141112D+01
   0.3141077D+01  0.3141041D+01  0.3141003D+01  0.3140964D+01  0.3140924D+01  0.3140882D+01  0.3140840D+01  0.3140783D+01
   0.3140724D+01  0.3140652D+01  0.3140578D+01  0.3140500D+01  0.3140420D+01  0.3140337D+01  0.3140251D+01  0.3140133D+01
   0.3140009D+01  0.3139862D+01  0.3139709D+01  0.3139546D+01  0.3139375D+01  0.3139114D+01  0.3138839D+01  0.3138491D+01
   0.3138123D+01  0.3137558D+01  0.3136950D+01  0.3135533D+01  0.3133928D+01  0.3084219D+01  0.2989009D+01  0.2640588D+01
   0.2115209D+01  0.1391503D+01  0.5595766D+00 -0.4718552D+00 -0.1452415D+01 -0.2156911D+01 -0.2697968D+01 -0.3028657D+01
  -0.3141593D+01
 MESH VALUES FOR Z( 4),
   0.0000000D+00 -0.4384616D-02 -0.8769230D-02 -0.1315384D-01 -0.1753845D-01 -0.2192306D-01 -0.2630766D-01 -0.3069226D-01
  -0.3507685D-01 -0.3946144D-01 -0.4384601D-01 -0.4823058D-01 -0.5261514D-01 -0.5699969D-01 -0.6138422D-01 -0.6576875D-01
  -0.7015326D-01 -0.7435312D-01 -0.7855297D-01 -0.8262200D-01 -0.8669102D-01 -0.9076002D-01 -0.9482900D-01 -0.9889797D-01
  -0.1029669D+00 -0.1070359D+00 -0.1111048D+00 -0.1151737D+00 -0.1192425D+00 -0.1233114D+00 -0.1273802D+00 -0.1314491D+00
  -0.1355178D+00 -0.1395866D+00 -0.1436554D+00 -0.1488313D+00 -0.1540071D+00 -0.1602119D+00 -0.1664166D+00 -0.1726213D+00
  -0.1788258D+00 -0.1850303D+00 -0.1912348D+00 -0.1974391D+00 -0.2036434D+00 -0.2098476D+00 -0.2160517D+00 -0.2240768D+00
  -0.2321017D+00 -0.2414845D+00 -0.2508670D+00 -0.2602494D+00 -0.2696315D+00 -0.2790133D+00 -0.2883949D+00 -0.3008673D+00
  -0.3133391D+00 -0.3275361D+00 -0.3417323D+00 -0.3562380D+00 -0.3707429D+00 -0.3919399D+00 -0.4131350D+00 -0.4384316D+00
  -0.4637253D+00 -0.5000398D+00 -0.5363475D+00 -0.6127021D+00 -0.6890200D+00 -0.1877597D+01 -0.3038473D+01 -0.5347080D+01
  -0.7297356D+01 -0.8848659D+01 -0.9711780D+01 -0.9757646D+01 -0.8751518D+01 -0.7175868D+01 -0.5056472D+01 -0.2622512D+01
   0.0000000D+00
 MESH VALUES FOR Z( 5),
  -0.3100628D+02 -0.3100627D+02 -0.3100626D+02 -0.3100625D+02 -0.3100623D+02 -0.3100620D+02 -0.3100617D+02 -0.3100613D+02
  -0.3100608D+02 -0.3100603D+02 -0.3100597D+02 -0.3100591D+02 -0.3100584D+02 -0.3100576D+02 -0.3100568D+02 -0.3100559D+02
  -0.3100549D+02 -0.3100540D+02 -0.3100529D+02 -0.3100519D+02 -0.3100508D+02 -0.3100497D+02 -0.3100485D+02 -0.3100472D+02
  -0.3100459D+02 -0.3100445D+02 -0.3100431D+02 -0.3100417D+02 -0.3100401D+02 -0.3100386D+02 -0.3100369D+02 -0.3100353D+02
  -0.3100335D+02 -0.3100318D+02 -0.3100299D+02 -0.3100275D+02 -0.3100250D+02 -0.3100219D+02 -0.3100187D+02 -0.3100153D+02
  -0.3100119D+02 -0.3100083D+02 -0.3100046D+02 -0.3100007D+02 -0.3099968D+02 -0.3099927D+02 -0.3099885D+02 -0.3099828D+02
  -0.3099770D+02 -0.3099699D+02 -0.3099626D+02 -0.3099550D+02 -0.3099470D+02 -0.3099388D+02 -0.3099304D+02 -0.3099187D+02
  -0.3099065D+02 -0.3098920D+02 -0.3098768D+02 -0.3098607D+02 -0.3098439D+02 -0.3098182D+02 -0.3097910D+02 -0.3097567D+02
  -0.3097203D+02 -0.3096646D+02 -0.3096046D+02 -0.3094647D+02 -0.3093063D+02 -0.3044003D+02 -0.2950034D+02 -0.2606156D+02
  -0.2087628D+02 -0.1373359D+02 -0.5522799D+01  0.4657024D+01  0.1433476D+02  0.2128786D+02  0.2662788D+02  0.2989164D+02
   0.3100628D+02

 THE ESTIMATED ERRORS ARE,
 U( 1) -  0.2471D-05
 U( 2) -  0.1167D-13  0.1287D-11  0.9153D-10  0.1176D-07

 MESH SELECTION INFO,
 DEGREE OF EQUIDISTRIBUTION =  0.10786 PREDICTION FOR REQUIRED N =      19

 THE NEW MESH (OF   40 SUBINTERVALS), 
    0.000000    0.000032    0.000064    0.000096    0.000128    0.000159    0.000190    0.000220
    0.000251    0.000281    0.000319    0.000357    0.000395    0.000435    0.000483    0.000531
    0.000583    0.000644    0.000705    0.000781    0.000860    0.000957    0.001071    0.001211
    0.001392    0.001658    0.002139    0.004569    0.012404    0.073490    0.151305    0.228429
    0.307694    0.389054    0.477473    0.583009    0.678846    0.759376    0.843611    0.917841
    1.000000
 MESH VALUES FOR Z( 1),
   0.2000000D+01  0.1726009D+01  0.1527089D+01  0.1382671D+01  0.1277823D+01  0.1203492D+01  0.1149992D+01  0.1110557D+01
   0.1081490D+01  0.1060065D+01  0.1041211D+01  0.1028164D+01  0.1019248D+01  0.1012853D+01  0.1007952D+01  0.1004920D+01
   0.1002934D+01  0.1001598D+01  0.1000869D+01  0.1000404D+01  0.1000181D+01  0.1000065D+01  0.1000017D+01  0.9999982D+00
   0.9999913D+00  0.9999865D+00  0.9999774D+00  0.9998970D+00  0.9992408D+00  0.9734663D+00  0.8891383D+00  0.7533665D+00
   0.5680612D+00  0.3415331D+00  0.7071129D-01 -0.2578336D+00 -0.5327626D+00 -0.7276259D+00 -0.8817151D+00 -0.9668741D+00
  -0.1000000D+01
 MESH VALUES FOR Z( 2),
   0.0000000D+00  0.1005915D-03  0.2011831D-03  0.3017746D-03  0.4023662D-03  0.5001810D-03  0.5960145D-03  0.6918480D-03
   0.7876815D-03  0.8835150D-03  0.1001863D-02  0.1121448D-02  0.1241033D-02  0.1367893D-02  0.1518707D-02  0.1669522D-02
   0.1831800D-02  0.2022525D-02  0.2213250D-02  0.2452483D-02  0.2701369D-02  0.3006861D-02  0.3366190D-02  0.3805714D-02
   0.4374063D-02  0.5207357D-02  0.6719257D-02  0.1435253D-01  0.3895837D-01  0.2288302D+00  0.4576387D+00  0.6576009D+00
   0.8229863D+00  0.9398698D+00  0.9974968D+00  0.9661893D+00  0.8462647D+00  0.6859741D+00  0.4717823D+00  0.2552536D+00
   0.0000000D+00
 MESH VALUES FOR Z( 3),
   0.3141593D+01  0.3141593D+01  0.3141593D+01  0.3141593D+01  0.3141592D+01  0.3141592D+01  0.3141592D+01  0.3141592D+01
   0.3141592D+01  0.3141591D+01  0.3141591D+01  0.3141591D+01  0.3141590D+01  0.3141590D+01  0.3141589D+01  0.3141588D+01
   0.3141587D+01  0.3141586D+01  0.3141585D+01  0.3141583D+01  0.3141581D+01  0.3141578D+01  0.3141575D+01  0.3141570D+01
   0.3141563D+01  0.3141550D+01  0.3141522D+01  0.3141269D+01  0.3139208D+01  0.3058235D+01  0.2793310D+01  0.2366771D+01
   0.1784617D+01  0.1072958D+01  0.2221461D+00 -0.8100081D+00 -0.1673723D+01 -0.2285904D+01 -0.2769990D+01 -0.3037525D+01
  -0.3141593D+01
 MESH VALUES FOR Z( 4),
   0.0000000D+00 -0.9927988D-03 -0.1985598D-02 -0.2978396D-02 -0.3971195D-02 -0.4936589D-02 -0.5882428D-02 -0.6828266D-02
  -0.7774105D-02 -0.8719943D-02 -0.9887987D-02 -0.1106825D-01 -0.1224851D-01 -0.1350056D-01 -0.1498904D-01 -0.1647752D-01
  -0.1807915D-01 -0.1996153D-01 -0.2184391D-01 -0.2420503D-01 -0.2666144D-01 -0.2967653D-01 -0.3322296D-01 -0.3756090D-01
  -0.4317027D-01 -0.5139455D-01 -0.6631641D-01 -0.1416538D+00 -0.3845037D+00 -0.2258464D+01 -0.4516712D+01 -0.6490261D+01
  -0.8122549D+01 -0.9276143D+01 -0.9844899D+01 -0.9535907D+01 -0.8352298D+01 -0.6770293D+01 -0.4656305D+01 -0.2519252D+01
   0.0000000D+00
 MESH VALUES FOR Z( 5),
  -0.3100628D+02 -0.3100628D+02 -0.3100628D+02 -0.3100628D+02 -0.3100627D+02 -0.3100627D+02 -0.3100627D+02 -0.3100627D+02
  -0.3100627D+02 -0.3100626D+02 -0.3100626D+02 -0.3100626D+02 -0.3100625D+02 -0.3100625D+02 -0.3100624D+02 -0.3100623D+02
  -0.3100622D+02 -0.3100621D+02 -0.3100620D+02 -0.3100618D+02 -0.3100616D+02 -0.3100614D+02 -0.3100610D+02 -0.3100605D+02
  -0.3100598D+02 -0.3100586D+02 -0.3100558D+02 -0.3100308D+02 -0.3098274D+02 -0.3018357D+02 -0.2756887D+02 -0.2335909D+02
  -0.1761346D+02 -0.1058967D+02 -0.2192494D+01  0.7994460D+01  0.1651899D+02  0.2256097D+02  0.2733870D+02  0.2997917D+02
   0.3100628D+02

 THE NEW MESH (OF   80 SUBINTERVALS), 
    0.000000    0.000016    0.000032    0.000048    0.000064    0.000080    0.000096    0.000112
    0.000128    0.000144    0.000159    0.000174    0.000190    0.000205    0.000220    0.000235
    0.000251    0.000266    0.000281    0.000300    0.000319    0.000338    0.000357    0.000376
    0.000395    0.000415    0.000435    0.000459    0.000483    0.000507    0.000531    0.000557
    0.000583    0.000613    0.000644    0.000674    0.000705    0.000743    0.000781    0.000820
    0.000860    0.000908    0.000957    0.001014    0.001071    0.001141    0.001211    0.001302
    0.001392    0.001525    0.001658    0.001898    0.002139    0.003354    0.004569    0.008486
    0.012404    0.042947    0.073490    0.112397    0.151305    0.189867    0.228429    0.268061
    0.307694    0.348374    0.389054    0.433263    0.477473    0.530241    0.583009    0.630927
    0.678846    0.719111    0.759376    0.801494    0.843611    0.880726    0.917841    0.958921
    1.000000
 MESH VALUES FOR Z( 1),
   0.2000000D+01  0.1852062D+01  0.1726009D+01  0.1618604D+01  0.1527089D+01  0.1449112D+01  0.1382671D+01  0.1326060D+01
   0.1277823D+01  0.1237771D+01  0.1203492D+01  0.1174706D+01  0.1149992D+01  0.1128774D+01  0.1110557D+01  0.1094917D+01
   0.1081490D+01  0.1069962D+01  0.1060065D+01  0.1049753D+01  0.1041211D+01  0.1034069D+01  0.1028164D+01  0.1023283D+01
   0.1019248D+01  0.1015728D+01  0.1012853D+01  0.1010110D+01  0.1007952D+01  0.1006255D+01  0.1004920D+01  0.1003799D+01
   0.1002934D+01  0.1002165D+01  0.1001598D+01  0.1001179D+01  0.1000869D+01  0.1000593D+01  0.1000404D+01  0.1000271D+01
   0.1000181D+01  0.1000109D+01  0.1000065D+01  0.1000034D+01  0.1000017D+01  0.1000005D+01  0.9999982D+00  0.9999939D+00
   0.9999913D+00  0.9999888D+00  0.9999865D+00  0.9999822D+00  0.9999774D+00  0.9999445D+00  0.9998970D+00  0.9996446D+00
   0.9992408D+00  0.9909118D+00  0.9734663D+00  0.9383029D+00  0.8891383D+00  0.8273160D+00  0.7533665D+00  0.6658685D+00
   0.5680612D+00  0.4585367D+00  0.3415331D+00  0.2081263D+00  0.7071129D-01 -0.9486163D-01 -0.2578336D+00 -0.3998201D+00
  -0.5327626D+00 -0.6352701D+00 -0.7276259D+00 -0.8117661D+00 -0.8817151D+00 -0.9306136D+00 -0.9668741D+00 -0.9916840D+00
  -0.1000000D+01
 MESH VALUES FOR Z( 2),
   0.0000000D+00  0.5029577D-04  0.1005915D-03  0.1508873D-03  0.2011831D-03  0.2514789D-03  0.3017746D-03  0.3520704D-03
   0.4023662D-03  0.4512736D-03  0.5001810D-03  0.5480978D-03  0.5960145D-03  0.6439313D-03  0.6918480D-03  0.7397648D-03
   0.7876815D-03  0.8355983D-03  0.8835150D-03  0.9426888D-03  0.1001863D-02  0.1061655D-02  0.1121448D-02  0.1181240D-02
   0.1241033D-02  0.1304463D-02  0.1367893D-02  0.1443300D-02  0.1518707D-02  0.1594115D-02  0.1669522D-02  0.1750661D-02
   0.1831800D-02  0.1927163D-02  0.2022525D-02  0.2117888D-02  0.2213250D-02  0.2332866D-02  0.2452483D-02  0.2576926D-02
   0.2701369D-02  0.2854115D-02  0.3006861D-02  0.3186526D-02  0.3366190D-02  0.3585952D-02  0.3805714D-02  0.4089889D-02
   0.4374063D-02  0.4790710D-02  0.5207357D-02  0.5963309D-02  0.6719257D-02  0.1053597D-01  0.1435253D-01  0.2665747D-01
   0.3895837D-01  0.1345131D+00  0.2288302D+00  0.3458145D+00  0.4576387D+00  0.5617369D+00  0.6576009D+00  0.7460691D+00
   0.8229863D+00  0.8886755D+00  0.9398698D+00  0.9781020D+00  0.9974968D+00  0.9954905D+00  0.9661893D+00  0.9165937D+00
   0.8462647D+00  0.7722900D+00  0.6859741D+00  0.5839827D+00  0.4717823D+00  0.3660031D+00  0.2552536D+00  0.1286970D+00
   0.0000000D+00
 MESH VALUES FOR Z( 3),
   0.3141593D+01  0.3141593D+01  0.3141593D+01  0.3141593D+01  0.3141593D+01  0.3141593D+01  0.3141593D+01  0.3141592D+01
   0.3141592D+01  0.3141592D+01  0.3141592D+01  0.3141592D+01  0.3141592D+01  0.3141592D+01  0.3141592D+01  0.3141592D+01
   0.3141592D+01  0.3141592D+01  0.3141591D+01  0.3141591D+01  0.3141591D+01  0.3141591D+01  0.3141591D+01  0.3141590D+01
   0.3141590D+01  0.3141590D+01  0.3141590D+01  0.3141589D+01  0.3141589D+01  0.3141589D+01  0.3141588D+01  0.3141588D+01
   0.3141587D+01  0.3141587D+01  0.3141586D+01  0.3141586D+01  0.3141585D+01  0.3141584D+01  0.3141583D+01  0.3141582D+01
   0.3141581D+01  0.3141580D+01  0.3141578D+01  0.3141577D+01  0.3141575D+01  0.3141572D+01  0.3141570D+01  0.3141566D+01
   0.3141563D+01  0.3141557D+01  0.3141550D+01  0.3141537D+01  0.3141522D+01  0.3141418D+01  0.3141269D+01  0.3140476D+01
   0.3139208D+01  0.3113041D+01  0.3058235D+01  0.2947765D+01  0.2793310D+01  0.2599090D+01  0.2366771D+01  0.2091888D+01
   0.1784617D+01  0.1440535D+01  0.1072958D+01  0.6538482D+00  0.2221461D+00 -0.2980166D+00 -0.8100081D+00 -0.1256072D+01
  -0.1673723D+01 -0.1995760D+01 -0.2285904D+01 -0.2550238D+01 -0.2769990D+01 -0.2923609D+01 -0.3037525D+01 -0.3115467D+01
  -0.3141593D+01
 MESH VALUES FOR Z( 4),
   0.0000000D+00 -0.4963994D-03 -0.9927988D-03 -0.1489198D-02 -0.1985598D-02 -0.2481997D-02 -0.2978396D-02 -0.3474796D-02
  -0.3971195D-02 -0.4453892D-02 -0.4936589D-02 -0.5409508D-02 -0.5882428D-02 -0.6355347D-02 -0.6828266D-02 -0.7301186D-02
  -0.7774105D-02 -0.8247024D-02 -0.8719943D-02 -0.9303965D-02 -0.9887987D-02 -0.1047812D-01 -0.1106825D-01 -0.1165838D-01
  -0.1224851D-01 -0.1287453D-01 -0.1350056D-01 -0.1424480D-01 -0.1498904D-01 -0.1573328D-01 -0.1647752D-01 -0.1727833D-01
  -0.1807915D-01 -0.1902034D-01 -0.1996153D-01 -0.2090272D-01 -0.2184391D-01 -0.2302447D-01 -0.2420503D-01 -0.2543324D-01
  -0.2666144D-01 -0.2816899D-01 -0.2967653D-01 -0.3144975D-01 -0.3322296D-01 -0.3539193D-01 -0.3756090D-01 -0.4036558D-01
  -0.4317027D-01 -0.4728241D-01 -0.5139455D-01 -0.5885550D-01 -0.6631641D-01 -0.1039859D+00 -0.1416538D+00 -0.2630987D+00
  -0.3845037D+00 -0.1327591D+01 -0.2258464D+01 -0.3413053D+01 -0.4516712D+01 -0.5544121D+01 -0.6490261D+01 -0.7363407D+01
  -0.8122549D+01 -0.8770875D+01 -0.9276143D+01 -0.9653479D+01 -0.9844899D+01 -0.9825097D+01 -0.9535907D+01 -0.9046417D+01
  -0.8352298D+01 -0.7622197D+01 -0.6770293D+01 -0.5763679D+01 -0.4656305D+01 -0.3612306D+01 -0.2519252D+01 -0.1270189D+01
   0.0000000D+00
 MESH VALUES FOR Z( 5),
  -0.3100628D+02 -0.3100628D+02 -0.3100628D+02 -0.3100628D+02 -0.3100628D+02 -0.3100628D+02 -0.3100628D+02 -0.3100627D+02
  -0.3100627D+02 -0.3100627D+02 -0.3100627D+02 -0.3100627D+02 -0.3100627D+02 -0.3100627D+02 -0.3100627D+02 -0.3100627D+02
  -0.3100627D+02 -0.3100627D+02 -0.3100626D+02 -0.3100626D+02 -0.3100626D+02 -0.3100626D+02 -0.3100626D+02 -0.3100626D+02
  -0.3100625D+02 -0.3100625D+02 -0.3100625D+02 -0.3100624D+02 -0.3100624D+02 -0.3100624D+02 -0.3100623D+02 -0.3100623D+02
  -0.3100622D+02 -0.3100622D+02 -0.3100621D+02 -0.3100621D+02 -0.3100620D+02 -0.3100619D+02 -0.3100618D+02 -0.3100617D+02
  -0.3100616D+02 -0.3100615D+02 -0.3100614D+02 -0.3100612D+02 -0.3100610D+02 -0.3100608D+02 -0.3100605D+02 -0.3100602D+02
  -0.3100598D+02 -0.3100592D+02 -0.3100586D+02 -0.3100573D+02 -0.3100558D+02 -0.3100456D+02 -0.3100308D+02 -0.3099526D+02
  -0.3098274D+02 -0.3072449D+02 -0.3018357D+02 -0.2909328D+02 -0.2756887D+02 -0.2565199D+02 -0.2335909D+02 -0.2064610D+02
  -0.1761346D+02 -0.1421752D+02 -0.1058967D+02 -0.6453223D+01 -0.2192494D+01  0.2941306D+01  0.7994460D+01  0.1239693D+02
   0.1651899D+02  0.1969736D+02  0.2256097D+02  0.2516984D+02  0.2733870D+02  0.2885486D+02  0.2997917D+02  0.3074843D+02
   0.3100628D+02

 THE ESTIMATED ERRORS ARE,
 U( 1) -  0.1648D-10
 U( 2) -  0.2725D-16  0.4001D-14  0.6731D-12  0.1547D-09
  0.0000   2.000       0.000       3.142       0.000      -31.01       0.000    
  0.1000  0.9511      0.3090       2.988      -3.050      -29.49       0.000    
  0.2000  0.8090      0.5878       2.542      -5.801      -25.08       0.000    
  0.3000  0.5878      0.8090       1.847      -7.985      -18.23       0.000    
  0.4000  0.3090      0.9511      0.9708      -9.387      -9.581       0.000    
  0.5000 -0.8115E-12   1.000     -0.5829E-15  -9.870     -0.5900E-11   0.000    
  0.6000 -0.3090      0.9511     -0.9708      -9.387       9.581       0.000    
  0.7000 -0.5878      0.8090      -1.847      -7.985       18.23       0.000    
  0.8000 -0.8090      0.5878      -2.542      -5.801       25.08       0.000    
  0.9000 -0.9511      0.3090      -2.988      -3.050       29.49       0.000    
  1.0000  -1.000     -0.1166E-14  -3.142     -0.2220E-15   31.01       0.000    
 
COLNEW_PRB:
  Normal end of execution.
 
11 March     2013   9:01:14.914 AM      
