   0.00000      0.500000      0.481806    
  0.185113E-04  0.495698      0.486304    
  0.294534E-03  0.482841      0.500441    
  0.147692E-02  0.461598      0.526260    
  0.460350E-02  0.432307      0.567433    
  0.110312E-01  0.395552      0.629210    
  0.223311E-01  0.352242      0.717059    
  0.401474E-01  0.303695      0.832247    
  0.660230E-01  0.251678      0.963381    
  0.101204      0.198401       1.07808    
  0.146447      0.146447       1.12751    
  0.201843      0.986240E-01   1.07420    
  0.266718      0.577564E-01  0.926017    
  0.339594      0.264286E-01  0.736260    
  0.418272      0.672470E-02  0.563116    
  0.500000       0.00000      0.434914    
  0.581728      0.672470E-02  0.352914    
  0.660406      0.264286E-01  0.310959    
  0.733282      0.577564E-01  0.303626    
  0.798157      0.986240E-01  0.321482    
  0.853553      0.146447      0.347383    
  0.898796      0.198401      0.362307    
  0.933977      0.251678      0.355516    
  0.959853      0.303695      0.328561    
  0.977669      0.352242      0.290672    
  0.988969      0.395552      0.251665    
  0.995397      0.432307      0.217926    
  0.998523      0.461598      0.192095    
  0.999705      0.482841      0.174443    
  0.999981      0.495698      0.164313    
   1.00000      0.500000      0.161026    
  0.664112E-03  0.498925      0.483165    
  0.756328E-03  0.490344      0.492341    
  0.137803E-02  0.473286      0.512014    
  0.337815E-02  0.447998      0.545020    
  0.796330E-02  0.414927      0.595882    
  0.166109E-01  0.374810      0.670277    
  0.309464E-01  0.328751      0.772380    
  0.525846E-01  0.278286      0.898349    
  0.829433E-01  0.225407       1.02687    
  0.123045      0.172521       1.11530    
  0.173333      0.122341       1.11575    
  0.233524      0.777113E-01   1.01041    
  0.302540      0.413640E-01  0.833028    
  0.378531      0.156626E-01  0.645487    
  0.458996      0.234935E-02  0.493201    
  0.541004      0.234935E-02  0.388757    
  0.621469      0.156626E-01  0.327597    
  0.697460      0.413640E-01  0.303943    
  0.766476      0.777113E-01  0.311171    
  0.826667      0.122341      0.335824    
  0.876955      0.172521      0.358498    
  0.917057      0.225407      0.363202    
  0.947415      0.278286      0.345466    
  0.969054      0.328751      0.311622    
  0.983389      0.374810      0.271994    
  0.992037      0.414927      0.234952    
  0.996622      0.447998      0.204910    
  0.998622      0.473286      0.183133    
  0.999244      0.490344      0.169283    
  0.999336      0.498925      0.162610    
  0.265006E-02  0.500000      0.482776    
  0.266848E-02  0.495720      0.487316    
  0.294304E-02  0.482931      0.501587    
  0.411915E-02  0.461801      0.527649    
  0.722916E-02  0.432666      0.569201    
  0.136228E-01  0.396105      0.631517    
  0.248628E-01  0.353025      0.720061    
  0.425846E-01  0.304736      0.836031    
  0.683231E-01  0.252994      0.967889    
  0.103318      0.199999       1.08306    
  0.148320      0.148320       1.13256    
  0.203424      0.100751       1.07882    
  0.267954      0.601004E-01  0.929743    
  0.340444      0.289386E-01  0.738801    
  0.418705      0.933912E-02  0.564584    
  0.500000      0.265006E-02  0.435831    
  0.581295      0.933912E-02  0.353962    
  0.659556      0.289386E-01  0.312725    
  0.732046      0.601004E-01  0.306468    
  0.796576      0.100751      0.325476    
  0.851680      0.148320      0.352329    
  0.896682      0.199999      0.367821    
  0.931677      0.252994      0.361168    
  0.957415      0.304736      0.333995    
  0.975137      0.353025      0.295669    
  0.986377      0.396105      0.256146    
  0.992771      0.432666      0.221918    
  0.995881      0.461801      0.195682    
  0.997057      0.482931      0.177739    
  0.997332      0.495720      0.167435    
  0.997350      0.500000      0.164089    
  0.595720E-02  0.498936      0.485134    
  0.604844E-02  0.490446      0.494482    
  0.666355E-02  0.473570      0.514524    
  0.864247E-02  0.448549      0.548142    
  0.131790E-01  0.415829      0.599912    
  0.217350E-01  0.376137      0.675534    
  0.359185E-01  0.330566      0.779114    
  0.573273E-01  0.280637      0.906596    
  0.873642E-01  0.228318       1.03632    
  0.127041      0.175992       1.12529    
  0.176796      0.126345       1.12540    
  0.236348      0.821876E-01   1.01876    
  0.304633      0.462257E-01  0.839283    
  0.379818      0.207967E-01  0.649421    
  0.459431      0.762457E-02  0.495458    
  0.540569      0.762457E-02  0.390595    
  0.620182      0.207967E-01  0.330332    
  0.695367      0.462257E-01  0.308537    
  0.763652      0.821876E-01  0.318061    
  0.823204      0.126345      0.344870    
  0.872959      0.175992      0.369086    
  0.912636      0.228318      0.374486    
  0.942673      0.280637      0.356641    
  0.964082      0.330566      0.322111    
  0.978265      0.376137      0.281506    
  0.986821      0.415829      0.243444    
  0.991358      0.448549      0.212502    
  0.993336      0.473570      0.190028    
  0.993952      0.490446      0.175712    
  0.994043      0.498936      0.168808    
  0.105722E-01  0.500000      0.485715    
  0.105903E-01  0.495789      0.490381    
  0.108605E-01  0.483203      0.505049    
  0.120178E-01  0.462410      0.531832    
  0.150783E-01  0.433739      0.574502    
  0.213701E-01  0.397760      0.638393    
  0.324311E-01  0.355366      0.728938    
  0.498706E-01  0.307846      0.847124    
  0.751991E-01  0.256928      0.980980    
  0.109637      0.204778       1.09741    
  0.153922      0.153922       1.14705    
  0.208148      0.107111       1.09215    
  0.271650      0.671074E-01  0.940615    
  0.342986      0.364419E-01  0.746366    
  0.420000      0.171547E-01  0.569093    
  0.500000      0.105722E-01  0.438743    
  0.580000      0.171547E-01  0.357276    
  0.657014      0.364419E-01  0.318190    
  0.728350      0.671074E-01  0.315150    
  0.791852      0.107111      0.337581    
  0.846078      0.153922      0.367251    
  0.890363      0.204778      0.384418    
  0.924801      0.256928      0.378171    
  0.950129      0.307846      0.350361    
  0.967569      0.355366      0.310754    
  0.978630      0.397760      0.269712    
  0.984922      0.433739      0.234034    
  0.987982      0.462410      0.206599    
  0.989140      0.483203      0.187785    
  0.989410      0.495789      0.176961    
  0.989428      0.500000      0.173443    
  0.164873E-01  0.498959      0.489120    
  0.165766E-01  0.490650      0.498808    
  0.171786E-01  0.474133      0.519578    
  0.191153E-01  0.449646      0.554392    
  0.235551E-01  0.417623      0.607911    
  0.319287E-01  0.378777      0.685856    
  0.458099E-01  0.334178      0.792169    
  0.667624E-01  0.285312      0.922356    
  0.961592E-01  0.234109       1.05412    
  0.134991      0.182898       1.14394    
  0.183684      0.134309       1.14341    
  0.241968      0.910929E-01   1.03454    
  0.308797      0.558975E-01  0.851399    
  0.382380      0.310105E-01  0.657336    
  0.460296      0.181191E-01  0.500246    
  0.539704      0.181191E-01  0.394611    
  0.617620      0.310105E-01  0.336138    
  0.691203      0.558975E-01  0.318044    
  0.758032      0.910929E-01  0.332108    
  0.816316      0.134309      0.363143    
  0.865009      0.182898      0.390356    
  0.903841      0.234109      0.397104    
  0.933238      0.285312      0.379058    
  0.954190      0.334178      0.343210    
  0.968071      0.378777      0.300717    
  0.976445      0.417623      0.260668    
  0.980885      0.449646      0.227961    
  0.982821      0.474133      0.204113    
  0.983423      0.490650      0.188875    
  0.983513      0.498959      0.181512    
  0.236823E-01  0.500000      0.490676    
  0.236999E-01  0.495901      0.495550    
  0.239629E-01  0.483653      0.510866    
  0.250893E-01  0.463417      0.538814    
  0.280678E-01  0.435514      0.583264    
  0.341910E-01  0.400499      0.649607    
  0.449557E-01  0.359241      0.743175    
  0.619281E-01  0.312993      0.864571    
  0.865781E-01  0.263439       1.00115    
  0.120093      0.212686       1.11915    
  0.163193      0.163193       1.16882    
  0.215966      0.117635       1.11234    
  0.277767      0.787031E-01  0.957516    
  0.347191      0.488591E-01  0.758640    
  0.422143      0.300885E-01  0.576876    
  0.500000      0.236823E-01  0.444116    
  0.577857      0.300885E-01  0.363363    
  0.652809      0.488591E-01  0.327839    
  0.722233      0.787031E-01  0.330083    
  0.784034      0.117635      0.358077    
  0.836807      0.163193      0.392266    
  0.879907      0.212686      0.412094    
  0.913422      0.263439      0.406501    
  0.938072      0.312993      0.377699    
  0.955044      0.359241      0.336074    
  0.965809      0.400499      0.292614    
  0.971932      0.435514      0.254606    
  0.974911      0.463417      0.225227    
  0.976037      0.483653      0.204992    
  0.976300      0.495901      0.193314    
  0.976318      0.500000      0.189512    
  0.321427E-01  0.498993      0.495159    
  0.322291E-01  0.490953      0.505343    
  0.328116E-01  0.474970      0.527159    
  0.346856E-01  0.451276      0.563665    
  0.389817E-01  0.420290      0.619601    
  0.470842E-01  0.382702      0.700642    
  0.605159E-01  0.339547      0.810417    
  0.807900E-01  0.292263      0.943785    
  0.109235      0.242718       1.07768    
  0.146809      0.193165       1.16813    
  0.193926      0.146149       1.16674    
  0.250322      0.104333       1.05548    
  0.314988      0.702768E-01  0.868241    
  0.386188      0.461957E-01  0.669104    
  0.461581      0.337217E-01  0.508015    
  0.538419      0.337217E-01  0.401447    
  0.613812      0.461957E-01  0.345666    
  0.685012      0.702768E-01  0.333022    
  0.749678      0.104333      0.353687    
  0.806074      0.146149      0.390763    
  0.853191      0.193165      0.422194    
  0.890765      0.242718      0.430829    
  0.919210      0.292263      0.412522    
  0.939484      0.339547      0.374865    
  0.952916      0.382702      0.329742    
  0.961018      0.420290      0.286889    
  0.965314      0.451276      0.251661    
  0.967188      0.474970      0.225829    
  0.967771      0.490953      0.209249    
  0.967857      0.498993      0.201216    
  0.418415E-01  0.500000      0.497647    
  0.418585E-01  0.496058      0.502796    
  0.421114E-01  0.484276      0.518969    
  0.431949E-01  0.464811      0.548430    
  0.460598E-01  0.437972      0.595130    
  0.519496E-01  0.404292      0.664452    
  0.623039E-01  0.364607      0.761485    
  0.786293E-01  0.320123      0.886238    
  0.102339      0.272458       1.02526    
  0.134577      0.223639       1.14423    
  0.176033      0.176033       1.19351    
  0.226794      0.132212       1.13558    
  0.286239      0.947648E-01  0.977949    
  0.353017      0.660585E-01  0.774627    
  0.425111      0.480035E-01  0.588050    
  0.500000      0.418415E-01  0.452607    
  0.574889      0.480035E-01  0.373016    
  0.646983      0.660585E-01  0.342383    
  0.713761      0.947648E-01  0.351746    
  0.773206      0.132212      0.387080    
  0.823967      0.176033      0.427097    
  0.865423      0.223639      0.450305    
  0.897661      0.272458      0.445554    
  0.921371      0.320123      0.415540    
  0.937696      0.364607      0.371394    
  0.948050      0.404292      0.324862    
  0.953940      0.437972      0.283842    
  0.956805      0.464811      0.251910    
  0.957889      0.484276      0.229789    
  0.958141      0.496058      0.216968    
  0.958158      0.500000      0.212785    
  0.527575E-01  0.499037      0.503130    
  0.528401E-01  0.491351      0.513922    
  0.533969E-01  0.476073      0.537000    
  0.551884E-01  0.453423      0.575492    
  0.592952E-01  0.423802      0.634140    
  0.670406E-01  0.387871      0.718430    
  0.798806E-01  0.346617      0.831461    
  0.992613E-01  0.301417      0.967271    
  0.126453      0.254054       1.10213    
  0.162371      0.206685       1.19220    
  0.207413      0.161741       1.18985    
  0.261324      0.121767       1.07722    
  0.323140      0.892114E-01  0.887306    
  0.391203      0.661913E-01  0.683981    
  0.463274      0.542669E-01  0.519145    
  0.536726      0.542669E-01  0.411943    
  0.608797      0.661913E-01  0.359772    
  0.676860      0.892114E-01  0.354068    
  0.738676      0.121767      0.382921    
  0.792587      0.161741      0.427272    
  0.837629      0.206685      0.463646    
  0.873547      0.254054      0.474472    
  0.900739      0.301417      0.455908    
  0.920119      0.346617      0.416218    
  0.932959      0.387871      0.368069    
  0.940705      0.423802      0.321918    
  0.944812      0.453423      0.283661    
  0.946603      0.476073      0.255402    
  0.947160      0.491351      0.237162    
  0.947243      0.499037      0.228291    
  0.648574E-01  0.500000      0.506342    
  0.648735E-01  0.496256      0.511805    
  0.651137E-01  0.485066      0.528938    
  0.661427E-01  0.466579      0.560048    
  0.688637E-01  0.441088      0.609085    
  0.744576E-01  0.409100      0.681269    
  0.842918E-01  0.371408      0.781215    
  0.997970E-01  0.329159      0.908122    
  0.122316      0.283889       1.04776    
  0.152934      0.237523       1.16581    
  0.192308      0.192308       1.21383    
  0.240519      0.150688       1.15537    
  0.296978      0.115122      0.997293    
  0.360401      0.878578E-01  0.792013    
  0.428873      0.707098E-01  0.602191    
  0.500000      0.648574E-01  0.464841    
  0.571127      0.707098E-01  0.387162    
  0.639599      0.878578E-01  0.362543    
  0.703022      0.115122      0.380297    
  0.759481      0.150688      0.423962    
  0.807692      0.192308      0.470338    
  0.847066      0.237523      0.497131    
  0.877684      0.283889      0.493296    
  0.900203      0.329159      0.462088    
  0.915708      0.371408      0.415347    
  0.925542      0.409100      0.365554    
  0.931136      0.441088      0.321241    
  0.933857      0.466579      0.286449    
  0.934886      0.485066      0.262170    
  0.935127      0.496256      0.248025    
  0.935143      0.500000      0.243397    
  0.781132E-01  0.499092      0.512487    
  0.781911E-01  0.491842      0.523905    
  0.787164E-01  0.477430      0.548250    
  0.804063E-01  0.456064      0.588629    
  0.842803E-01  0.428122      0.649633    
  0.915866E-01  0.394228      0.736310    
  0.103699      0.355312      0.850967    
  0.121981      0.312675      0.986748    
  0.147631      0.267998       1.11972    
  0.181513      0.223314       1.20733    
  0.224000      0.180918       1.20407    
  0.274855      0.143210       1.09266    
  0.333167      0.112500      0.904020    
  0.397371      0.907854E-01  0.700000    
  0.465356      0.795370E-01  0.533542    
  0.534644      0.795370E-01  0.426871    
  0.602629      0.907854E-01  0.379254    
  0.666833      0.112500      0.381407    
  0.725145      0.143210      0.419062    
  0.776000      0.180918      0.470822    
  0.818487      0.223314      0.511987    
  0.852369      0.267998      0.524893    
  0.878019      0.312675      0.506169    
  0.896301      0.355312      0.464675    
  0.908413      0.394228      0.413706    
  0.915720      0.428122      0.364343    
  0.919594      0.456064      0.323023    
  0.921284      0.477430      0.292237    
  0.921809      0.491842      0.272228    
  0.921887      0.499092      0.262454    
  0.924858E-01  0.500000      0.515879    
  0.925009E-01  0.496493      0.521631    
  0.927259E-01  0.486015      0.539630    
  0.936896E-01  0.468701      0.572140    
  0.962378E-01  0.444829      0.622954    
  0.101477      0.414872      0.696878    
  0.110686      0.379573      0.797752    
  0.125207      0.340006      0.923791    
  0.146296      0.297610       1.06027    
  0.174970      0.254188       1.17399    
  0.211844      0.211844       1.21931    
  0.256994      0.172867       1.16214    
  0.309868      0.139559       1.00830    
  0.369264      0.114026      0.806554    
  0.433389      0.979667E-01  0.617761    
  0.500000      0.924858E-01  0.480980    
  0.566611      0.979667E-01  0.406498    
  0.630736      0.114026      0.388600    
  0.690132      0.139559      0.414933    
  0.743006      0.172867      0.466512    
  0.788156      0.211844      0.518477    
  0.825030      0.254188      0.548235    
  0.853704      0.297610      0.545203    
  0.874793      0.340006      0.513176    
  0.889314      0.379573      0.464445    
  0.898523      0.414872      0.411959    
  0.903762      0.444829      0.364757    
  0.906310      0.468701      0.327325    
  0.907274      0.486015      0.300985    
  0.907499      0.496493      0.285543    
  0.907514      0.500000      0.280475    
  0.107941      0.499156      0.521877    
  0.108013      0.492418      0.533776    
  0.108502      0.479026      0.559032    
  0.110072      0.459170      0.600582    
  0.113672      0.433204      0.662618    
  0.120462      0.401706      0.749432    
  0.131717      0.365542      0.862285    
  0.148707      0.325919      0.993541    
  0.172543      0.284400       1.11995    
  0.204030      0.242876       1.20193    
  0.243514      0.203477       1.19798    
  0.290773      0.168435       1.09201    
  0.344962      0.139897      0.911441    
  0.404627      0.119717      0.713438    
  0.467805      0.109264      0.550074    
  0.532195      0.109264      0.446430    
  0.595373      0.119717      0.404322    
  0.655038      0.139897      0.414220    
  0.709227      0.168435      0.459653    
  0.756486      0.203477      0.517235    
  0.795970      0.242876      0.561728    
  0.827457      0.284400      0.576007    
  0.851293      0.325919      0.557338    
  0.868283      0.365542      0.514906    
  0.879538      0.401706      0.462200    
  0.886328      0.433204      0.410599    
  0.889928      0.459170      0.366936    
  0.891498      0.479026      0.334083    
  0.891987      0.492418      0.312562    
  0.892059      0.499156      0.301996    
  0.124434      0.500000      0.524375    
  0.124448      0.496768      0.530296    
  0.124655      0.487111      0.548757    
  0.125543      0.471155      0.581853    
  0.127892      0.449154      0.632986    
  0.132720      0.421545      0.706236    
  0.141208      0.389014      0.804366    
  0.154590      0.352549      0.924569    
  0.174026      0.313477       1.05225    
  0.200452      0.273459       1.15684    
  0.234435      0.234435       1.19763    
  0.276045      0.198514       1.14441    
  0.324774      0.167817       1.00160    
  0.379514      0.144285      0.811950    
  0.438611      0.129485      0.631616    
  0.500000      0.124434      0.500098    
  0.561389      0.129485      0.430834    
  0.620486      0.144285      0.419660    
  0.675226      0.167817      0.453064    
  0.723955      0.198514      0.510081    
  0.765565      0.234435      0.565070    
  0.799548      0.273459      0.596084    
  0.825974      0.313477      0.593489    
  0.845410      0.352549      0.561466    
  0.858792      0.389014      0.512228    
  0.867280      0.421545      0.458645    
  0.872108      0.449154      0.409915    
  0.874457      0.471155      0.370848    
  0.875345      0.487111      0.343097    
  0.875552      0.496768      0.326715    
  0.875566      0.500000      0.321319    
  0.141925      0.499229      0.528770    
  0.141991      0.493076      0.540779    
  0.142437      0.480844      0.566105    
  0.143871      0.462709      0.607318    
  0.147159      0.438994      0.667914    
  0.153360      0.410226      0.751120    
  0.163640      0.377197      0.857008    
  0.179157      0.341009      0.977542    
  0.200927      0.303089       1.09136    
  0.229685      0.265164       1.16391    
  0.265746      0.229180       1.15966    
  0.308909      0.197175       1.06454    
  0.358401      0.171111      0.901085    
  0.412894      0.152680      0.718797    
  0.470596      0.143133      0.566025    
  0.529404      0.143133      0.469480    
  0.587106      0.152680      0.433761    
  0.641599      0.171111      0.449812    
  0.691091      0.197175      0.499787    
  0.734254      0.229180      0.559426    
  0.770315      0.265164      0.604219    
  0.799073      0.303089      0.618462    
  0.820843      0.341009      0.600191    
  0.836360      0.377197      0.558410    
  0.846640      0.410226      0.506084    
  0.852841      0.438994      0.454307    
  0.856129      0.462709      0.409990    
  0.857563      0.480844      0.376285    
  0.858009      0.493076      0.354015    
  0.858075      0.499229      0.343019    
  0.160363      0.500000      0.528693    
  0.160376      0.497077      0.534542    
  0.160563      0.488344      0.552687    
  0.161367      0.473914      0.584897    
  0.163490      0.454018      0.633936    
  0.167857      0.429051      0.702856    
  0.175532      0.399632      0.793158    
  0.187634      0.366655      0.901209    
  0.205211      0.331321       1.01345    
  0.229109      0.295132       1.10362    
  0.259841      0.259841       1.13802    
  0.297470      0.227356       1.09180    
  0.341538      0.199596      0.967876    
  0.391040      0.178316      0.800867    
  0.444484      0.164931      0.638967    
  0.500000      0.160363      0.519511    
  0.555516      0.164931      0.458175    
  0.608960      0.178316      0.452775    
  0.658462      0.199596      0.489665    
  0.702530      0.227356      0.547295    
  0.740159      0.259841      0.600838    
  0.770891      0.295132      0.630300    
  0.794789      0.331321      0.627518    
  0.812366      0.366655      0.596752    
  0.824468      0.399632      0.549359    
  0.832143      0.429051      0.497342    
  0.836510      0.454018      0.449503    
  0.838633      0.473914      0.410706    
  0.839437      0.488344      0.382864    
  0.839624      0.497077      0.366305    
  0.839637      0.500000      0.360829    
  0.179704      0.499310      0.529429    
  0.179763      0.493806      0.540934    
  0.180162      0.482865      0.564997    
  0.181445      0.466644      0.603624    
  0.184386      0.445431      0.659369    
  0.189933      0.419698      0.734199    
  0.199129      0.390153      0.827086    
  0.213008      0.357783      0.930231    
  0.232482      0.323864       1.02549    
  0.258205      0.289940       1.08507    
  0.290461      0.257753       1.08112    
  0.329070      0.229126       1.00227    
  0.373340      0.205811      0.865402    
  0.422084      0.189325      0.709832    
  0.473698      0.180785      0.576940    
  0.526302      0.180785      0.492736    
  0.577916      0.189325      0.464019    
  0.626660      0.205811      0.483012    
  0.670930      0.229126      0.532086    
  0.709539      0.257753      0.588031    
  0.741795      0.289940      0.628784    
  0.767518      0.323864      0.641028    
  0.786992      0.357783      0.623581    
  0.800871      0.390153      0.584598    
  0.810067      0.419698      0.535626    
  0.815614      0.445431      0.486703    
  0.818555      0.466644      0.444343    
  0.819838      0.482865      0.411760    
  0.820237      0.493806      0.390032    
  0.820296      0.499310      0.379239    
  0.199893      0.500000      0.524729    
  0.199904      0.497418      0.530157    
  0.200070      0.489701      0.546893    
  0.200779      0.476950      0.576247    
  0.202656      0.459370      0.620153    
  0.206514      0.437309      0.680488    
  0.213296      0.411314      0.757531    
  0.223990      0.382175      0.847279    
  0.239521      0.350953      0.938187    
  0.260637      0.318976       1.00970    
  0.287792      0.287792       1.03648    
  0.321042      0.259088      0.999989    
  0.359981      0.234559      0.901834    
  0.403722      0.215756      0.767397    
  0.450946      0.203929      0.634268    
  0.500000      0.199893      0.534474    
  0.549054      0.203929      0.483949    
  0.596278      0.215756      0.482396    
  0.640019      0.234559      0.517462    
  0.678958      0.259088      0.569161    
  0.712208      0.287792      0.615584    
  0.739363      0.318976      0.640075    
  0.760479      0.350953      0.636337    
  0.776010      0.382175      0.608286    
  0.786704      0.411314      0.565575    
  0.793486      0.437309      0.518456    
  0.797344      0.459370      0.474671    
  0.799221      0.476950      0.438746    
  0.799930      0.489701      0.412691    
  0.800096      0.497418      0.397072    
  0.800107      0.500000      0.391884    
  0.220879      0.499399      0.519631    
  0.220930      0.494602      0.529869    
  0.221278      0.485068      0.551072    
  0.222396      0.470932      0.584562    
  0.224959      0.452446      0.631854    
  0.229793      0.430021      0.693710    
  0.237806      0.404274      0.768361    
  0.249902      0.376065      0.848992    
  0.266872      0.346507      0.921675    
  0.289288      0.316944      0.966345    
  0.317398      0.288895      0.963403    
  0.351044      0.263947      0.904677    
  0.389623      0.243629      0.801473    
  0.432100      0.229263      0.681770    
  0.477079      0.221821      0.577317    
  0.522921      0.221821      0.510492    
  0.567900      0.229263      0.488851    
  0.610377      0.243629      0.506527    
  0.648956      0.263947      0.548161    
  0.682602      0.288895      0.593952    
  0.710712      0.316944      0.626041    
  0.733128      0.346507      0.634245    
  0.750098      0.376065      0.618040    
  0.762194      0.404274      0.584072    
  0.770207      0.430021      0.541625    
  0.775041      0.452446      0.498932    
  0.777604      0.470932      0.461562    
  0.778722      0.485068      0.432493    
  0.779070      0.494602      0.412924    
  0.779121      0.499399      0.403142    
  0.242604      0.500000      0.508607    
  0.242613      0.497785      0.513235    
  0.242755      0.491166      0.527406    
  0.243364      0.480231      0.551915    
  0.244973      0.465152      0.587835    
  0.248282      0.446231      0.635953    
  0.254099      0.423935      0.695651    
  0.263271      0.398944      0.763167    
  0.276592      0.372166      0.829722    
  0.294703      0.344739      0.881003    
  0.317993      0.317993      0.900139    
  0.346511      0.293375      0.874942    
  0.379908      0.272336      0.806153    
  0.417424      0.256209      0.710230    
  0.457927      0.246065      0.613094    
  0.500000      0.242604      0.538841    
  0.542073      0.246065      0.501155    
  0.582576      0.256209      0.500975    
  0.620092      0.272336      0.528619    
  0.653489      0.293375      0.567990    
  0.682007      0.317993      0.602083    
  0.705297      0.344739      0.618605    
  0.723408      0.372166      0.613254    
  0.736729      0.398944      0.589183    
  0.745901      0.423935      0.553686    
  0.751718      0.446231      0.514574    
  0.755027      0.465152      0.477937    
  0.756636      0.480231      0.447551    
  0.757245      0.491166      0.425282    
  0.757387      0.497785      0.411827    
  0.757396      0.500000      0.407338    
  0.265012      0.499494      0.496352    
  0.265056      0.495456      0.504628    
  0.265348      0.487429      0.521575    
  0.266289      0.475528      0.547855    
  0.268447      0.459965      0.584074    
  0.272517      0.441086      0.630105    
  0.279263      0.419410      0.683976    
  0.289446      0.395661      0.740472    
  0.303733      0.370776      0.790187    
  0.322605      0.345888      0.820440    
  0.346270      0.322274      0.819244    
  0.374596      0.301271      0.781540    
  0.407075      0.284166      0.713960    
  0.442836      0.272070      0.633855    
  0.480704      0.265805      0.562305    
  0.519296      0.265805      0.515647    
  0.557164      0.272070      0.500413    
  0.592925      0.284166      0.512859    
  0.625404      0.301271      0.541667    
  0.653730      0.322274      0.572402    
  0.677395      0.345888      0.592559    
  0.696267      0.370776      0.595365    
  0.710554      0.395661      0.580720    
  0.720737      0.419410      0.553350    
  0.727483      0.441086      0.519801    
  0.731553      0.459965      0.486009    
  0.733711      0.475528      0.456179    
  0.734652      0.487429      0.432736    
  0.734944      0.495456      0.416811    
  0.734988      0.499494      0.408802    
  0.288043      0.500000      0.478687    
  0.288051      0.498176      0.482234    
  0.288168      0.492726      0.493006    
  0.288669      0.483721      0.511347    
  0.289994      0.471304      0.537630    
  0.292719      0.455723      0.571871    
  0.297509      0.437363      0.613055    
  0.305062      0.416784      0.658209    
  0.316031      0.394733      0.701545    
  0.330945      0.372148      0.734451    
  0.350124      0.350124      0.747288    
  0.373607      0.329851      0.733235    
  0.401108      0.312527      0.692598    
  0.432002      0.299246      0.634540    
  0.465354      0.290894      0.574271    
  0.500000      0.288043      0.526992    
  0.534646      0.290894      0.502233    
  0.567998      0.299246      0.501263    
  0.598892      0.312527      0.517826    
  0.626393      0.329851      0.541207    
  0.649876      0.350124      0.560354    
  0.669055      0.372148      0.567587    
  0.683969      0.394733      0.560416    
  0.694938      0.416784      0.540999    
  0.702491      0.437363      0.514074    
  0.707281      0.455723      0.484776    
  0.710006      0.471304      0.457257    
  0.711331      0.483721      0.434242    
  0.711832      0.492726      0.417221    
  0.711949      0.498176      0.406860    
  0.711957      0.500000      0.403390    
  0.311636      0.499595      0.459885    
  0.311671      0.496357      0.465828    
  0.311906      0.489923      0.477846    
  0.312660      0.480383      0.496116    
  0.314390      0.467908      0.520645    
  0.317652      0.452775      0.550888    
  0.323060      0.435400      0.585182    
  0.331222      0.416363      0.620136    
  0.342675      0.396416      0.650347    
  0.357802      0.376466      0.669040    
  0.376772      0.357537      0.670065    
  0.399478      0.340701      0.650843    
  0.425512      0.326990      0.614667    
  0.454178      0.317294      0.570506    
  0.484532      0.312272      0.529861    
  0.515468      0.312272      0.502312    
  0.545822      0.317294      0.492155    
  0.574488      0.326990      0.497492    
  0.600522      0.340701      0.511686    
  0.623228      0.357537      0.526282    
  0.642198      0.376466      0.534150    
  0.657325      0.396416      0.531594    
  0.668778      0.416363      0.518729    
  0.676940      0.435400      0.498383    
  0.682348      0.452775      0.474451    
  0.685610      0.467908      0.450560    
  0.687340      0.480383      0.429404    
  0.688094      0.489923      0.412654    
  0.688329      0.496357      0.401189    
  0.688364      0.499595      0.395393    
  0.335729      0.500000      0.437475    
  0.335735      0.498586      0.439863    
  0.335826      0.494362      0.447053    
  0.336214      0.487383      0.459093    
  0.337241      0.477760      0.475944    
  0.339353      0.465684      0.497278    
  0.343066      0.451455      0.522156    
  0.348919      0.435506      0.548654    
  0.357420      0.418416      0.573588    
  0.368979      0.400912      0.592652    
  0.383843      0.383843      0.601311    
  0.402043      0.368131      0.596450    
  0.423357      0.354704      0.578174    
  0.447300      0.344412      0.550611    
  0.473149      0.337938      0.520879    
  0.500000      0.335729      0.496482    
  0.526851      0.337938      0.482466    
  0.552700      0.344412      0.479761    
  0.576643      0.354704      0.485302    
  0.597957      0.368131      0.493646    
  0.616157      0.383843      0.499249    
  0.631021      0.400912      0.498372    
  0.642580      0.418416      0.489926    
  0.651081      0.435506      0.475141    
  0.656934      0.451455      0.456556    
  0.660647      0.465684      0.436956    
  0.662759      0.477760      0.418679    
  0.663786      0.487383      0.403356    
  0.664174      0.494362      0.391957    
  0.664265      0.498586      0.384980    
  0.664271      0.500000      0.382636    
  0.360258      0.499699      0.415177    
  0.360283      0.497298      0.418880    
  0.360457      0.492524      0.426275    
  0.361017      0.485447      0.437294    
  0.362300      0.476192      0.451711    
  0.364720      0.464965      0.468981    
  0.368732      0.452075      0.488028    
  0.374788      0.437952      0.507061    
  0.383284      0.423153      0.523558    
  0.394507      0.408353      0.534600    
  0.408580      0.394310      0.537660    
  0.425425      0.381820      0.531676    
  0.444739      0.371648      0.517888    
  0.466006      0.364455      0.499817    
  0.488525      0.360729      0.482156    
  0.511475      0.360729      0.469019    
  0.533994      0.364455      0.462416    
  0.555261      0.371648      0.461694    
  0.574575      0.381820      0.464089    
  0.591420      0.394310      0.466054    
  0.605493      0.408353      0.464653    
  0.616716      0.423153      0.458457    
  0.625212      0.437952      0.447675    
  0.631268      0.452075      0.433682    
  0.635280      0.464965      0.418337    
  0.637700      0.476192      0.403415    
  0.638983      0.485447      0.390296    
  0.639543      0.492524      0.379898    
  0.639717      0.497298      0.372754    
  0.639742      0.499699      0.369130    
  0.385156      0.500000      0.392103    
  0.385160      0.499012      0.393477    
  0.385224      0.496059      0.397580    
  0.385495      0.491179      0.404348    
  0.386213      0.484452      0.413619    
  0.387690      0.476009      0.425066    
  0.390285      0.466062      0.438089    
  0.394377      0.454911      0.451718    
  0.400321      0.442963      0.464569    
  0.408402      0.430726      0.474953    
  0.418793      0.418793      0.481198    
  0.431517      0.407809      0.482176    
  0.446418      0.398422      0.477832    
  0.463157      0.391226      0.469436    
  0.481228      0.386701      0.459284    
  0.500000      0.385156      0.449900    
  0.518772      0.386701      0.443081    
  0.536843      0.391226      0.439270    
  0.553582      0.398422      0.437533    
  0.568483      0.407809      0.436110    
  0.581207      0.418793      0.433220    
  0.591598      0.430726      0.427728    
  0.599679      0.442963      0.419426    
  0.605623      0.454911      0.408918    
  0.609715      0.466062      0.397272    
  0.612310      0.476009      0.385655    
  0.613787      0.484452      0.375077    
  0.614505      0.491179      0.366280    
  0.614776      0.496059      0.359743    
  0.614840      0.499012      0.355735    
  0.614844      0.500000      0.354387    
  0.410360      0.499807      0.371214    
  0.410376      0.498267      0.373141    
  0.410488      0.495204      0.376949    
  0.410847      0.490665      0.382537    
  0.411670      0.484728      0.389709    
  0.413223      0.477526      0.398138    
  0.415796      0.469258      0.407314    
  0.419681      0.460198      0.416522    
  0.425130      0.450705      0.424868    
  0.432330      0.441211      0.431394    
  0.441357      0.432203      0.435291    
  0.452162      0.424191      0.436154    
  0.464552      0.417666      0.434177    
  0.478194      0.413052      0.430147    
  0.492639      0.410662      0.425192    
  0.507361      0.410662      0.420363    
  0.521806      0.413052      0.416238    
  0.535448      0.417666      0.412761    
  0.547838      0.424191      0.409360    
  0.558643      0.432203      0.405276    
  0.567670      0.441211      0.399928    
  0.574870      0.450705      0.393126    
  0.580319      0.460198      0.385110    
  0.584204      0.469258      0.376422    
  0.586777      0.477526      0.367727    
  0.588330      0.484728      0.359658    
  0.589153      0.490665      0.352724    
  0.589512      0.495204      0.347281    
  0.589624      0.498267      0.343554    
  0.589640      0.499807      0.341665    
  0.435801      0.500000      0.352628    
  0.435803      0.499448      0.353255    
  0.435839      0.497797      0.355120    
  0.435990      0.495069      0.358169    
  0.436392      0.491308      0.362298    
  0.437217      0.486589      0.367339    
  0.438668      0.481028      0.373042    
  0.440956      0.474795      0.379063    
  0.444278      0.468116      0.384967    
  0.448795      0.461275      0.390270    
  0.454604      0.454604      0.394502    
  0.461717      0.448464      0.397302    
  0.470047      0.443217      0.398516    
  0.479404      0.439194      0.398231    
  0.489506      0.436664      0.396738    
  0.500000      0.435801      0.394414    
  0.510494      0.436664      0.391572    
  0.520596      0.439194      0.388358    
  0.529953      0.443217      0.384736    
  0.538283      0.448464      0.380568    
  0.545396      0.454604      0.375732    
  0.551205      0.461275      0.370221    
  0.555722      0.468116      0.364183    
  0.559044      0.474795      0.357895    
  0.561332      0.481028      0.351699    
  0.562783      0.486589      0.345935    
  0.563608      0.491308      0.340893    
  0.564010      0.495069      0.336792    
  0.564161      0.497797      0.333779    
  0.564197      0.499448      0.331941    
  0.564199      0.500000      0.331324    
  0.461412      0.499917      0.338300    
  0.461419      0.499254      0.338995    
  0.461468      0.497936      0.340367    
  0.461622      0.495981      0.342371    
  0.461976      0.493426      0.344939    
  0.462645      0.490326      0.347967    
  0.463753      0.486766      0.351311    
  0.465425      0.482866      0.354791    
  0.467771      0.478780      0.358194    
  0.470870      0.474693      0.361297    
  0.474756      0.470815      0.363885    
  0.479407      0.467366      0.365788    
  0.484741      0.464558      0.366899    
  0.490613      0.462571      0.367184    
  0.496831      0.461543      0.366669    
  0.503169      0.461543      0.365421    
  0.509387      0.462571      0.363513    
  0.515259      0.464558      0.361018    
  0.520593      0.467366      0.358004    
  0.525244      0.470815      0.354550    
  0.529130      0.474693      0.350762    
  0.532229      0.478780      0.346775    
  0.534575      0.482866      0.342753    
  0.536247      0.486766      0.338865    
  0.537355      0.490326      0.335272    
  0.538024      0.493426      0.332111    
  0.538378      0.495981      0.329484    
  0.538532      0.497936      0.327465    
  0.538581      0.499254      0.326099    
  0.538588      0.499917      0.325410    
  0.487126      0.500000      0.328597    
  0.487127      0.499889      0.328709    
  0.487134      0.499558      0.329040    
  0.487164      0.499011      0.329582    
  0.487245      0.498257      0.330322    
  0.487410      0.497311      0.331234    
  0.487701      0.496196      0.332286    
  0.488160      0.494946      0.333435    
  0.488826      0.493606      0.334624    
  0.489732      0.492234      0.335792    
  0.490897      0.490897      0.336870    
  0.492323      0.489665      0.337789    
  0.493993      0.488613      0.338487    
  0.495870      0.487807      0.338913    
  0.497896      0.487299      0.339031    
  0.500000      0.487126      0.338828    
  0.502104      0.487299      0.338307    
  0.504130      0.487807      0.337493    
  0.506007      0.488613      0.336427    
  0.507677      0.489665      0.335164    
  0.509103      0.490897      0.333768    
  0.510268      0.492234      0.332304    
  0.511174      0.493606      0.330840    
  0.511840      0.494946      0.329435    
  0.512299      0.496196      0.328141    
  0.512590      0.497311      0.326998    
  0.512755      0.498257      0.326035    
  0.512836      0.499011      0.325273    
  0.512866      0.499558      0.324723    
  0.512873      0.499889      0.324391    
  0.512874      0.500000      0.324280    
  0.512874      0.500028      0.324253    
  0.512872      0.500249      0.324032    
  0.512856      0.500689      0.323593    
  0.512804      0.501341      0.322946    
  0.512686      0.502193      0.322104    
  0.512463      0.503228      0.321092    
  0.512093      0.504415      0.319941    
  0.511535      0.505716      0.318699    
  0.510753      0.507080      0.317421    
  0.509719      0.508443      0.316178    
  0.508422      0.509737      0.315044    
  0.506870      0.510887      0.314097    
  0.505091      0.511825      0.313408    
  0.503132      0.512487      0.313037    
  0.501057      0.512830      0.313022    
  0.498943      0.512830      0.313375    
  0.496868      0.512487      0.314084    
  0.494909      0.511825      0.315110    
  0.493130      0.510887      0.316392    
  0.491578      0.509737      0.317857    
  0.490281      0.508443      0.319423    
  0.489247      0.507080      0.321012    
  0.488465      0.505716      0.322552    
  0.487907      0.504415      0.323983    
  0.487537      0.503228      0.325259    
  0.487314      0.502193      0.326350    
  0.487196      0.501341      0.327234    
  0.487144      0.500689      0.327901    
  0.487128      0.500249      0.328347    
  0.487126      0.500028      0.328570    
  0.538588      0.500000      0.325324    
  0.538586      0.500332      0.324979    
  0.538565      0.501324      0.323946    
  0.538474      0.502964      0.322238    
  0.538232      0.505224      0.319879    
  0.537736      0.508061      0.316916    
  0.536864      0.511403      0.313430    
  0.535489      0.515150      0.309541    
  0.533492      0.519164      0.305419    
  0.530777      0.523276      0.301276    
  0.527286      0.527286      0.297358    
  0.523010      0.530976      0.293922    
  0.518004      0.534130      0.291217    
  0.512379      0.536548      0.289452    
  0.506307      0.538069      0.288782    
  0.500000      0.538588      0.289284    
  0.493693      0.538069      0.290956    
  0.487621      0.536548      0.293711    
  0.481996      0.534130      0.297387    
  0.476990      0.530976      0.301770    
  0.472714      0.527286      0.306610    
  0.469223      0.523276      0.311651    
  0.466508      0.519164      0.316650    
  0.464511      0.515150      0.321393    
  0.463136      0.511403      0.325710    
  0.462264      0.508061      0.329476    
  0.461768      0.505224      0.332607    
  0.461526      0.502964      0.335059    
  0.461435      0.501324      0.336812    
  0.461414      0.500332      0.337863    
  0.461412      0.500000      0.338213    
  0.564199      0.500138      0.331170    
  0.564187      0.501241      0.329934    
  0.564107      0.503435      0.327467    
  0.563850      0.506686      0.323790    
  0.563261      0.510938      0.318954    
  0.562149      0.516096      0.313072    
  0.560306      0.522017      0.306336    
  0.557524      0.528505      0.299035    
  0.553620      0.535304      0.291544    
  0.548465      0.542104      0.284302    
  0.541999      0.548555      0.277764    
  0.534261      0.554293      0.272356    
  0.525387      0.558966      0.268436    
  0.515617      0.562271      0.266284    
  0.505272      0.563982      0.266090    
  0.494728      0.563982      0.267938    
  0.484383      0.562271      0.271775    
  0.474613      0.558966      0.277395    
  0.465739      0.554293      0.284455    
  0.458001      0.548555      0.292534    
  0.451535      0.542104      0.301187    
  0.446380      0.535304      0.309991    
  0.442476      0.528505      0.318564    
  0.439694      0.522017      0.326576    
  0.437851      0.516096      0.333760    
  0.436739      0.510938      0.339918    
  0.436150      0.506686      0.344919    
  0.435893      0.503435      0.348693    
  0.435813      0.501241      0.351212    
  0.435801      0.500138      0.352470    
  0.589640      0.500000      0.341428    
  0.589637      0.500771      0.340478    
  0.589588      0.503076      0.337628    
  0.589376      0.506885      0.332887    
  0.588815      0.512136      0.326305    
  0.587663      0.518726      0.318017    
  0.585637      0.526490      0.308289    
  0.582443      0.535194      0.297547    
  0.577804      0.544519      0.286366    
  0.571496      0.554071      0.275415    
  0.563385      0.563385      0.265360    
  0.553454      0.571959      0.256768    
  0.541823      0.579286      0.250060    
  0.528758      0.584902      0.245552    
  0.514652      0.588435      0.243548    
  0.500000      0.589640      0.244372    
  0.485348      0.588435      0.248265    
  0.471242      0.584902      0.255169    
  0.458177      0.579286      0.264637    
  0.446546      0.571959      0.275944    
  0.436615      0.563385      0.288324    
  0.428504      0.554071      0.301124    
  0.422196      0.544519      0.313824    
  0.417557      0.535194      0.325990    
  0.414363      0.526490      0.337231    
  0.412337      0.518726      0.347202    
  0.411185      0.512136      0.355622    
  0.410624      0.506885      0.362295    
  0.410412      0.503076      0.367107    
  0.410363      0.500771      0.370006    
  0.410360      0.500000      0.370973    
  0.614844      0.500247      0.354049    
  0.614822      0.502221      0.351346    
  0.614679      0.506144      0.345941    
  0.614219      0.511960      0.337879    
  0.613165      0.519566      0.327309    
  0.611176      0.528793      0.314568    
  0.607879      0.539386      0.300236    
  0.602902      0.550992      0.285126    
  0.595920      0.563154      0.270200    
  0.586697      0.575318      0.256394    
  0.575131      0.586859      0.244414    
  0.561288      0.597123      0.234617    
  0.545414      0.605483      0.227090    
  0.527937      0.611394      0.221986    
  0.509431      0.614456      0.219909    
  0.490569      0.614456      0.221894    
  0.472063      0.611394      0.228741    
  0.454586      0.605483      0.240243    
  0.438712      0.597123      0.255136    
  0.424869      0.586859      0.271804    
  0.413303      0.575318      0.289001    
  0.404080      0.563154      0.306032    
  0.397098      0.550992      0.322514    
  0.392121      0.539386      0.338114    
  0.388824      0.528793      0.352432    
  0.386835      0.519566      0.365029    
  0.385781      0.511960      0.375507    
  0.385321      0.506144      0.383566    
  0.385178      0.502221      0.389016    
  0.385156      0.500247      0.391759    
  0.639743      0.500000      0.368675    
  0.639738      0.501202      0.366853    
  0.639660      0.504796      0.361390    
  0.639330      0.510733      0.352323    
  0.638456      0.518919      0.339810    
  0.636660      0.529192      0.324243    
  0.633502      0.541296      0.306350    
  0.628522      0.554864      0.287204    
  0.621290      0.569402      0.268125    
  0.611458      0.584293      0.250421    
  0.598813      0.598813      0.235052    
  0.583330      0.612179      0.222321    
  0.565199      0.623601      0.211825    
  0.544831      0.632356      0.202945    
  0.522842      0.637863      0.195934    
  0.500000      0.639743      0.192794    
  0.477158      0.637863      0.196496    
  0.455169      0.632356      0.208569    
  0.434801      0.623601      0.227500    
  0.416670      0.612179      0.249862    
  0.401187      0.598813      0.272685    
  0.388542      0.584293      0.294608    
  0.378710      0.569402      0.315445    
  0.371478      0.554864      0.335296    
  0.366498      0.541296      0.354022    
  0.363340      0.529192      0.371175    
  0.361544      0.518919      0.386151    
  0.360670      0.510733      0.398366    
  0.360340      0.504796      0.407367    
  0.360262      0.501202      0.412866    
  0.360257      0.500000      0.414714    
  0.664271      0.500354      0.382048    
  0.664240      0.503177      0.377355    
  0.664036      0.508788      0.368003    
  0.663378      0.517108      0.354149    
  0.661870      0.527987      0.336220    
  0.659025      0.541185      0.315055    
  0.654309      0.556337      0.291976    
  0.647190      0.572939      0.268681    
  0.637203      0.590335      0.246947    
  0.624010      0.607734      0.228165    
  0.607466      0.624242      0.212834    
  0.587665      0.638924      0.200172    
  0.564960      0.650881      0.188334    
  0.539961      0.659337      0.175891    
  0.513489      0.663716      0.164482    
  0.486511      0.663716      0.159868    
  0.460039      0.659337      0.168195    
  0.435040      0.650881      0.190106    
  0.412335      0.638924      0.219942    
  0.392534      0.624242      0.250847    
  0.375990      0.607734      0.279210    
  0.362797      0.590335      0.304775    
  0.352810      0.572939      0.328547    
  0.345691      0.556337      0.351221    
  0.340975      0.541185      0.372727    
  0.338130      0.527987      0.392415    
  0.336622      0.517108      0.409402    
  0.335964      0.508788      0.422855    
  0.335760      0.503177      0.432144    
  0.335729      0.500354      0.436879    
  0.688364      0.500000      0.394666    
  0.688357      0.501621      0.391759    
  0.688253      0.506464      0.383068    
  0.687808      0.514467      0.368741    
  0.686630      0.525502      0.349209    
  0.684208      0.539349      0.325378    
  0.679951      0.555665      0.298759    
  0.673239      0.573953      0.271399    
  0.663491      0.593550      0.245568    
  0.650237      0.613621      0.223227    
  0.633193      0.633193      0.205370    
  0.612324      0.651210      0.191364    
  0.587884      0.666605      0.178524    
  0.560429      0.678408      0.162963    
  0.530789      0.685831      0.143269    
  0.500000      0.688364      0.125582    
  0.469211      0.685831      0.122522    
  0.439571      0.678408      0.142209    
  0.412116      0.666605      0.179499    
  0.387676      0.651210      0.221567    
  0.366807      0.633193      0.259263    
  0.349763      0.613621      0.290819    
  0.336509      0.593550      0.318385    
  0.326761      0.573953      0.344231    
  0.320049      0.555665      0.369297    
  0.315792      0.539349      0.393265    
  0.313370      0.525502      0.415098    
  0.312192      0.514467      0.433551    
  0.311747      0.506464      0.447518    
  0.311643      0.501621      0.456202    
  0.311636      0.500000      0.459146    
  0.711957      0.500456      0.402522    
  0.711918      0.504099      0.395596    
  0.711654      0.511339      0.381876    
  0.710805      0.522074      0.361768    
  0.708858      0.536111      0.336188    
  0.705188      0.553140      0.306753    
  0.699103      0.572691      0.275778    
  0.689918      0.594112      0.245988    
  0.677031      0.616558      0.219935    
  0.660009      0.639008      0.199286    
  0.638663      0.660307      0.184048    
  0.613113      0.679252      0.171731    
  0.583817      0.694681      0.156922    
  0.551561      0.705590      0.133697    
  0.517405      0.711241      0.103474    
  0.482595      0.711241      0.818480E-01
  0.448439      0.705590      0.890619E-01
  0.416183      0.694681      0.128520    
  0.386887      0.679252      0.183044    
  0.361337      0.660307      0.233731    
  0.339991      0.639008      0.273745    
  0.322969      0.616558      0.305662    
  0.310082      0.594112      0.333991    
  0.300897      0.572691      0.361465    
  0.294812      0.553140      0.388666    
  0.291142      0.536111      0.414744    
  0.289195      0.522074      0.438166    
  0.288346      0.511339      0.457308    
  0.288082      0.504099      0.470824    
  0.288043      0.500456      0.477804    
  0.734988      0.500000      0.407799    
  0.734980      0.502022      0.403797    
  0.734850      0.508065      0.391878    
  0.734294      0.518048      0.372404    
  0.732825      0.531814      0.346244    
  0.729804      0.549088      0.315023    
  0.724493      0.569443      0.281215    
  0.716120      0.592259      0.247898    
  0.703959      0.616706      0.218173    
  0.687425      0.641745      0.194388    
  0.666162      0.666162      0.177378    
  0.640127      0.688637      0.165622    
  0.609637      0.707844      0.154082    
  0.575387      0.722568      0.134067    
  0.538410      0.731828      0.992303E-01
  0.500000      0.734988      0.593739E-01
  0.461590      0.731828      0.435079E-01
  0.424613      0.722568      0.729485E-01
  0.390363      0.707844      0.135595    
  0.359873      0.688637      0.201554    
  0.333838      0.666162      0.253294    
  0.312575      0.641745      0.291084    
  0.296041      0.616706      0.321724    
  0.283880      0.592259      0.350492    
  0.275507      0.569443      0.379524    
  0.270196      0.549088      0.408633    
  0.267175      0.531814      0.436311    
  0.265706      0.518048      0.460535    
  0.265150      0.508065      0.479354    
  0.265020      0.502022      0.491258    
  0.265012      0.500000      0.495327    
  0.757396      0.500554      0.406217    
  0.757348      0.504978      0.397292    
  0.757028      0.513770      0.379730    
  0.755997      0.526806      0.354302    
  0.753633      0.543853      0.322555    
  0.749176      0.564532      0.286984    
  0.741786      0.588275      0.250890    
  0.730632      0.614288      0.217825    
  0.714983      0.641546      0.190764    
  0.694311      0.668808      0.171321    
  0.668389      0.694674      0.159080    
  0.637362      0.717680      0.150585    
  0.601786      0.736416      0.137682    
  0.562615      0.749664      0.108788    
  0.521137      0.756527      0.615444E-01
  0.478863      0.756527      0.208319E-01
  0.437385      0.749664      0.258385E-01
  0.398214      0.736416      0.842617E-01
  0.362638      0.717680      0.162913    
  0.331611      0.694674      0.228942    
  0.305689      0.668808      0.274901    
  0.285017      0.641546      0.308453    
  0.269368      0.614288      0.337840    
  0.258214      0.588275      0.367341    
  0.250824      0.564532      0.397935    
  0.246367      0.543853      0.428566    
  0.244003      0.526806      0.457106    
  0.242972      0.513770      0.481113    
  0.242652      0.504978      0.498413    
  0.242604      0.500554      0.507458    
  0.779122      0.500000      0.401921    
  0.779112      0.502402      0.397051    
  0.778957      0.509579      0.382614    
  0.778297      0.521438      0.359251    
  0.776552      0.537789      0.328347    
  0.772964      0.558308      0.292287    
  0.766656      0.582485      0.254437    
  0.756710      0.609586      0.218664    
  0.742265      0.638624      0.188491    
  0.722625      0.668366      0.166222    
  0.697369      0.697369      0.152351    
  0.666444      0.724066      0.145022    
  0.630228      0.746880      0.138558    
  0.589546      0.764368      0.121486    
  0.545624      0.775368      0.817083E-01
  0.500000      0.779122      0.279781E-01
  0.454376      0.775368      0.241361E-02
  0.410454      0.764368      0.397651E-01
  0.369772      0.746880      0.120950    
  0.333556      0.724066      0.200573    
  0.302631      0.697369      0.256921    
  0.277375      0.668366      0.294705    
  0.257735      0.638624      0.324706    
  0.243290      0.609586      0.353736    
  0.233344      0.582485      0.384325    
  0.227036      0.558308      0.416292    
  0.223448      0.537789      0.447817    
  0.221703      0.521438      0.476250    
  0.221043      0.509579      0.498851    
  0.220888      0.502402      0.513368    
  0.220878      0.500000      0.518369    
  0.800106      0.500646      0.390590    
  0.800051      0.505803      0.380315    
  0.799677      0.516055      0.360235    
  0.798475      0.531254      0.331520    
  0.795720      0.551130      0.296334    
  0.790522      0.575240      0.257935    
  0.781906      0.602923      0.220339    
  0.768902      0.633252      0.187507    
  0.750656      0.665033      0.162368    
  0.726554      0.696819      0.146152    
  0.696331      0.726977      0.138124    
  0.660155      0.753800      0.134986    
  0.618676      0.775645      0.128655    
  0.573004      0.791092      0.105085    
  0.524644      0.799094      0.568160E-01
  0.475356      0.799094      0.100255E-01
  0.426996      0.791092      0.150262E-01
  0.381324      0.775645      0.826581E-01
  0.339845      0.753800      0.169489    
  0.303669      0.726977      0.236847    
  0.273446      0.696819      0.280478    
  0.249344      0.665033      0.311749    
  0.231098      0.633252      0.339993    
  0.218094      0.602923      0.369511    
  0.209478      0.575240      0.401266    
  0.204280      0.551130      0.434146    
  0.201525      0.531254      0.465704    
  0.200323      0.516055      0.492899    
  0.199949      0.505803      0.512846    
  0.199894      0.500646      0.523385    
  0.820297      0.500000      0.377895    
  0.820285      0.502756      0.372541    
  0.820108      0.510992      0.356745    
  0.819350      0.524600      0.331421    
  0.817348      0.543363      0.298427    
  0.813230      0.566909      0.260768    
  0.805991      0.594653      0.222416    
  0.794578      0.625751      0.187613    
  0.778003      0.659074      0.159849    
  0.755466      0.693202      0.141019    
  0.726484      0.726484      0.131158    
  0.690997      0.757119      0.128453    
  0.649439      0.783298      0.128220    
  0.602755      0.803367      0.120031    
  0.552354      0.815989      0.897538E-01
  0.500000      0.820297      0.413734E-01
  0.447646      0.815989      0.174948E-01
  0.397245      0.803367      0.572131E-01
  0.350561      0.783298      0.139170    
  0.309003      0.757119      0.214837    
  0.273516      0.726484      0.265449    
  0.244534      0.693202      0.299067    
  0.221997      0.659074      0.326831    
  0.205422      0.625751      0.354820    
  0.194009      0.594653      0.385226    
  0.186770      0.566909      0.417894    
  0.182652      0.543363      0.450985    
  0.180650      0.524600      0.481553    
  0.179892      0.510992      0.506315    
  0.179715      0.502756      0.522428    
  0.179703      0.500000      0.528015    
  0.839636      0.500731      0.359464    
  0.839573      0.506568      0.348657    
  0.839150      0.518170      0.327683    
  0.837790      0.535371      0.298045    
  0.834671      0.557864      0.262375    
  0.828789      0.585151      0.224421    
  0.819039      0.616479      0.188516    
  0.804321      0.650804      0.158593    
  0.783672      0.686771      0.137191    
  0.756395      0.722743      0.124996    
  0.722191      0.756874      0.121027    
  0.681251      0.787230      0.122645    
  0.634308      0.811953      0.123818    
  0.582620      0.829434      0.112483    
  0.527890      0.838490      0.789046E-01
  0.472110      0.838490      0.429128E-01
  0.417380      0.829434      0.513332E-01
  0.365692      0.811953      0.114907    
  0.318749      0.787230      0.192047    
  0.277809      0.756874      0.249304    
  0.243605      0.722743      0.286373    
  0.216328      0.686771      0.314393    
  0.195679      0.650804      0.340992    
  0.180961      0.616479      0.369507    
  0.171211      0.585151      0.400778    
  0.165329      0.557864      0.433847    
  0.162210      0.535371      0.466277    
  0.160850      0.518170      0.494757    
  0.160427      0.506568      0.515950    
  0.160364      0.500731      0.527247    
  0.858076      0.500000      0.341653    
  0.858063      0.503081      0.336219    
  0.857865      0.512289      0.320253    
  0.857018      0.527502      0.294889    
  0.854779      0.548478      0.262316    
  0.850176      0.574801      0.225903    
  0.842084      0.605817      0.189870    
  0.829324      0.640584      0.158429    
  0.810794      0.677837      0.134705    
  0.785598      0.715991      0.120041    
  0.753198      0.753198      0.114047    
  0.713525      0.787446      0.115064    
  0.667066      0.816714      0.119837    
  0.614875      0.839149      0.121069    
  0.558530      0.853260      0.106924    
  0.500000      0.858076      0.771429E-01
  0.441470      0.853260      0.643932E-01
  0.385125      0.839149      0.101719    
  0.332934      0.816714      0.170812    
  0.286475      0.787446      0.232085    
  0.246802      0.753198      0.273239    
  0.214402      0.715991      0.302422    
  0.189206      0.677837      0.328191    
  0.170676      0.640584      0.354857    
  0.157916      0.605817      0.384112    
  0.149824      0.574801      0.415938    
  0.145221      0.548478      0.448717    
  0.142982      0.527502      0.479521    
  0.142135      0.512289      0.504845    
  0.141937      0.503081      0.521495    
  0.141924      0.500000      0.527299    
  0.875565      0.500808      0.319976    
  0.875496      0.507263      0.309366    
  0.875028      0.520092      0.288904    
  0.873524      0.539112      0.260312    
  0.870075      0.563986      0.226476    
  0.863571      0.594159      0.191316    
  0.852789      0.628801      0.159121    
  0.836514      0.666757      0.133489    
  0.813681      0.706529      0.116424    
  0.783519      0.746307      0.108122    
  0.745696      0.784048      0.107455    
  0.700425      0.817616      0.112426    
  0.648516      0.844953      0.119240    
  0.591361      0.864284      0.119738    
  0.530840      0.874298      0.105366    
  0.469160      0.874298      0.878129E-01
  0.408639      0.864284      0.101333    
  0.351484      0.844953      0.154068    
  0.299575      0.817616      0.214437    
  0.254304      0.784048      0.259328    
  0.216481      0.746307      0.290487    
  0.186319      0.706529      0.316178    
  0.163486      0.666757      0.341457    
  0.147211      0.628801      0.368644    
  0.136429      0.594159      0.398521    
  0.129925      0.563986      0.430406    
  0.126476      0.539112      0.462095    
  0.124972      0.520092      0.490302    
  0.124504      0.507263      0.511522    
  0.124435      0.500808      0.522913    
  0.892060      0.500000      0.300686    
  0.892045      0.503374      0.295483    
  0.891829      0.513455      0.280255    
  0.890902      0.530112      0.256263    
  0.888450      0.553079      0.225860    
  0.883410      0.581900      0.192520    
  0.874550      0.615860      0.160401    
  0.860580      0.653926      0.133405    
  0.840290      0.694714      0.114151    
  0.812703      0.736490      0.103472    
  0.777228      0.777228      0.100701    
  0.733790      0.814727      0.104365    
  0.682921      0.846772      0.112339    
  0.625778      0.871337      0.120284    
  0.564085      0.886787      0.120240    
  0.500000      0.892060      0.110129    
  0.435915      0.886787      0.110487    
  0.374222      0.871337      0.144001    
  0.317079      0.846772      0.197612    
  0.266210      0.814727      0.244568    
  0.222772      0.777228      0.278168    
  0.187297      0.736490      0.304530    
  0.159710      0.694714      0.329084    
  0.139420      0.653926      0.354579    
  0.125450      0.615860      0.382344    
  0.116590      0.581900      0.412539    
  0.111550      0.553079      0.443864    
  0.109098      0.530112      0.473614    
  0.108171      0.513455      0.498322    
  0.107955      0.503374      0.514693    
  0.107940      0.500000      0.520423    
  0.907513      0.500877      0.279215    
  0.907438      0.507880      0.269283    
  0.906931      0.521801      0.250240    
  0.905298      0.542440      0.223901    
  0.901556      0.569429      0.193205    
  0.894499      0.602169      0.161995    
  0.882800      0.639758      0.134272    
  0.865140      0.680943      0.113164    
  0.840364      0.724098      0.100164    
  0.807637      0.767259      0.951259E-01
  0.766596      0.808211      0.969074E-01
  0.717474      0.844634      0.104004    
  0.661149      0.874298      0.114198    
  0.599132      0.895273      0.122720    
  0.533464      0.906138      0.123560    
  0.466536      0.906138      0.122439    
  0.400868      0.895273      0.140606    
  0.338851      0.874298      0.183096    
  0.282526      0.844634      0.229251    
  0.233404      0.808211      0.265173    
  0.192363      0.767259      0.292814    
  0.159636      0.724098      0.317325    
  0.134860      0.680943      0.341726    
  0.117200      0.639758      0.367644    
  0.105501      0.602169      0.395849    
  0.984437E-01  0.569429      0.425929    
  0.947017E-01  0.542440      0.455997    
  0.930694E-01  0.521801      0.482980    
  0.925620E-01  0.507880      0.503429    
  0.924868E-01  0.500877      0.514460    
  0.921888      0.500000      0.261244    
  0.921872      0.503630      0.256445    
  0.921639      0.514479      0.242453    
  0.920642      0.532403      0.220572    
  0.918003      0.557117      0.193172    
  0.912580      0.588131      0.163644    
  0.903045      0.624675      0.135885    
  0.888012      0.665637      0.113363    
  0.866179      0.709528      0.981990E-01
  0.836494      0.754482      0.908441E-01
  0.798320      0.798320      0.905148E-01
  0.751577      0.838671      0.959542E-01
  0.696838      0.873154      0.105775    
  0.635347      0.899588      0.117588    
  0.568960      0.916214      0.126664    
  0.500000      0.921888      0.130793    
  0.431040      0.916214      0.141345    
  0.364653      0.899588      0.171905    
  0.303162      0.873154      0.214015    
  0.248423      0.838671      0.251402    
  0.201680      0.798320      0.280692    
  0.163506      0.754482      0.305743    
  0.133821      0.709528      0.329688    
  0.111988      0.665637      0.354279    
  0.969546E-01  0.624675      0.380619    
  0.874200E-01  0.588131      0.409007    
  0.819965E-01  0.557117      0.438443    
  0.793584E-01  0.532403      0.466526    
  0.783607E-01  0.514479      0.489988    
  0.781278E-01  0.503630      0.505612    
  0.781122E-01  0.500000      0.511095    
  0.935142      0.500937      0.242248    
  0.935061      0.508415      0.233205    
  0.934519      0.523279      0.215957    
  0.932776      0.545317      0.192314    
  0.928781      0.574136      0.165132    
  0.921245      0.609095      0.138028    
  0.908752      0.649233      0.114614    
  0.889896      0.693210      0.975416E-01
  0.863440      0.739291      0.878967E-01
  0.828494      0.785379      0.853467E-01
  0.784671      0.829107      0.888362E-01
  0.732218      0.868000      0.972330E-01
  0.672075      0.899674      0.109254    
  0.605853      0.922071      0.122288    
  0.535732      0.933673      0.132546    
  0.464268      0.933673      0.142439    
  0.394147      0.922071      0.163938    
  0.327925      0.899674      0.199665    
  0.267782      0.868000      0.236980    
  0.215329      0.829107      0.267949    
  0.171506      0.785379      0.293985    
  0.136560      0.739291      0.318034    
  0.110104      0.693210      0.341891    
  0.912476E-01  0.649233      0.366771    
  0.787551E-01  0.609095      0.393424    
  0.712192E-01  0.574136      0.421639    
  0.672235E-01  0.545317      0.449834    
  0.654805E-01  0.523279      0.475222    
  0.649387E-01  0.508415      0.494542    
  0.648584E-01  0.500937      0.504996    
  0.947244      0.500000      0.227195    
  0.947227      0.503848      0.222851    
  0.946980      0.515349      0.210225    
  0.945922      0.534350      0.190609    
  0.943126      0.560550      0.166299    
  0.937376      0.593428      0.140497    
  0.927269      0.632168      0.116763    
  0.911332      0.675592      0.981273E-01
  0.888187      0.722121      0.862939E-01
  0.856717      0.769777      0.814693E-01
  0.816249      0.816249      0.828702E-01
  0.766697      0.859026      0.894616E-01
  0.708668      0.895581      0.100322    
  0.643481      0.923604      0.114160    
  0.573105      0.941228      0.128279    
  0.500000      0.947244      0.140897    
  0.426895      0.941228      0.157901    
  0.356519      0.923604      0.186827    
  0.291332      0.895581      0.222249    
  0.233303      0.859026      0.254501    
  0.183751      0.816249      0.281805    
  0.143283      0.769777      0.306395    
  0.111813      0.722121      0.330064    
  0.886678E-01  0.675592      0.354009    
  0.727313E-01  0.632168      0.379181    
  0.626237E-01  0.593428      0.405951    
  0.568742E-01  0.560550      0.433549    
  0.540775E-01  0.534350      0.459875    
  0.530199E-01  0.515349      0.481922    
  0.527730E-01  0.503848      0.496641    
  0.527565E-01  0.500000      0.501816    
  0.958157      0.500986      0.211747    
  0.958073      0.508860      0.203594    
  0.957502      0.524511      0.188109    
  0.955667      0.547714      0.167047    
  0.951460      0.578057      0.143112    
  0.943526      0.614866      0.119644    
  0.930372      0.657127      0.998667E-01
  0.910519      0.703430      0.860257E-01
  0.882663      0.751948      0.789197E-01
  0.845868      0.800473      0.781411E-01
  0.799728      0.846514      0.827684E-01
  0.744501      0.887464      0.919541E-01
  0.681176      0.920814      0.104946    
  0.611452      0.944396      0.120316    
  0.537622      0.956611      0.135721    
  0.462378      0.956611      0.151994    
  0.388548      0.944396      0.175620    
  0.318824      0.920814      0.207697    
  0.255499      0.887464      0.240402    
  0.200272      0.846514      0.269057    
  0.154132      0.800473      0.294509    
  0.117337      0.751948      0.318427    
  0.894814E-01  0.703430      0.341955    
  0.696276E-01  0.657127      0.366065    
  0.564743E-01  0.614866      0.391465    
  0.485399E-01  0.578057      0.418068    
  0.443328E-01  0.547714      0.444539    
  0.424977E-01  0.524511      0.468371    
  0.419272E-01  0.508860      0.486535    
  0.418426E-01  0.500986      0.496379    
  0.967858      0.500000      0.200225    
  0.967841      0.504026      0.196300    
  0.967583      0.516056      0.184920    
  0.966476      0.535934      0.167336    
  0.963551      0.563341      0.145733    
  0.957536      0.597734      0.123093    
  0.946963      0.638260      0.102652    
  0.930292      0.683686      0.870642E-01
  0.906080      0.732359      0.777240E-01
  0.873160      0.782212      0.746982E-01
  0.830826      0.830826      0.772623E-01
  0.778990      0.875574      0.845806E-01
  0.718286      0.913815      0.960351E-01
  0.650095      0.943129      0.110915    
  0.576474      0.961566      0.127647    
  0.500000      0.967858      0.144873    
  0.423526      0.961566      0.165571    
  0.349905      0.943129      0.193801    
  0.281714      0.913815      0.225849    
  0.221010      0.875574      0.255683    
  0.169174      0.830826      0.282207    
  0.126840      0.782212      0.306698    
  0.939204E-01  0.732359      0.330248    
  0.697081E-01  0.683686      0.353758    
  0.530372E-01  0.638260      0.378062    
  0.424636E-01  0.597734      0.403554    
  0.364492E-01  0.563341      0.429622    
  0.335236E-01  0.535934      0.454411    
  0.324172E-01  0.516056      0.475169    
  0.321589E-01  0.504026      0.489039    
  0.321416E-01  0.500000      0.493919    
  0.976317      0.501025      0.188570    
  0.976229      0.509211      0.181175    
  0.975636      0.525482      0.167179    
  0.973728      0.549605      0.148260    
  0.969354      0.581151      0.126961    
  0.961105      0.619419      0.106363    
  0.947430      0.663354      0.893647E-01
  0.926790      0.711493      0.779012E-01
  0.897830      0.761934      0.725851E-01
  0.859577      0.812383      0.729975E-01
  0.811608      0.860249      0.783511E-01
  0.754192      0.902821      0.880110E-01
  0.688357      0.937493      0.101529    
  0.615870      0.962009      0.118093    
  0.539114      0.974709      0.136177    
  0.460886      0.974709      0.155908    
  0.384130      0.962009      0.180827    
  0.311643      0.937493      0.211169    
  0.245808      0.902821      0.241704    
  0.188392      0.860249      0.269394    
  0.140423      0.812383      0.294690    
  0.102170      0.761934      0.318598    
  0.732103E-01  0.711493      0.341930    
  0.525697E-01  0.663354      0.365508    
  0.388951E-01  0.619419      0.389990    
  0.306461E-01  0.581151      0.415355    
  0.262723E-01  0.549605      0.440446    
  0.243644E-01  0.525482      0.462987    
  0.237714E-01  0.509211      0.480163    
  0.236834E-01  0.501025      0.489476    
  0.983514      0.500000      0.180605    
  0.983496      0.504161      0.177014    
  0.983229      0.516594      0.166624    
  0.982086      0.537136      0.150635    
  0.979062      0.565461      0.131123    
  0.972846      0.601005      0.110877    
  0.961919      0.642886      0.928674E-01
  0.944690      0.689832      0.794636E-01
  0.919668      0.740134      0.718496E-01
  0.885646      0.791655      0.700215E-01
  0.841896      0.841896      0.733268E-01
  0.788326      0.888142      0.810876E-01
  0.725590      0.927662      0.928826E-01
  0.655117      0.957957      0.108310    
  0.579033      0.977011      0.126377    
  0.500000      0.983514      0.146012    
  0.420967      0.977011      0.168736    
  0.344883      0.957957      0.196753    
  0.274410      0.927662      0.227240    
  0.211674      0.888142      0.256025    
  0.158104      0.841896      0.282287    
  0.114354      0.791655      0.306796    
  0.803322E-01  0.740134      0.330296    
  0.553097E-01  0.689832      0.353526    
  0.380809E-01  0.642886      0.377237    
  0.271536E-01  0.601005      0.401816    
  0.209378E-01  0.565461      0.426750    
  0.179144E-01  0.537136      0.450364    
  0.167710E-01  0.516594      0.470108    
  0.165040E-01  0.504161      0.483299    
  0.164861E-01  0.500000      0.487940    
  0.989427      0.501054      0.172571    
  0.989336      0.509465      0.165738    
  0.988727      0.526183      0.152839    
  0.986767      0.550970      0.135481    
  0.982272      0.583384      0.116075    
  0.973796      0.622705      0.975002E-01
  0.959745      0.667851      0.824150E-01
  0.938537      0.717314      0.725457E-01
  0.908780      0.769144      0.683931E-01
  0.869474      0.820981      0.695522E-01
  0.820185      0.870164      0.753438E-01
  0.761188      0.913909      0.852789E-01
  0.693542      0.949534      0.990852E-01
  0.619059      0.974726      0.116262    
  0.540190      0.987775      0.135713    
  0.459810      0.987775      0.157256    
  0.380941      0.974726      0.182936    
  0.306458      0.949534      0.212523    
  0.238812      0.913909      0.242104    
  0.179815      0.870164      0.269423    
  0.130526      0.820981      0.294708    
  0.912197E-01  0.769144      0.318636    
  0.614634E-01  0.717314      0.341854    
  0.402546E-01  0.667851      0.365093    
  0.262036E-01  0.622705      0.388966    
  0.177276E-01  0.583384      0.413481    
  0.132335E-01  0.550970      0.437595    
  0.112730E-01  0.526183      0.459200    
  0.106637E-01  0.509465      0.475649    
  0.105733E-01  0.501054      0.484566    
  0.994044      0.500000      0.167958    
  0.994026      0.504251      0.164594    
  0.993753      0.516955      0.154876    
  0.992585      0.537945      0.139965    
  0.989495      0.566886      0.121850    
  0.983144      0.603204      0.103183    
  0.971979      0.645998      0.867487E-01
  0.954375      0.693966      0.747325E-01
  0.928807      0.745364      0.681894E-01
  0.894045      0.798007      0.670840E-01
  0.849342      0.849342      0.708222E-01
  0.794605      0.896595      0.788332E-01
  0.730503      0.936976      0.908150E-01
  0.658495      0.967930      0.106527    
  0.580755      0.987399      0.125262    
  0.500000      0.994044      0.146109    
  0.419245      0.987399      0.169892    
  0.341505      0.967930      0.197887    
  0.269497      0.936976      0.227700    
  0.205395      0.896595      0.256059    
  0.150658      0.849342      0.282251    
  0.105955      0.798007      0.306796    
  0.711925E-01  0.745364      0.330275    
  0.456252E-01  0.693966      0.353340    
  0.280211E-01  0.645998      0.376688    
  0.168558E-01  0.603204      0.400691    
  0.105047E-01  0.566886      0.424891    
  0.741537E-02  0.537945      0.447727    
  0.624708E-02  0.516955      0.466789    
  0.597434E-02  0.504251      0.479518    
  0.595605E-02  0.500000      0.483996    
  0.997349      0.501071      0.163261    
  0.997257      0.509618      0.156768    
  0.996638      0.526607      0.144532    
  0.994646      0.551795      0.128111    
  0.990079      0.584734      0.109832    
  0.981465      0.624692      0.924463E-01
  0.967187      0.670567      0.784701E-01
  0.945635      0.720831      0.695087E-01
  0.915397      0.773500      0.660053E-01
  0.875454      0.826176      0.675711E-01
  0.825367      0.876156      0.735946E-01
  0.765416      0.920608      0.836721E-01
  0.696674      0.956811      0.976238E-01
  0.620986      0.982410      0.115096    
  0.540841      0.995670      0.135197    
  0.459159      0.995670      0.157613    
  0.379014      0.982410      0.183694    
  0.303326      0.956811      0.212986    
  0.234584      0.920608      0.242180    
  0.174633      0.876156      0.269372    
  0.124546      0.826176      0.294676    
  0.846030E-01  0.773500      0.318621    
  0.543650E-01  0.720831      0.341780    
  0.328130E-01  0.670567      0.364832    
  0.185346E-01  0.624692      0.388360    
  0.992136E-02  0.584734      0.412384    
  0.535446E-02  0.551795      0.435925    
  0.336229E-02  0.526607      0.456973    
  0.274306E-02  0.509618      0.472982    
  0.265121E-02  0.501071      0.481658    
  0.999337      0.500000      0.161789    
  0.999319      0.504297      0.158540    
  0.999043      0.517137      0.149159    
  0.997862      0.538351      0.134786    
  0.994740      0.567603      0.117366    
  0.988321      0.604310      0.994777E-01
  0.977036      0.647562      0.838134E-01
  0.959243      0.696044      0.724673E-01
  0.933402      0.747993      0.664341E-01
  0.898267      0.801199      0.656669E-01
  0.853085      0.853085      0.696037E-01
  0.797761      0.900844      0.777271E-01
  0.732973      0.941657      0.897919E-01
  0.660193      0.972943      0.105627    
  0.581620      0.992621      0.124642    
  0.500000      0.999337      0.145999    
  0.418380      0.992621      0.170239    
  0.339807      0.972943      0.198251    
  0.267027      0.941657      0.227819    
  0.202239      0.900844      0.256028    
  0.146915      0.853085      0.282209    
  0.101733      0.801199      0.306776    
  0.665984E-01  0.747993      0.330246    
  0.407571E-01  0.696044      0.353236    
  0.229644E-01  0.647562      0.376412    
  0.116795E-01  0.604310      0.400139    
  0.526035E-02  0.567603      0.423980    
  0.213791E-02  0.538351      0.446433    
  0.957098E-03  0.517137      0.465156    
  0.681442E-03  0.504297      0.477652    
  0.662955E-03  0.500000      0.482048    
  0.999999      0.501076      0.160211    
  0.999907      0.509669      0.153833    
  0.999284      0.526749      0.141817    
  0.997281      0.552071      0.125708    
  0.992690      0.585186      0.107801    
  0.984031      0.625356      0.908068E-01
  0.969676      0.671476      0.771927E-01
  0.948009      0.722008      0.685254E-01
  0.917610      0.774957      0.652300E-01
  0.877455      0.827914      0.669245E-01
  0.827101      0.878160      0.730204E-01
  0.766830      0.922849      0.831418E-01
  0.697722      0.959245      0.971380E-01
  0.621631      0.984980      0.114699    
  0.541058      0.998311      0.134992    
  0.458942      0.998311      0.157669    
  0.378369      0.984980      0.183875    
  0.302278      0.959245      0.213092    
  0.233170      0.922849      0.242183    
  0.172899      0.878160      0.269345    
  0.122545      0.827914      0.294658    
  0.823896E-01  0.774957      0.318610    
  0.519905E-01  0.722008      0.341750    
  0.303236E-01  0.671476      0.364742    
  0.159691E-01  0.625356      0.388160    
  0.731004E-02  0.585186      0.412024    
  0.271880E-02  0.552071      0.435377    
  0.716023E-03  0.526749      0.456239    
  0.934974E-04  0.509669      0.472103    
  0.115855E-05  0.501076      0.480699    
