   0.00000       0.00000      0.766421    
  0.273905E-02   0.00000      0.768261    
  0.109262E-01   0.00000      0.773845    
  0.244717E-01   0.00000      0.783302    
  0.432273E-01   0.00000      0.796638    
  0.669873E-01   0.00000      0.813335    
  0.954915E-01   0.00000      0.831705    
  0.128428       0.00000      0.848115    
  0.165435       0.00000      0.856530    
  0.206107       0.00000      0.849165    
  0.250000       0.00000      0.818854    
  0.296632       0.00000      0.762686    
  0.345492       0.00000      0.684819    
  0.396044       0.00000      0.595984    
  0.447736       0.00000      0.509290    
  0.500000       0.00000      0.434914    
  0.552264       0.00000      0.377082    
  0.603956       0.00000      0.334449    
  0.654508       0.00000      0.302531    
  0.703368       0.00000      0.276315    
  0.750000       0.00000      0.252062    
  0.793893       0.00000      0.228033    
  0.834565       0.00000      0.204245    
  0.871572       0.00000      0.181674    
  0.904508       0.00000      0.161433    
  0.933013       0.00000      0.144295    
  0.956773       0.00000      0.130574    
  0.975528       0.00000      0.120242    
  0.989074       0.00000      0.113102    
  0.997261       0.00000      0.108929    
   1.00000       0.00000      0.107558    
  0.685233E-03  0.662955E-03  0.767093    
  0.615583E-02  0.662955E-03  0.770822    
  0.170371E-01  0.662955E-03  0.778391    
  0.332098E-01  0.662955E-03  0.789907    
  0.544967E-01  0.662955E-03  0.805181    
  0.806647E-01  0.662955E-03  0.823202    
  0.111427      0.662955E-03  0.841389    
  0.146447      0.662955E-03  0.854891    
  0.185340      0.662955E-03  0.856577    
  0.227680      0.662955E-03  0.838517    
  0.273005      0.662955E-03  0.795173    
  0.320816      0.662955E-03  0.726977    
  0.370590      0.662955E-03  0.641739    
  0.421783      0.662955E-03  0.552131    
  0.473832      0.662955E-03  0.470449    
  0.526168      0.662955E-03  0.404086    
  0.578217      0.662955E-03  0.354259    
  0.629410      0.662955E-03  0.317675    
  0.679184      0.662955E-03  0.289256    
  0.726995      0.662955E-03  0.264432    
  0.772320      0.662955E-03  0.240417    
  0.814660      0.662955E-03  0.216424    
  0.853553      0.662955E-03  0.193068    
  0.888573      0.662955E-03  0.171495    
  0.919335      0.662955E-03  0.152692    
  0.945503      0.662955E-03  0.137207    
  0.966790      0.662955E-03  0.125165    
  0.982963      0.662955E-03  0.116434    
  0.993844      0.662955E-03  0.110787    
  0.999315      0.662955E-03  0.108022    
   0.00000      0.265006E-02  0.767272    
  0.273905E-02  0.265006E-02  0.769174    
  0.109262E-01  0.265006E-02  0.774948    
  0.244717E-01  0.265006E-02  0.784732    
  0.432273E-01  0.265006E-02  0.798543    
  0.669873E-01  0.265006E-02  0.815864    
  0.954915E-01  0.265006E-02  0.834980    
  0.128428      0.265006E-02  0.852184    
  0.165435      0.265006E-02  0.861308    
  0.206107      0.265006E-02  0.854383    
  0.250000      0.265006E-02  0.824074    
  0.296632      0.265006E-02  0.767393    
  0.345492      0.265006E-02  0.688583    
  0.396044      0.265006E-02  0.598618    
  0.447736      0.265006E-02  0.510899    
  0.500000      0.265006E-02  0.435831    
  0.552264      0.265006E-02  0.377713    
  0.603956      0.265006E-02  0.335138    
  0.654508      0.265006E-02  0.303473    
  0.703368      0.265006E-02  0.277545    
  0.750000      0.265006E-02  0.253493    
  0.793893      0.265006E-02  0.229526    
  0.834565      0.265006E-02  0.205671    
  0.871572      0.265006E-02  0.182947    
  0.904508      0.265006E-02  0.162521    
  0.933013      0.265006E-02  0.145202    
  0.956773      0.265006E-02  0.131328    
  0.975528      0.265006E-02  0.120879    
  0.989074      0.265006E-02  0.113658    
  0.997261      0.265006E-02  0.109438    
   1.00000      0.265006E-02  0.108051    
  0.685233E-03  0.595605E-02  0.768872    
  0.615583E-02  0.595605E-02  0.772853    
  0.170371E-01  0.595605E-02  0.780940    
  0.332098E-01  0.595605E-02  0.793262    
  0.544967E-01  0.595605E-02  0.809645    
  0.806647E-01  0.595605E-02  0.829056    
  0.111427      0.595605E-02  0.848820    
  0.146447      0.595605E-02  0.863876    
  0.185340      0.595605E-02  0.866766    
  0.227680      0.595605E-02  0.849187    
  0.273005      0.595605E-02  0.805327    
  0.320816      0.595605E-02  0.735619    
  0.370590      0.595605E-02  0.648218    
  0.421783      0.595605E-02  0.556369    
  0.473832      0.595605E-02  0.472919    
  0.526168      0.595605E-02  0.405574    
  0.578217      0.595605E-02  0.355554    
  0.629410      0.595605E-02  0.319333    
  0.679184      0.595605E-02  0.291504    
  0.726995      0.595605E-02  0.267199    
  0.772320      0.595605E-02  0.243455    
  0.814660      0.595605E-02  0.219445    
  0.853553      0.595605E-02  0.195850    
  0.888573      0.595605E-02  0.173919    
  0.919335      0.595605E-02  0.154734    
  0.945503      0.595605E-02  0.138903    
  0.966790      0.595605E-02  0.126584    
  0.982963      0.595605E-02  0.117650    
  0.993844      0.595605E-02  0.111874    
  0.999315      0.595605E-02  0.109045    
   0.00000      0.105722E-01  0.770004    
  0.273905E-02  0.105722E-01  0.772096    
  0.109262E-01  0.105722E-01  0.778449    
  0.244717E-01  0.105722E-01  0.789233    
  0.432273E-01  0.105722E-01  0.804496    
  0.669873E-01  0.105722E-01  0.823723    
  0.954915E-01  0.105722E-01  0.845117    
  0.128428      0.105722E-01  0.864745    
  0.165435      0.105722E-01  0.876029    
  0.206107      0.105722E-01  0.870449    
  0.250000      0.105722E-01  0.840141    
  0.296632      0.105722E-01  0.781885    
  0.345492      0.105722E-01  0.700189    
  0.396044      0.105722E-01  0.606765    
  0.447736      0.105722E-01  0.515920    
  0.500000      0.105722E-01  0.438743    
  0.552264      0.105722E-01  0.379773    
  0.603956      0.105722E-01  0.337404    
  0.654508      0.105722E-01  0.306545    
  0.703368      0.105722E-01  0.281520    
  0.750000      0.105722E-01  0.258095    
  0.793893      0.105722E-01  0.234315    
  0.834565      0.105722E-01  0.210238    
  0.871572      0.105722E-01  0.187027    
  0.904508      0.105722E-01  0.166008    
  0.933013      0.105722E-01  0.148114    
  0.956773      0.105722E-01  0.133753    
  0.975528      0.105722E-01  0.122930    
  0.989074      0.105722E-01  0.115452    
  0.997261      0.105722E-01  0.111082    
   1.00000      0.105722E-01  0.109646    
  0.685233E-03  0.164861E-01  0.772774    
  0.615583E-02  0.164861E-01  0.777271    
  0.170371E-01  0.164861E-01  0.786421    
  0.332098E-01  0.164861E-01  0.800397    
  0.544967E-01  0.164861E-01  0.819055    
  0.806647E-01  0.164861E-01  0.841320    
  0.111427      0.164861E-01  0.864317    
  0.146447      0.164861E-01  0.882557    
  0.185340      0.164861E-01  0.887913    
  0.227680      0.164861E-01  0.871312    
  0.273005      0.164861E-01  0.826383    
  0.320816      0.164861E-01  0.753561    
  0.370590      0.164861E-01  0.661711    
  0.421783      0.164861E-01  0.565261    
  0.473832      0.164861E-01  0.478197    
  0.526168      0.164861E-01  0.408871    
  0.578217      0.164861E-01  0.358507    
  0.629410      0.164861E-01  0.323097    
  0.679184      0.164861E-01  0.296538    
  0.726995      0.164861E-01  0.273339    
  0.772320      0.164861E-01  0.250161    
  0.814660      0.164861E-01  0.226099    
  0.853553      0.164861E-01  0.201973    
  0.888573      0.164861E-01  0.179256    
  0.919335      0.164861E-01  0.159235    
  0.945503      0.164861E-01  0.142653    
  0.966790      0.164861E-01  0.129728    
  0.982963      0.164861E-01  0.120353    
  0.993844      0.164861E-01  0.114293    
  0.999315      0.164861E-01  0.111327    
   0.00000      0.236823E-01  0.775093    
  0.273905E-02  0.236823E-01  0.777510    
  0.109262E-01  0.236823E-01  0.784860    
  0.244717E-01  0.236823E-01  0.797363    
  0.432273E-01  0.236823E-01  0.815122    
  0.669873E-01  0.236823E-01  0.837624    
  0.954915E-01  0.236823E-01  0.862932    
  0.128428      0.236823E-01  0.886725    
  0.165435      0.236823E-01  0.901717    
  0.206107      0.236823E-01  0.898437    
  0.250000      0.236823E-01  0.868117    
  0.296632      0.236823E-01  0.807135    
  0.345492      0.236823E-01  0.720462    
  0.396044      0.236823E-01  0.621082    
  0.447736      0.236823E-01  0.524874    
  0.500000      0.236823E-01  0.444116    
  0.552264      0.236823E-01  0.383760    
  0.603956      0.236823E-01  0.341853    
  0.654508      0.236823E-01  0.312495    
  0.703368      0.236823E-01  0.289118    
  0.750000      0.236823E-01  0.266819    
  0.793893      0.236823E-01  0.243354    
  0.834565      0.236823E-01  0.218844    
  0.871572      0.236823E-01  0.194714    
  0.904508      0.236823E-01  0.172587    
  0.933013      0.236823E-01  0.153621    
  0.956773      0.236823E-01  0.138351    
  0.975528      0.236823E-01  0.126833    
  0.989074      0.236823E-01  0.118875    
  0.997261      0.236823E-01  0.114227    
   1.00000      0.236823E-01  0.112701    
  0.685233E-03  0.321416E-01  0.779362    
  0.615583E-02  0.321416E-01  0.784660    
  0.170371E-01  0.321416E-01  0.795458    
  0.332098E-01  0.321416E-01  0.812001    
  0.544967E-01  0.321416E-01  0.834188    
  0.806647E-01  0.321416E-01  0.860878    
  0.111427      0.321416E-01  0.888886    
  0.146447      0.321416E-01  0.912060    
  0.185340      0.321416E-01  0.921232    
  0.227680      0.321416E-01  0.906133    
  0.273005      0.321416E-01  0.859522    
  0.320816      0.321416E-01  0.781845    
  0.370590      0.321416E-01  0.683078    
  0.421783      0.321416E-01  0.579497    
  0.473832      0.321416E-01  0.486874    
  0.526168      0.321416E-01  0.414576    
  0.578217      0.321416E-01  0.363838    
  0.629410      0.321416E-01  0.329874    
  0.679184      0.321416E-01  0.305466    
  0.726995      0.321416E-01  0.284104    
  0.772320      0.321416E-01  0.261842    
  0.814660      0.321416E-01  0.237652    
  0.853553      0.321416E-01  0.212594    
  0.888573      0.321416E-01  0.188521    
  0.919335      0.321416E-01  0.167065    
  0.945503      0.321416E-01  0.149193    
  0.966790      0.321416E-01  0.135232    
  0.982963      0.321416E-01  0.125102    
  0.993844      0.321416E-01  0.118556    
  0.999315      0.321416E-01  0.115354    
   0.00000      0.418415E-01  0.783110    
  0.273905E-02  0.418415E-01  0.785999    
  0.109262E-01  0.418415E-01  0.794791    
  0.244717E-01  0.418415E-01  0.809782    
  0.432273E-01  0.418415E-01  0.831152    
  0.669873E-01  0.418415E-01  0.858391    
  0.954915E-01  0.418415E-01  0.889360    
  0.128428      0.418415E-01  0.919172    
  0.165435      0.418415E-01  0.939521    
  0.206107      0.418415E-01  0.939553    
  0.250000      0.418415E-01  0.909193    
  0.296632      0.418415E-01  0.844239    
  0.345492      0.418415E-01  0.750342    
  0.396044      0.418415E-01  0.642347    
  0.447736      0.418415E-01  0.538425    
  0.500000      0.418415E-01  0.452607    
  0.552264      0.418415E-01  0.390454    
  0.603956      0.418415E-01  0.349492    
  0.654508      0.418415E-01  0.322602    
  0.703368      0.418415E-01  0.301850    
  0.750000      0.418415E-01  0.281309    
  0.793893      0.418415E-01  0.258294    
  0.834565      0.418415E-01  0.233039    
  0.871572      0.418415E-01  0.207392    
  0.904508      0.418415E-01  0.183453    
  0.933013      0.418415E-01  0.162740    
  0.956773      0.418415E-01  0.145993    
  0.975528      0.418415E-01  0.133343    
  0.989074      0.418415E-01  0.124605    
  0.997261      0.418415E-01  0.119505    
   1.00000      0.418415E-01  0.117830    
  0.685233E-03  0.527565E-01  0.789121    
  0.615583E-02  0.527565E-01  0.795518    
  0.170371E-01  0.527565E-01  0.808576    
  0.332098E-01  0.527565E-01  0.828637    
  0.544967E-01  0.527565E-01  0.855664    
  0.806647E-01  0.527565E-01  0.888419    
  0.111427      0.527565E-01  0.923296    
  0.146447      0.527565E-01  0.953227    
  0.185340      0.527565E-01  0.967616    
  0.227680      0.527565E-01  0.954555    
  0.273005      0.527565E-01  0.905614    
  0.320816      0.527565E-01  0.821254    
  0.370590      0.527565E-01  0.713000    
  0.421783      0.527565E-01  0.599688    
  0.473832      0.527565E-01  0.499577    
  0.526168      0.527565E-01  0.423458    
  0.578217      0.527565E-01  0.372576    
  0.629410      0.527565E-01  0.341033    
  0.679184      0.527565E-01  0.319984    
  0.726995      0.527565E-01  0.301425    
  0.772320      0.527565E-01  0.280515    
  0.814660      0.527565E-01  0.256060    
  0.853553      0.527565E-01  0.229500    
  0.888573      0.527565E-01  0.203281    
  0.919335      0.527565E-01  0.179565    
  0.945503      0.527565E-01  0.159666    
  0.966790      0.527565E-01  0.144078    
  0.982963      0.527565E-01  0.132761    
  0.993844      0.527565E-01  0.125453    
  0.999315      0.527565E-01  0.121880    
   0.00000      0.648574E-01  0.794321    
  0.273905E-02  0.648574E-01  0.797827    
  0.109262E-01  0.648574E-01  0.808507    
  0.244717E-01  0.648574E-01  0.826754    
  0.432273E-01  0.648574E-01  0.852851    
  0.669873E-01  0.648574E-01  0.886290    
  0.954915E-01  0.648574E-01  0.924666    
  0.128428      0.648574E-01  0.962354    
  0.165435      0.648574E-01  0.989703    
  0.206107      0.648574E-01  0.994055    
  0.250000      0.648574E-01  0.963620    
  0.296632      0.648574E-01  0.893448    
  0.345492      0.648574E-01  0.790091    
  0.396044      0.648574E-01  0.670866    
  0.447736      0.648574E-01  0.556992    
  0.500000      0.648574E-01  0.464841    
  0.552264      0.648574E-01  0.400797    
  0.603956      0.648574E-01  0.361670    
  0.654508      0.648574E-01  0.338637    
  0.703368      0.648574E-01  0.321837    
  0.750000      0.648574E-01  0.303881    
  0.793893      0.648574E-01  0.281467    
  0.834565      0.648574E-01  0.255014    
  0.871572      0.648574E-01  0.227019    
  0.904508      0.648574E-01  0.200298    
  0.933013      0.648574E-01  0.176913    
  0.956773      0.648574E-01  0.157907    
  0.975528      0.648574E-01  0.143529    
  0.989074      0.648574E-01  0.133598    
  0.997261      0.648574E-01  0.127806    
   1.00000      0.648574E-01  0.125906    
  0.685233E-03  0.781122E-01  0.801930    
  0.615583E-02  0.781122E-01  0.809703    
  0.170371E-01  0.781122E-01  0.825592    
  0.332098E-01  0.781122E-01  0.850060    
  0.544967E-01  0.781122E-01  0.883146    
  0.806647E-01  0.781122E-01  0.923495    
  0.111427      0.781122E-01  0.966970    
  0.146447      0.781122E-01   1.00536    
  0.185340      0.781122E-01   1.02627    
  0.227680      0.781122E-01   1.01575    
  0.273005      0.781122E-01  0.963875    
  0.320816      0.781122E-01  0.871153    
  0.370590      0.781122E-01  0.751071    
  0.421783      0.781122E-01  0.625726    
  0.473832      0.781122E-01  0.516560    
  0.526168      0.781122E-01  0.436199    
  0.578217      0.781122E-01  0.385902    
  0.629410      0.781122E-01  0.358276    
  0.679184      0.781122E-01  0.342261    
  0.726995      0.781122E-01  0.327793    
  0.772320      0.781122E-01  0.308792    
  0.814660      0.781122E-01  0.283861    
  0.853553      0.781122E-01  0.255013    
  0.888573      0.781122E-01  0.225570    
  0.919335      0.781122E-01  0.198475    
  0.945503      0.781122E-01  0.175553    
  0.966790      0.781122E-01  0.157537    
  0.982963      0.781122E-01  0.144452    
  0.993844      0.781122E-01  0.136007    
  0.999315      0.781122E-01  0.131881    
   0.00000      0.924858E-01  0.808034    
  0.273905E-02  0.924858E-01  0.812278    
  0.109262E-01  0.924858E-01  0.825217    
  0.244717E-01  0.924858E-01  0.847357    
  0.432273E-01  0.924858E-01  0.879106    
  0.669873E-01  0.924858E-01  0.919959    
  0.954915E-01  0.924858E-01  0.967193    
  0.128428      0.924858E-01   1.01430    
  0.165435      0.924858E-01   1.05001    
  0.206107      0.924858E-01   1.05953    
  0.250000      0.924858E-01   1.02900    
  0.296632      0.924858E-01  0.952610    
  0.345492      0.924858E-01  0.838007    
  0.396044      0.924858E-01  0.705519    
  0.447736      0.924858E-01  0.580091    
  0.500000      0.924858E-01  0.480980    
  0.552264      0.924858E-01  0.415596    
  0.603956      0.924858E-01  0.379829    
  0.654508      0.924858E-01  0.362625    
  0.703368      0.924858E-01  0.351552    
  0.750000      0.924858E-01  0.337253    
  0.793893      0.924858E-01  0.315611    
  0.834565      0.924858E-01  0.287347    
  0.871572      0.924858E-01  0.255898    
  0.904508      0.924858E-01  0.225113    
  0.933013      0.924858E-01  0.197833    
  0.956773      0.924858E-01  0.175540    
  0.975528      0.924858E-01  0.158646    
  0.989074      0.924858E-01  0.146981    
  0.997261      0.924858E-01  0.140183    
   1.00000      0.924858E-01  0.137954    
  0.685233E-03  0.107940      0.816311    
  0.615583E-02  0.107940      0.825648    
  0.170371E-01  0.107940      0.844753    
  0.332098E-01  0.107940      0.874227    
  0.544967E-01  0.107940      0.914197    
  0.806647E-01  0.107940      0.963174    
  0.111427      0.107940       1.01642    
  0.146447      0.107940       1.06441    
  0.185340      0.107940       1.09275    
  0.227680      0.107940       1.08513    
  0.273005      0.107940       1.02996    
  0.320816      0.107940      0.927827    
  0.370590      0.107940      0.794492    
  0.421783      0.107940      0.655848    
  0.473832      0.107940      0.537062    
  0.526168      0.107940      0.452945    
  0.578217      0.107940      0.404758    
  0.629410      0.107940      0.383240    
  0.679184      0.107940      0.374492    
  0.726995      0.107940      0.365765    
  0.772320      0.107940      0.349366    
  0.814660      0.107940      0.323675    
  0.853553      0.107940      0.291530    
  0.888573      0.107940      0.257490    
  0.919335      0.107940      0.225595    
  0.945503      0.107940      0.198384    
  0.966790      0.107940      0.176928    
  0.982963      0.107940      0.161335    
  0.993844      0.107940      0.151277    
  0.999315      0.107940      0.146368    
   0.00000      0.124434      0.821810    
  0.273905E-02  0.124434      0.826843    
  0.109262E-01  0.124434      0.842198    
  0.244717E-01  0.124434      0.868505    
  0.432273E-01  0.124434      0.906302    
  0.669873E-01  0.124434      0.955090    
  0.954915E-01  0.124434       1.01180    
  0.128428      0.124434       1.06899    
  0.165435      0.124434       1.11368    
  0.206107      0.124434       1.12875    
  0.250000      0.124434       1.09820    
  0.296632      0.124434       1.01526    
  0.345492      0.124434      0.888835    
  0.396044      0.124434      0.742553    
  0.447736      0.124434      0.605478    
  0.500000      0.124434      0.500098    
  0.552264      0.124434      0.434989    
  0.603956      0.124434      0.404944    
  0.654508      0.124434      0.396179    
  0.703368      0.124434      0.393051    
  0.750000      0.124434      0.383714    
  0.793893      0.124434      0.363045    
  0.834565      0.124434      0.332221    
  0.871572      0.124434      0.295981    
  0.904508      0.124434      0.259585    
  0.933013      0.124434      0.226939    
  0.956773      0.124434      0.200119    
  0.975528      0.124434      0.179764    
  0.989074      0.124434      0.165711    
  0.997261      0.124434      0.157527    
   1.00000      0.124434      0.154845    
  0.685233E-03  0.141924      0.828675    
  0.615583E-02  0.141924      0.839566    
  0.170371E-01  0.141924      0.861869    
  0.332098E-01  0.141924      0.896320    
  0.544967E-01  0.141924      0.943137    
  0.806647E-01  0.141924       1.00070    
  0.111427      0.141924       1.06367    
  0.146447      0.141924       1.12125    
  0.185340      0.141924       1.15700    
  0.227680      0.141924       1.15235    
  0.273005      0.141924       1.09406    
  0.320816      0.141924      0.982816    
  0.370590      0.141924      0.836740    
  0.421783      0.141924      0.685635    
  0.473832      0.141924      0.558560    
  0.526168      0.141924      0.472645    
  0.578217      0.141924      0.429145    
  0.629410      0.141924      0.416639    
  0.679184      0.141924      0.417853    
  0.726995      0.141924      0.416783    
  0.772320      0.141924      0.403779    
  0.814660      0.141924      0.377004    
  0.853553      0.141924      0.340429    
  0.888573      0.141924      0.300250    
  0.919335      0.141924      0.261963    
  0.945503      0.141924      0.229044    
  0.966790      0.141924      0.203012    
  0.982963      0.141924      0.184084    
  0.993844      0.141924      0.171882    
  0.999315      0.141924      0.165929    
   0.00000      0.160363      0.830896    
  0.273905E-02  0.160363      0.836643    
  0.109262E-01  0.160363      0.854182    
  0.244717E-01  0.160363      0.884257    
  0.432273E-01  0.160363      0.927526    
  0.669873E-01  0.160363      0.983496    
  0.954915E-01  0.160363       1.04880    
  0.128428      0.160363       1.11514    
  0.165435      0.160363       1.16800    
  0.206107      0.160363       1.18821    
  0.250000      0.160363       1.15780    
  0.296632      0.160363       1.06924    
  0.345492      0.160363      0.932615    
  0.396044      0.160363      0.774675    
  0.447736      0.160363      0.628425    
  0.500000      0.160363      0.519511    
  0.552264      0.160363      0.457676    
  0.603956      0.160363      0.436525    
  0.654508      0.160363      0.439232    
  0.703368      0.160363      0.446462    
  0.750000      0.160363      0.443468    
  0.793893      0.160363      0.423991    
  0.834565      0.160363      0.389851    
  0.871572      0.160363      0.347462    
  0.904508      0.160363      0.303886    
  0.933013      0.160363      0.264381    
  0.956773      0.160363      0.231779    
  0.975528      0.160363      0.207001    
  0.989074      0.160363      0.189896    
  0.997261      0.160363      0.179942    
   1.00000      0.160363      0.176682    
  0.685233E-03  0.179703      0.833118    
  0.615583E-02  0.179703      0.845242    
  0.170371E-01  0.179703      0.870082    
  0.332098E-01  0.179703      0.908484    
  0.544967E-01  0.179703      0.960740    
  0.806647E-01  0.179703       1.02513    
  0.111427      0.179703       1.09585    
  0.146447      0.179703       1.16110    
  0.185340      0.179703       1.20288    
  0.227680      0.179703       1.20080    
  0.273005      0.179703       1.14037    
  0.320816      0.179703       1.02245    
  0.370590      0.179703      0.867160    
  0.421783      0.179703      0.707623    
  0.473832      0.179703      0.576289    
  0.526168      0.179703      0.492387    
  0.578217      0.179703      0.457134    
  0.629410      0.179703      0.456889    
  0.679184      0.179703      0.470762    
  0.726995      0.179703      0.479171    
  0.772320      0.179703      0.470308    
  0.814660      0.179703      0.442188    
  0.853553      0.179703      0.400193    
  0.888573      0.179703      0.352528    
  0.919335      0.179703      0.306451    
  0.945503      0.179703      0.266582    
  0.966790      0.179703      0.234978    
  0.982963      0.179703      0.211988    
  0.993844      0.179703      0.197175    
  0.999315      0.179703      0.189953    
   0.00000      0.199893      0.828580    
  0.273905E-02  0.199893      0.834789    
  0.109262E-01  0.199893      0.853743    
  0.244717E-01  0.199893      0.886259    
  0.432273E-01  0.199893      0.933079    
  0.669873E-01  0.199893      0.993719    
  0.954915E-01  0.199893       1.06463    
  0.128428      0.199893       1.13697    
  0.165435      0.199893       1.19528    
  0.206107      0.199893       1.21906    
  0.250000      0.199893       1.18916    
  0.296632      0.199893       1.09760    
  0.345492      0.199893      0.955363    
  0.396044      0.199893      0.791463    
  0.447736      0.199893      0.641804    
  0.500000      0.199893      0.534474    
  0.552264      0.199893      0.480164    
  0.603956      0.199893      0.471366    
  0.654508      0.199893      0.488287    
  0.703368      0.199893      0.507838    
  0.750000      0.199893      0.512269    
  0.793893      0.199893      0.494188    
  0.834565      0.199893      0.456232    
  0.871572      0.199893      0.406768    
  0.904508      0.199893      0.354936    
  0.933013      0.199893      0.307547    
  0.956773      0.199893      0.268298    
  0.975528      0.199893      0.238437    
  0.989074      0.199893      0.217826    
  0.997261      0.199893      0.205837    
   1.00000      0.199893      0.201912    
  0.685233E-03  0.220878      0.822516    
  0.615583E-02  0.220878      0.835178    
  0.170371E-01  0.220878      0.861126    
  0.332098E-01  0.220878      0.901259    
  0.544967E-01  0.220878      0.955907    
  0.806647E-01  0.220878       1.02332    
  0.111427      0.220878       1.09752    
  0.146447      0.220878       1.16628    
  0.185340      0.220878       1.21098    
  0.227680      0.220878       1.21051    
  0.273005      0.220878       1.14992    
  0.320816      0.220878       1.03027    
  0.370590      0.220878      0.872777    
  0.421783      0.220878      0.712429    
  0.473832      0.220878      0.583694    
  0.526168      0.220878      0.507172    
  0.578217      0.220878      0.484009    
  0.629410      0.220878      0.498656    
  0.679184      0.220878      0.526925    
  0.726995      0.220878      0.545841    
  0.772320      0.220878      0.541550    
  0.814660      0.220878      0.512035    
  0.853553      0.220878      0.464248    
  0.888573      0.220878      0.408567    
  0.919335      0.220878      0.354146    
  0.945503      0.220878      0.306831    
  0.966790      0.220878      0.269257    
  0.982963      0.220878      0.241917    
  0.993844      0.220878      0.224306    
  0.999315      0.220878      0.215723    
   0.00000      0.242604      0.808095    
  0.273905E-02  0.242604      0.814337    
  0.109262E-01  0.242604      0.833393    
  0.244717E-01  0.242604      0.866089    
  0.432273E-01  0.242604      0.913183    
  0.669873E-01  0.242604      0.974205    
  0.954915E-01  0.242604       1.04562    
  0.128428      0.242604       1.11859    
  0.165435      0.242604       1.17765    
  0.206107      0.242604       1.20230    
  0.250000      0.242604       1.17342    
  0.296632      0.242604       1.08316    
  0.345492      0.242604      0.942834    
  0.396044      0.242604      0.782069    
  0.447736      0.242604      0.637712    
  0.500000      0.242604      0.538841    
  0.552264      0.242604      0.496608    
  0.603956      0.242604      0.502706    
  0.654508      0.242604      0.535039    
  0.703368      0.242604      0.567391    
  0.750000      0.242604      0.579434    
  0.793893      0.242604      0.562870    
  0.834565      0.242604      0.521235    
  0.871572      0.242604      0.464856    
  0.904508      0.242604      0.404933    
  0.933013      0.242604      0.349810    
  0.956773      0.242604      0.304041    
  0.975528      0.242604      0.269191    
  0.989074      0.242604      0.245139    
  0.997261      0.242604      0.231153    
   1.00000      0.242604      0.226575    
  0.685233E-03  0.265012      0.791203    
  0.615583E-02  0.265012      0.803407    
  0.170371E-01  0.265012      0.828418    
  0.332098E-01  0.265012      0.867102    
  0.544967E-01  0.265012      0.919779    
  0.806647E-01  0.265012      0.984762    
  0.111427      0.265012       1.05630    
  0.146447      0.265012       1.12261    
  0.185340      0.265012       1.16577    
  0.227680      0.265012       1.16549    
  0.273005      0.265012       1.10745    
  0.320816      0.265012      0.992945    
  0.370590      0.265012      0.842917    
  0.421783      0.265012      0.691921    
  0.473832      0.265012      0.574273    
  0.526168      0.265012      0.510734    
  0.578217      0.265012      0.502336    
  0.629410      0.265012      0.532412    
  0.679184      0.265012      0.574551    
  0.726995      0.265012      0.603313    
  0.772320      0.265012      0.603352    
  0.814660      0.265012      0.572780    
  0.853553      0.265012      0.520002    
  0.888573      0.265012      0.457339    
  0.919335      0.265012      0.395628    
  0.945503      0.265012      0.341801    
  0.966790      0.265012      0.299002    
  0.982963      0.265012      0.267854    
  0.993844      0.265012      0.247795    
  0.999315      0.265012      0.238021    
   0.00000      0.288043      0.765815    
  0.273905E-02  0.288043      0.771561    
  0.109262E-01  0.288043      0.789103    
  0.244717E-01  0.288043      0.819195    
  0.432273E-01  0.288043      0.862527    
  0.669873E-01  0.288043      0.918652    
  0.954915E-01  0.288043      0.984286    
  0.128428      0.288043       1.05126    
  0.165435      0.288043       1.10529    
  0.206107      0.288043       1.12745    
  0.250000      0.288043       1.10017    
  0.296632      0.288043       1.01638    
  0.345492      0.288043      0.886939    
  0.396044      0.288043      0.739974    
  0.447736      0.288043      0.610634    
  0.500000      0.288043      0.526992    
  0.552264      0.288043      0.499948    
  0.603956      0.288043      0.520957    
  0.654508      0.288043      0.566937    
  0.703368      0.288043      0.610011    
  0.750000      0.288043      0.628370    
  0.793893      0.288043      0.613282    
  0.834565      0.288043      0.569083    
  0.871572      0.288043      0.507636    
  0.904508      0.288043      0.441717    
  0.933013      0.288043      0.380842    
  0.956773      0.288043      0.330215    
  0.975528      0.288043      0.291648    
  0.989074      0.288043      0.265031    
  0.997261      0.288043      0.249558    
   1.00000      0.288043      0.244494    
  0.685233E-03  0.311636      0.738292    
  0.615583E-02  0.311636      0.748982    
  0.170371E-01  0.311636      0.770883    
  0.332098E-01  0.311636      0.804740    
  0.544967E-01  0.311636      0.850810    
  0.806647E-01  0.311636      0.907572    
  0.111427      0.311636      0.969920    
  0.146447      0.311636       1.02744    
  0.185340      0.311636       1.06431    
  0.227680      0.311636       1.06265    
  0.273005      0.311636       1.00998    
  0.320816      0.311636      0.907743    
  0.370590      0.311636      0.775048    
  0.421783      0.311636      0.643421    
  0.473832      0.311636      0.544477    
  0.526168      0.311636      0.497644    
  0.578217      0.311636      0.503821    
  0.629410      0.311636      0.546424    
  0.679184      0.311636      0.598634    
  0.726995      0.311636      0.634246    
  0.772320      0.311636      0.637449    
  0.814660      0.311636      0.606640    
  0.853553      0.311636      0.551182    
  0.888573      0.311636      0.484590    
  0.919335      0.311636      0.418720    
  0.945503      0.311636      0.361157    
  0.966790      0.311636      0.315357    
  0.982963      0.311636      0.282020    
  0.993844      0.311636      0.260554    
  0.999315      0.311636      0.250096    
   0.00000      0.335729      0.704076    
  0.273905E-02  0.335729      0.708847    
  0.109262E-01  0.335729      0.723408    
  0.244717E-01  0.335729      0.748373    
  0.432273E-01  0.335729      0.784284    
  0.669873E-01  0.335729      0.830722    
  0.954915E-01  0.335729      0.884880    
  0.128428      0.335729      0.939849    
  0.165435      0.335729      0.983580    
  0.206107      0.335729       1.00019    
  0.250000      0.335729      0.974969    
  0.296632      0.335729      0.902204    
  0.345492      0.335729      0.791513    
  0.396044      0.335729      0.667412    
  0.447736      0.335729      0.560737    
  0.500000      0.335729      0.496482    
  0.552264      0.335729      0.484529    
  0.603956      0.335729      0.516799    
  0.654508      0.335729      0.571019    
  0.703368      0.335729      0.619791    
  0.750000      0.335729      0.641495    
  0.793893      0.335729      0.627634    
  0.834565      0.335729      0.583015    
  0.871572      0.335729      0.520131    
  0.904508      0.335729      0.452364    
  0.933013      0.335729      0.389662    
  0.956773      0.335729      0.337476    
  0.975528      0.335729      0.297712    
  0.989074      0.335729      0.270270    
  0.997261      0.335729      0.254318    
   1.00000      0.335729      0.249098    
  0.685233E-03  0.360257      0.669417    
  0.615583E-02  0.360257      0.677798    
  0.170371E-01  0.360257      0.694957    
  0.332098E-01  0.360257      0.721450    
  0.544967E-01  0.360257      0.757430    
  0.806647E-01  0.360257      0.801620    
  0.111427      0.360257      0.849878    
  0.146447      0.360257      0.893833    
  0.185340      0.360257      0.920813    
  0.227680      0.360257      0.916577    
  0.273005      0.360257      0.871295    
  0.320816      0.360257      0.786463    
  0.370590      0.360257      0.678049    
  0.421783      0.360257      0.572361    
  0.473832      0.360257      0.496103    
  0.526168      0.360257      0.466011    
  0.578217      0.360257      0.482848    
  0.629410      0.360257      0.531473    
  0.679184      0.360257      0.586863    
  0.726995      0.360257      0.624225    
  0.772320      0.360257      0.628588    
  0.814660      0.360257      0.598739    
  0.853553      0.360257      0.544165    
  0.888573      0.360257      0.478385    
  0.919335      0.360257      0.413225    
  0.945503      0.360257      0.356250    
  0.966790      0.360257      0.310906    
  0.982963      0.360257      0.277901    
  0.993844      0.360257      0.256649    
  0.999315      0.360257      0.246296    
   0.00000      0.385156      0.631314    
  0.273905E-02  0.385156      0.634833    
  0.109262E-01  0.385156      0.645564    
  0.244717E-01  0.385156      0.663937    
  0.432273E-01  0.385156      0.690306    
  0.669873E-01  0.385156      0.724281    
  0.954915E-01  0.385156      0.763658    
  0.128428      0.385156      0.803128    
  0.165435      0.385156      0.833507    
  0.206107      0.385156      0.842751    
  0.250000      0.385156      0.819792    
  0.296632      0.385156      0.760537    
  0.345492      0.385156      0.672784    
  0.396044      0.385156      0.576021    
  0.447736      0.385156      0.494937    
  0.500000      0.385156      0.449900    
  0.552264      0.385156      0.449170    
  0.603956      0.385156      0.485800    
  0.654508      0.385156      0.540149    
  0.703368      0.385156      0.587609    
  0.750000      0.385156      0.608595    
  0.793893      0.385156      0.595542    
  0.834565      0.385156      0.553229    
  0.871572      0.385156      0.493583    
  0.904508      0.385156      0.429309    
  0.933013      0.385156      0.369846    
  0.956773      0.385156      0.320357    
  0.975528      0.385156      0.282649    
  0.989074      0.385156      0.256625    
  0.997261      0.385156      0.241497    
   1.00000      0.385156      0.236546    
  0.685233E-03  0.410360      0.595046    
  0.615583E-02  0.410360      0.600830    
  0.170371E-01  0.410360      0.612652    
  0.332098E-01  0.410360      0.630858    
  0.544967E-01  0.410360      0.655480    
  0.806647E-01  0.410360      0.685513    
  0.111427      0.410360      0.717893    
  0.146447      0.410360      0.746536    
  0.185340      0.410360      0.762303    
  0.227680      0.410360      0.754997    
  0.273005      0.410360      0.717705    
  0.320816      0.410360      0.651856    
  0.370590      0.410360      0.569594    
  0.421783      0.410360      0.490902    
  0.473832      0.410360      0.436350    
  0.526168      0.410360      0.419143    
  0.578217      0.410360      0.439931    
  0.629410      0.410360      0.486150    
  0.679184      0.410360      0.536559    
  0.726995      0.410360      0.569817    
  0.772320      0.410360      0.573032    
  0.814660      0.410360      0.545397    
  0.853553      0.410360      0.495570    
  0.888573      0.410360      0.435757    
  0.919335      0.410360      0.376609    
  0.945503      0.410360      0.324929    
  0.966790      0.410360      0.283811    
  0.982963      0.410360      0.253883    
  0.993844      0.410360      0.234611    
  0.999315      0.410360      0.225222    
   0.00000      0.435801      0.558738    
  0.273905E-02  0.435801      0.560998    
  0.109262E-01  0.435801      0.567879    
  0.244717E-01  0.435801      0.579625    
  0.432273E-01  0.435801      0.596399    
  0.669873E-01  0.435801      0.617842    
  0.954915E-01  0.435801      0.642354    
  0.128428      0.435801      0.666231    
  0.165435      0.435801      0.683165    
  0.206107      0.435801      0.684953    
  0.250000      0.435801      0.664149    
  0.296632      0.435801      0.618201    
  0.345492      0.435801      0.552889    
  0.396044      0.435801      0.482297    
  0.447736      0.435801      0.424420    
  0.500000      0.435801      0.394414    
  0.552264      0.435801      0.398629    
  0.603956      0.435801      0.431691    
  0.654508      0.435801      0.477900    
  0.703368      0.435801      0.517225    
  0.750000      0.435801      0.533594    
  0.793893      0.435801      0.520896    
  0.834565      0.435801      0.483363    
  0.871572      0.435801      0.431230    
  0.904508      0.435801      0.375352    
  0.933013      0.435801      0.323773    
  0.956773      0.435801      0.280887    
  0.975528      0.435801      0.248218    
  0.989074      0.435801      0.225672    
  0.997261      0.435801      0.212564    
   1.00000      0.435801      0.208274    
  0.685233E-03  0.461412      0.526000    
  0.615583E-02  0.461412      0.529421    
  0.170371E-01  0.461412      0.536391    
  0.332098E-01  0.461412      0.547062    
  0.544967E-01  0.461412      0.561357    
  0.806647E-01  0.461412      0.578520    
  0.111427      0.461412      0.596469    
  0.146447      0.461412      0.611199    
  0.185340      0.461412      0.616780    
  0.227680      0.461412      0.606675    
  0.273005      0.461412      0.576572    
  0.320816      0.461412      0.527710    
  0.370590      0.461412      0.468504    
  0.421783      0.461412      0.412776    
  0.473832      0.461412      0.374992    
  0.526168      0.461412      0.364694    
  0.578217      0.461412      0.382445    
  0.629410      0.461412      0.418835    
  0.679184      0.461412      0.457569    
  0.726995      0.461412      0.482061    
  0.772320      0.461412      0.482281    
  0.814660      0.461412      0.457765    
  0.853553      0.461412      0.415586    
  0.888573      0.461412      0.365630    
  0.919335      0.461412      0.316499    
  0.945503      0.461412      0.273672    
  0.966790      0.461412      0.239628    
  0.982963      0.461412      0.214852    
  0.993844      0.461412      0.198894    
  0.999315      0.461412      0.191119    
   0.00000      0.487126      0.495536    
  0.273905E-02  0.487126      0.496752    
  0.109262E-01  0.487126      0.500441    
  0.244717E-01  0.487126      0.506693    
  0.432273E-01  0.487126      0.515515    
  0.669873E-01  0.487126      0.526575    
  0.954915E-01  0.487126      0.538776    
  0.128428      0.487126      0.549751    
  0.165435      0.487126      0.555576    
  0.206107      0.487126      0.551233    
  0.250000      0.487126      0.532252    
  0.296632      0.487126      0.497271    
  0.345492      0.487126      0.450214    
  0.396044      0.487126      0.400381    
  0.447736      0.487126      0.359798    
  0.500000      0.487126      0.338828    
  0.552264      0.487126      0.341950    
  0.603956      0.487126      0.365414    
  0.654508      0.487126      0.397906    
  0.703368      0.487126      0.424744    
  0.750000      0.487126      0.434051    
  0.793893      0.487126      0.421373    
  0.834565      0.487126      0.390042    
  0.871572      0.487126      0.347919    
  0.904508      0.487126      0.303304    
  0.933013      0.487126      0.262334    
  0.956773      0.487126      0.228340    
  0.975528      0.487126      0.202462    
  0.989074      0.487126      0.184601    
  0.997261      0.487126      0.174213    
   1.00000      0.487126      0.170813    
  0.685233E-03  0.512874      0.469159    
  0.615583E-02  0.512874      0.470784    
  0.170371E-01  0.512874      0.474066    
  0.332098E-01  0.512874      0.479010    
  0.544967E-01  0.512874      0.485461    
  0.806647E-01  0.512874      0.492854    
  0.111427      0.512874      0.499860    
  0.146447      0.512874      0.504061    
  0.185340      0.512874      0.501975    
  0.227680      0.512874      0.489833    
  0.273005      0.512874      0.465243    
  0.320816      0.512874      0.429150    
  0.370590      0.512874      0.386892    
  0.421783      0.512874      0.347345    
  0.473832      0.512874      0.320025    
  0.526168      0.512874      0.311289    
  0.578217      0.512874      0.321464    
  0.629410      0.512874      0.344136    
  0.679184      0.512874      0.368089    
  0.726995      0.512874      0.381770    
  0.772320      0.512874      0.378169    
  0.814660      0.512874      0.357066    
  0.853553      0.512874      0.323626    
  0.888573      0.512874      0.285010    
  0.919335      0.512874      0.247427    
  0.945503      0.512874      0.214817    
  0.966790      0.512874      0.188937    
  0.982963      0.512874      0.170109    
  0.993844      0.512874      0.157978    
  0.999315      0.512874      0.152064    
   0.00000      0.538588      0.445855    
  0.273905E-02  0.538588      0.446340    
  0.109262E-01  0.538588      0.447794    
  0.244717E-01  0.538588      0.450201    
  0.432273E-01  0.538588      0.453460    
  0.669873E-01  0.538588      0.457263    
  0.954915E-01  0.538588      0.460870    
  0.128428      0.538588      0.462859    
  0.165435      0.538588      0.460987    
  0.206107      0.538588      0.452463    
  0.250000      0.538588      0.434853    
  0.296632      0.538588      0.407482    
  0.345492      0.538588      0.372712    
  0.396044      0.538588      0.336320    
  0.447736      0.538588      0.306218    
  0.500000      0.538588      0.289284    
  0.552264      0.538588      0.288121    
  0.603956      0.538588      0.299951    
  0.654508      0.538588      0.317402    
  0.703368      0.538588      0.330942    
  0.750000      0.538588      0.332769    
  0.793893      0.538588      0.319981    
  0.834565      0.538588      0.294922    
  0.871572      0.538588      0.262990    
  0.904508      0.538588      0.229864    
  0.933013      0.538588      0.199719    
  0.956773      0.538588      0.174802    
  0.975528      0.538588      0.155856    
  0.989074      0.538588      0.142777    
  0.997261      0.538588      0.135167    
   1.00000      0.538588      0.132674    
  0.685233E-03  0.564199      0.426067    
  0.615583E-02  0.564199      0.426530    
  0.170371E-01  0.564199      0.427426    
  0.332098E-01  0.564199      0.428669    
  0.544967E-01  0.564199      0.430054    
  0.806647E-01  0.564199      0.431147    
  0.111427      0.564199      0.431115    
  0.146447      0.564199      0.428577    
  0.185340      0.564199      0.421640    
  0.227680      0.564199      0.408289    
  0.273005      0.564199      0.387202    
  0.320816      0.564199      0.358756    
  0.370590      0.564199      0.326003    
  0.421783      0.564199      0.295050    
  0.473832      0.564199      0.273012    
  0.526168      0.564199      0.263783    
  0.578217      0.564199      0.266283    
  0.629410      0.564199      0.275914    
  0.679184      0.564199      0.285973    
  0.726995      0.564199      0.289553    
  0.772320      0.564199      0.282377    
  0.814660      0.564199      0.264397    
  0.853553      0.564199      0.238992    
  0.888573      0.564199      0.210806    
  0.919335      0.564199      0.183846    
  0.945503      0.564199      0.160631    
  0.966790      0.564199      0.142262    
  0.982963      0.564199      0.128903    
  0.993844      0.564199      0.120292    
  0.999315      0.564199      0.116092    
   0.00000      0.589640      0.409039    
  0.273905E-02  0.589640      0.409086    
  0.109262E-01  0.589640      0.409201    
  0.244717E-01  0.589640      0.409304    
  0.432273E-01  0.589640      0.409236    
  0.669873E-01  0.589640      0.408704    
  0.954915E-01  0.589640      0.407193    
  0.128428      0.589640      0.403857    
  0.165435      0.589640      0.397469    
  0.206107      0.589640      0.386545    
  0.250000      0.589640      0.369687    
  0.296632      0.589640      0.346099    
  0.345492      0.589640      0.316491    
  0.396044      0.589640      0.284859    
  0.447736      0.589640      0.258806    
  0.500000      0.589640      0.244372    
  0.552264      0.589640      0.240992    
  0.603956      0.589640      0.244226    
  0.654508      0.589640      0.249448    
  0.703368      0.589640      0.251903    
  0.750000      0.589640      0.247489    
  0.793893      0.589640      0.234650    
  0.834565      0.589640      0.214886    
  0.871572      0.589640      0.191527    
  0.904508      0.589640      0.168052    
  0.933013      0.589640      0.146996    
  0.956773      0.589640      0.129698    
  0.975528      0.589640      0.116570    
  0.989074      0.589640      0.107505    
  0.997261      0.589640      0.102226    
   1.00000      0.589640      0.100496    
  0.685233E-03  0.614844      0.394482    
  0.615583E-02  0.614844      0.394299    
  0.170371E-01  0.614844      0.393868    
  0.332098E-01  0.614844      0.393055    
  0.544967E-01  0.614844      0.391633    
  0.806647E-01  0.614844      0.389246    
  0.111427      0.614844      0.385346    
  0.146447      0.614844      0.379143    
  0.185340      0.614844      0.369605    
  0.227680      0.614844      0.355529    
  0.273005      0.614844      0.335570    
  0.320816      0.614844      0.308535    
  0.370590      0.614844      0.275606    
  0.421783      0.614844      0.244168    
  0.473832      0.614844      0.224584    
  0.526168      0.614844      0.218823    
  0.578217      0.614844      0.219828    
  0.629410      0.614844      0.221652    
  0.679184      0.614844      0.221700    
  0.726995      0.614844      0.217698    
  0.772320      0.614844      0.207877    
  0.814660      0.614844      0.192392    
  0.853553      0.614844      0.173248    
  0.888573      0.614844      0.153150    
  0.919335      0.614844      0.134414    
  0.945503      0.614844      0.118468    
  0.966790      0.614844      0.105907    
  0.982963      0.614844      0.967794E-01
  0.993844      0.614844      0.908904E-01
  0.999315      0.614844      0.880146E-01
   0.00000      0.639743      0.381951    
  0.273905E-02  0.639743      0.381771    
  0.109262E-01  0.639743      0.381194    
  0.244717E-01  0.639743      0.380110    
  0.432273E-01  0.639743      0.378329    
  0.669873E-01  0.639743      0.375576    
  0.954915E-01  0.639743      0.371457    
  0.128428      0.639743      0.365438    
  0.165435      0.639743      0.356807    
  0.206107      0.639743      0.344633    
  0.250000      0.639743      0.327486    
  0.296632      0.639743      0.302936    
  0.345492      0.639743      0.268856    
  0.396044      0.639743      0.229896    
  0.447736      0.639743      0.201082    
  0.500000      0.639743      0.192794    
  0.552264      0.639743      0.196778    
  0.603956      0.639743      0.200087    
  0.654508      0.639743      0.199007    
  0.703368      0.639743      0.194234    
  0.750000      0.639743      0.185596    
  0.793893      0.639743      0.172863    
  0.834565      0.639743      0.156988    
  0.871572      0.639743      0.139833    
  0.904508      0.639743      0.123310    
  0.933013      0.639743      0.108791    
  0.956773      0.639743      0.969688E-01
  0.975528      0.639743      0.880205E-01
  0.989074      0.639743      0.818400E-01
  0.997261      0.639743      0.782359E-01
   1.00000      0.639743      0.770536E-01
  0.685233E-03  0.664271      0.370919    
  0.615583E-02  0.664271      0.370426    
  0.170371E-01  0.664271      0.369361    
  0.332098E-01  0.664271      0.367567    
  0.544967E-01  0.664271      0.364813    
  0.806647E-01  0.664271      0.360786    
  0.111427      0.664271      0.355087    
  0.146447      0.664271      0.347208    
  0.185340      0.664271      0.336463    
  0.227680      0.664271      0.321621    
  0.273005      0.664271      0.299869    
  0.320816      0.664271      0.266340    
  0.370590      0.664271      0.220132    
  0.421783      0.664271      0.176426    
  0.473832      0.664271      0.158689    
  0.526168      0.664271      0.167037    
  0.578217      0.664271      0.179028    
  0.629410      0.664271      0.181709    
  0.679184      0.664271      0.177023    
  0.726995      0.664271      0.168501    
  0.772320      0.664271      0.157142    
  0.814660      0.664271      0.143468    
  0.853553      0.664271      0.128608    
  0.888573      0.664271      0.113985    
  0.919335      0.664271      0.100793    
  0.945503      0.664271      0.897398E-01
  0.966790      0.664271      0.810855E-01
  0.982963      0.664271      0.748031E-01
  0.993844      0.664271      0.707450E-01
  0.999315      0.664271      0.687606E-01
   0.00000      0.688364      0.361246    
  0.273905E-02  0.688364      0.360965    
  0.109262E-01  0.688364      0.360083    
  0.244717E-01  0.688364      0.358476    
  0.432273E-01  0.688364      0.355947    
  0.669873E-01  0.688364      0.352232    
  0.954915E-01  0.688364      0.347002    
  0.128428      0.688364      0.339866    
  0.165435      0.688364      0.330316    
  0.206107      0.688364      0.317426    
  0.250000      0.688364      0.298721    
  0.296632      0.688364      0.268228    
  0.345492      0.688364      0.219063    
  0.396044      0.688364      0.159196    
  0.447736      0.688364      0.120961    
  0.500000      0.688364      0.125582    
  0.552264      0.688364      0.150562    
  0.603956      0.688364      0.165129    
  0.654508      0.688364      0.164501    
  0.703368      0.688364      0.156431    
  0.750000      0.688364      0.145529    
  0.793893      0.688364      0.133063    
  0.834565      0.688364      0.119767    
  0.871572      0.688364      0.106605    
  0.904508      0.688364      0.945164E-01
  0.933013      0.688364      0.841506E-01
  0.956773      0.688364      0.758034E-01
  0.975528      0.688364      0.695066E-01
  0.989074      0.688364      0.651557E-01
  0.997261      0.688364      0.626144E-01
   1.00000      0.688364      0.617798E-01
  0.685233E-03  0.711957      0.352410    
  0.615583E-02  0.711957      0.351793    
  0.170371E-01  0.711957      0.350473    
  0.332098E-01  0.711957      0.348290    
  0.544967E-01  0.711957      0.345013    
  0.806647E-01  0.711957      0.340357    
  0.111427      0.711957      0.333991    
  0.146447      0.711957      0.325521    
  0.185340      0.711957      0.314298    
  0.227680      0.711957      0.298524    
  0.273005      0.711957      0.272844    
  0.320816      0.711957      0.227035    
  0.370590      0.711957      0.157820    
  0.421783      0.711957      0.932450E-01
  0.473832      0.711957      0.776490E-01
  0.526168      0.711957      0.109256    
  0.578217      0.711957      0.142660    
  0.629410      0.711957      0.153388    
  0.679184      0.711957      0.148332    
  0.726995      0.711957      0.137812    
  0.772320      0.711957      0.125817    
  0.814660      0.711957      0.113396    
  0.853553      0.711957      0.101206    
  0.888573      0.711957      0.899254E-01
  0.919335      0.711957      0.800910E-01
  0.945503      0.711957      0.719917E-01
  0.966790      0.711957      0.656934E-01
  0.982963      0.711957      0.611265E-01
  0.993844      0.711957      0.581728E-01
  0.999315      0.711957      0.567260E-01
   0.00000      0.734988      0.344497    
  0.273905E-02  0.734988      0.344181    
  0.109262E-01  0.734988      0.343190    
  0.244717E-01  0.734988      0.341400    
  0.432273E-01  0.734988      0.338615    
  0.669873E-01  0.734988      0.334579    
  0.954915E-01  0.734988      0.328999    
  0.128428      0.734988      0.321544    
  0.165435      0.734988      0.311753    
  0.206107      0.734988      0.298486    
  0.250000      0.734988      0.277915    
  0.296632      0.734988      0.240132    
  0.345492      0.734988      0.173233    
  0.396044      0.734988      0.892749E-01
  0.447736      0.734988      0.401186E-01
  0.500000      0.734988      0.593739E-01
  0.552264      0.734988      0.109169    
  0.603956      0.734988      0.138980    
  0.654508      0.734988      0.142163    
  0.703368      0.734988      0.133297    
  0.750000      0.734988      0.121494    
  0.793893      0.734988      0.109398    
  0.834565      0.734988      0.977164E-01
  0.871572      0.734988      0.869242E-01
  0.904508      0.734988      0.774256E-01
  0.933013      0.734988      0.694696E-01
  0.956773      0.734988      0.631326E-01
  0.975528      0.734988      0.583686E-01
  0.989074      0.734988      0.550755E-01
  0.997261      0.734988      0.531489E-01
   1.00000      0.734988      0.525153E-01
  0.685233E-03  0.757396      0.337057    
  0.615583E-02  0.757396      0.336403    
  0.170371E-01  0.757396      0.335011    
  0.332098E-01  0.757396      0.332720    
  0.544967E-01  0.757396      0.329306    
  0.806647E-01  0.757396      0.324500    
  0.111427      0.757396      0.318004    
  0.146447      0.757396      0.309468    
  0.185340      0.757396      0.298203    
  0.227680      0.757396      0.281914    
  0.273005      0.757396      0.253293    
  0.320816      0.757396      0.198131    
  0.370590      0.757396      0.111479    
  0.421783      0.757396      0.311627E-01
  0.473832      0.757396      0.172942E-01
  0.526168      0.757396      0.668030E-01
  0.578217      0.757396      0.117121    
  0.629410      0.757396      0.135014    
  0.679184      0.757396      0.130807    
  0.726995      0.757396      0.119628    
  0.772320      0.757396      0.107541    
  0.814660      0.757396      0.959828E-01
  0.853553      0.757396      0.853760E-01
  0.888573      0.757396      0.760071E-01
  0.919335      0.757396      0.680675E-01
  0.945503      0.757396      0.616252E-01
  0.966790      0.757396      0.566457E-01
  0.982963      0.757396      0.530388E-01
  0.993844      0.757396      0.507032E-01
  0.999315      0.757396      0.495576E-01
   0.00000      0.779122      0.330307    
  0.273905E-02  0.779122      0.329984    
  0.109262E-01  0.779122      0.328973    
  0.244717E-01  0.779122      0.327151    
  0.432273E-01  0.779122      0.324327    
  0.669873E-01  0.779122      0.320256    
  0.954915E-01  0.779122      0.314663    
  0.128428      0.779122      0.307247    
  0.165435      0.779122      0.297572    
  0.206107      0.779122      0.284410    
  0.250000      0.779122      0.263383    
  0.296632      0.779122      0.222975    
  0.345492      0.779122      0.149229    
  0.396044      0.779122      0.558330E-01
  0.447736      0.779122      0.254853E-02
  0.500000      0.779122      0.279781E-01
  0.552264      0.779122      0.879781E-01
  0.603956      0.779122      0.124008    
  0.654508      0.779122      0.128722    
  0.703368      0.779122      0.119549    
  0.750000      0.779122      0.107501    
  0.793893      0.779122      0.958005E-01
  0.834565      0.779122      0.851211E-01
  0.871572      0.779122      0.756878E-01
  0.904508      0.779122      0.676332E-01
  0.933013      0.779122      0.610050E-01
  0.956773      0.779122      0.557704E-01
  0.975528      0.779122      0.518457E-01
  0.989074      0.779122      0.491319E-01
  0.997261      0.779122      0.475421E-01
   1.00000      0.779122      0.470189E-01
  0.685233E-03  0.800107      0.323859    
  0.615583E-02  0.800107      0.323205    
  0.170371E-01  0.800107      0.321816    
  0.332098E-01  0.800107      0.319534    
  0.544967E-01  0.800107      0.316142    
  0.806647E-01  0.800107      0.311384    
  0.111427      0.800107      0.304983    
  0.146447      0.800107      0.296618    
  0.185340      0.800107      0.285644    
  0.227680      0.800107      0.269818    
  0.273005      0.800107      0.241899    
  0.320816      0.800107      0.187744    
  0.370590      0.800107      0.102350    
  0.421783      0.800107      0.231468E-01
  0.473832      0.800107      0.967942E-02
  0.526168      0.800107      0.587750E-01
  0.578217      0.800107      0.108274    
  0.629410      0.800107      0.125310    
  0.679184      0.800107      0.120409    
  0.726995      0.800107      0.108886    
  0.772320      0.800107      0.969396E-01
  0.814660      0.800107      0.859936E-01
  0.853553      0.800107      0.763282E-01
  0.888573      0.800107      0.680352E-01
  0.919335      0.800107      0.611377E-01
  0.945503      0.800107      0.555979E-01
  0.966790      0.800107      0.513341E-01
  0.982963      0.800107      0.482478E-01
  0.993844      0.800107      0.462477E-01
  0.999315      0.800107      0.452656E-01
   0.00000      0.820297      0.317990    
  0.273905E-02  0.820297      0.317671    
  0.109262E-01  0.820297      0.316674    
  0.244717E-01  0.820297      0.314880    
  0.432273E-01  0.820297      0.312101    
  0.669873E-01  0.820297      0.308104    
  0.954915E-01  0.820297      0.302626    
  0.128428      0.820297      0.295391    
  0.165435      0.820297      0.286015    
  0.206107      0.820297      0.273445    
  0.250000      0.820297      0.253913    
  0.296632      0.820297      0.217489    
  0.345492      0.820297      0.152118    
  0.396044      0.820297      0.696164E-01
  0.447736      0.820297      0.215898E-01
  0.500000      0.820297      0.413734E-01
  0.552264      0.820297      0.908547E-01
  0.603956      0.820297      0.119548    
  0.654508      0.820297      0.121267    
  0.703368      0.820297      0.111252    
  0.750000      0.820297      0.991612E-01
  0.793893      0.820297      0.878324E-01
  0.834565      0.820297      0.778025E-01
  0.871572      0.820297      0.691631E-01
  0.904508      0.820297      0.619174E-01
  0.933013      0.820297      0.560193E-01
  0.956773      0.820297      0.513860E-01
  0.975528      0.820297      0.479181E-01
  0.989074      0.820297      0.455197E-01
  0.997261      0.820297      0.441136E-01
   1.00000      0.820297      0.436505E-01
  0.685233E-03  0.839637      0.312353    
  0.615583E-02  0.839637      0.311713    
  0.170371E-01  0.839637      0.310353    
  0.332098E-01  0.839637      0.308121    
  0.544967E-01  0.839637      0.304807    
  0.806647E-01  0.839637      0.300165    
  0.111427      0.839637      0.293935    
  0.146447      0.839637      0.285830    
  0.185340      0.839637      0.275336    
  0.227680      0.839637      0.260737    
  0.273005      0.839637      0.236525    
  0.320816      0.839637      0.191937    
  0.370590      0.839637      0.123205    
  0.421783      0.839637      0.589744E-01
  0.473832      0.839637      0.447887E-01
  0.526168      0.839637      0.783059E-01
  0.578217      0.839637      0.112156    
  0.629410      0.839637      0.121367    
  0.679184      0.839637      0.114117    
  0.726995      0.839637      0.102224    
  0.772320      0.839637      0.904886E-01
  0.814660      0.839637      0.800016E-01
  0.853553      0.839637      0.709274E-01
  0.888573      0.839637      0.632629E-01
  0.919335      0.839637      0.569549E-01
  0.945503      0.839637      0.519179E-01
  0.966790      0.839637      0.480507E-01
  0.982963      0.839637      0.452527E-01
  0.993844      0.839637      0.434385E-01
  0.999315      0.839637      0.425472E-01
   0.00000      0.858076      0.307245    
  0.273905E-02  0.858076      0.306934    
  0.109262E-01  0.858076      0.305962    
  0.244717E-01  0.858076      0.304213    
  0.432273E-01  0.858076      0.301506    
  0.669873E-01  0.858076      0.297614    
  0.954915E-01  0.858076      0.292288    
  0.128428      0.858076      0.285271    
  0.165435      0.858076      0.276251    
  0.206107      0.858076      0.264478    
  0.250000      0.858076      0.247374    
  0.296632      0.858076      0.218159    
  0.345492      0.858076      0.168631    
  0.396044      0.858076      0.107004    
  0.447736      0.858076      0.688333E-01
  0.500000      0.858076      0.771429E-01
  0.552264      0.858076      0.105897    
  0.603956      0.858076      0.120566    
  0.654508      0.858076      0.117035    
  0.703368      0.858076      0.105886    
  0.750000      0.858076      0.938268E-01
  0.793893      0.858076      0.828334E-01
  0.834565      0.858076      0.732572E-01
  0.871572      0.858076      0.651140E-01
  0.904508      0.858076      0.583481E-01
  0.933013      0.858076      0.528724E-01
  0.956773      0.858076      0.485833E-01
  0.975528      0.858076      0.453760E-01
  0.989074      0.858076      0.431576E-01
  0.997261      0.858076      0.418564E-01
   1.00000      0.858076      0.414277E-01
  0.685233E-03  0.875566      0.302344    
  0.615583E-02  0.875566      0.301721    
  0.170371E-01  0.875566      0.300397    
  0.332098E-01  0.875566      0.298225    
  0.544967E-01  0.875566      0.295001    
  0.806647E-01  0.875566      0.290489    
  0.111427      0.875566      0.284440    
  0.146447      0.875566      0.276603    
  0.185340      0.875566      0.266606    
  0.227680      0.875566      0.253356    
  0.273005      0.875566      0.233420    
  0.320816      0.875566      0.200107    
  0.370590      0.875566      0.151160    
  0.421783      0.875566      0.104723    
  0.473832      0.875566      0.895761E-01
  0.526168      0.875566      0.104418    
  0.578217      0.875566      0.119648    
  0.629410      0.875566      0.119724    
  0.679184      0.875566      0.109911    
  0.726995      0.875566      0.977220E-01
  0.772320      0.875566      0.862212E-01
  0.814660      0.875566      0.760977E-01
  0.853553      0.875566      0.674270E-01
  0.888573      0.875566      0.601605E-01
  0.919335      0.875566      0.542117E-01
  0.945503      0.875566      0.494757E-01
  0.966790      0.875566      0.458442E-01
  0.982963      0.875566      0.432172E-01
  0.993844      0.875566      0.415136E-01
  0.999315      0.875566      0.406763E-01
   0.00000      0.892060      0.297947    
  0.273905E-02  0.892060      0.297645    
  0.109262E-01  0.892060      0.296698    
  0.244717E-01  0.892060      0.294996    
  0.432273E-01  0.892060      0.292362    
  0.669873E-01  0.892060      0.288578    
  0.954915E-01  0.892060      0.283401    
  0.128428      0.892060      0.276594    
  0.165435      0.892060      0.267902    
  0.206107      0.892060      0.256851    
  0.250000      0.892060      0.241937    
  0.296632      0.892060      0.219247    
  0.345492      0.892060      0.184085    
  0.396044      0.892060      0.141406    
  0.447736      0.892060      0.112198    
  0.500000      0.892060      0.110129    
  0.552264      0.892060      0.120152    
  0.603956      0.892060      0.122229    
  0.654508      0.892060      0.114097    
  0.703368      0.892060      0.102056    
  0.750000      0.892060      0.901000E-01
  0.793893      0.892060      0.794070E-01
  0.834565      0.892060      0.701717E-01
  0.871572      0.892060      0.623674E-01
  0.904508      0.892060      0.559127E-01
  0.933013      0.892060      0.507037E-01
  0.956773      0.892060      0.466294E-01
  0.975528      0.892060      0.435841E-01
  0.989074      0.892060      0.414776E-01
  0.997261      0.892060      0.402418E-01
   1.00000      0.892060      0.398346E-01
  0.685233E-03  0.907514      0.293747    
  0.615583E-02  0.907514      0.293140    
  0.170371E-01  0.907514      0.291851    
  0.332098E-01  0.907514      0.289737    
  0.544967E-01  0.907514      0.286599    
  0.806647E-01  0.907514      0.282207    
  0.111427      0.907514      0.276325    
  0.146447      0.907514      0.268727    
  0.185340      0.907514      0.259145    
  0.227680      0.907514      0.246955    
  0.273005      0.907514      0.230284    
  0.320816      0.907514      0.205503    
  0.370590      0.907514      0.171499    
  0.421783      0.907514      0.138517    
  0.473832      0.907514      0.122733    
  0.526168      0.907514      0.123632    
  0.578217      0.907514      0.124983    
  0.629410      0.907514      0.118328    
  0.679184      0.907514      0.106719    
  0.726995      0.907514      0.944128E-01
  0.772320      0.907514      0.831531E-01
  0.814660      0.907514      0.733277E-01
  0.853553      0.907514      0.649543E-01
  0.888573      0.907514      0.579634E-01
  0.919335      0.907514      0.522547E-01
  0.945503      0.907514      0.477165E-01
  0.966790      0.907514      0.442388E-01
  0.982963      0.907514      0.417234E-01
  0.993844      0.907514      0.400918E-01
  0.999315      0.907514      0.392899E-01
   0.00000      0.921888      0.290038    
  0.273905E-02  0.921888      0.289743    
  0.109262E-01  0.921888      0.288821    
  0.244717E-01  0.921888      0.287162    
  0.432273E-01  0.921888      0.284595    
  0.669873E-01  0.921888      0.280906    
  0.954915E-01  0.921888      0.275863    
  0.128428      0.921888      0.269238    
  0.165435      0.921888      0.260819    
  0.206107      0.921888      0.250307    
  0.250000      0.921888      0.236904    
  0.296632      0.921888      0.218576    
  0.345492      0.921888      0.192922    
  0.396044      0.921888      0.162763    
  0.447736      0.921888      0.139541    
  0.500000      0.921888      0.130793    
  0.552264      0.921888      0.128670    
  0.603956      0.921888      0.122629    
  0.654508      0.921888      0.111613    
  0.703368      0.921888      0.991057E-01
  0.750000      0.921888      0.873102E-01
  0.793893      0.921888      0.768820E-01
  0.834565      0.921888      0.679146E-01
  0.871572      0.921888      0.603594E-01
  0.904508      0.921888      0.541244E-01
  0.933013      0.921888      0.490996E-01
  0.956773      0.921888      0.451719E-01
  0.975528      0.921888      0.422369E-01
  0.989074      0.921888      0.402067E-01
  0.997261      0.921888      0.390155E-01
   1.00000      0.921888      0.386230E-01
  0.685233E-03  0.935143      0.286522    
  0.615583E-02  0.935143      0.285930    
  0.170371E-01  0.935143      0.284672    
  0.332098E-01  0.935143      0.282607    
  0.544967E-01  0.935143      0.279544    
  0.806647E-01  0.935143      0.275258    
  0.111427      0.935143      0.269520    
  0.146447      0.935143      0.262119    
  0.185340      0.935143      0.252852    
  0.227680      0.935143      0.241372    
  0.273005      0.935143      0.226726    
  0.320816      0.935143      0.207096    
  0.370590      0.935143      0.182041    
  0.421783      0.935143      0.157138    
  0.473832      0.935143      0.141107    
  0.526168      0.935143      0.133899    
  0.578217      0.935143      0.127179    
  0.629410      0.935143      0.116676    
  0.679184      0.935143      0.104126    
  0.726995      0.935143      0.918560E-01
  0.772320      0.935143      0.808264E-01
  0.814660      0.935143      0.712466E-01
  0.853553      0.935143      0.631024E-01
  0.888573      0.935143      0.563149E-01
  0.919335      0.935143      0.507791E-01
  0.945503      0.935143      0.463815E-01
  0.966790      0.935143      0.430124E-01
  0.982963      0.935143      0.405757E-01
  0.993844      0.935143      0.389952E-01
  0.999315      0.935143      0.382182E-01
   0.00000      0.947244      0.283488    
  0.273905E-02  0.947244      0.283199    
  0.109262E-01  0.947244      0.282297    
  0.244717E-01  0.947244      0.280674    
  0.432273E-01  0.947244      0.278164    
  0.669873E-01  0.947244      0.274557    
  0.954915E-01  0.947244      0.269627    
  0.128428      0.947244      0.263154    
  0.165435      0.947244      0.254948    
  0.206107      0.947244      0.244810    
  0.250000      0.947244      0.232327    
  0.296632      0.947244      0.216492    
  0.345492      0.947244      0.196162    
  0.396044      0.947244      0.172984    
  0.447736      0.947244      0.153171    
  0.500000      0.947244      0.140897    
  0.552264      0.947244      0.132255    
  0.603956      0.947244      0.121897    
  0.654508      0.947244      0.109421    
  0.703368      0.947244      0.967673E-01
  0.750000      0.947244      0.851552E-01
  0.793893      0.947244      0.749524E-01
  0.834565      0.947244      0.661979E-01
  0.871572      0.947244      0.588329E-01
  0.904508      0.947244      0.527610E-01
  0.933013      0.947244      0.478709E-01
  0.956773      0.947244      0.440499E-01
  0.975528      0.947244      0.411948E-01
  0.989074      0.947244      0.392198E-01
  0.997261      0.947244      0.380610E-01
   1.00000      0.947244      0.376791E-01
  0.685233E-03  0.958158      0.280644    
  0.615583E-02  0.958158      0.280064    
  0.170371E-01  0.958158      0.278830    
  0.332098E-01  0.958158      0.276808    
  0.544967E-01  0.958158      0.273806    
  0.806647E-01  0.958158      0.269607    
  0.111427      0.958158      0.263986    
  0.146447      0.958158      0.256743    
  0.185340      0.958158      0.247709    
  0.227680      0.958158      0.236679    
  0.273005      0.958158      0.223177    
  0.320816      0.958158      0.206324    
  0.370590      0.958158      0.186025    
  0.421783      0.958158      0.165432    
  0.473832      0.958158      0.149399    
  0.526168      0.958158      0.138112    
  0.578217      0.958158      0.127332    
  0.629410      0.958158      0.114949    
  0.679184      0.958158      0.102018    
  0.726995      0.958158      0.898628E-01
  0.772320      0.958158      0.790360E-01
  0.814660      0.958158      0.696543E-01
  0.853553      0.958158      0.616882E-01
  0.888573      0.958158      0.550547E-01
  0.919335      0.958158      0.496478E-01
  0.945503      0.958158      0.453540E-01
  0.966790      0.958158      0.420649E-01
  0.982963      0.958158      0.396861E-01
  0.993844      0.958158      0.381431E-01
  0.999315      0.958158      0.373845E-01
   0.00000      0.967858      0.278274    
  0.273905E-02  0.967858      0.277991    
  0.109262E-01  0.967858      0.277105    
  0.244717E-01  0.967858      0.275511    
  0.432273E-01  0.967858      0.273047    
  0.669873E-01  0.967858      0.269505    
  0.954915E-01  0.967858      0.264665    
  0.128428      0.967858      0.258312    
  0.165435      0.967858      0.250269    
  0.206107      0.967858      0.240387    
  0.250000      0.967858      0.228444    
  0.296632      0.967858      0.213945    
  0.345492      0.967858      0.196374    
  0.396044      0.967858      0.176791    
  0.447736      0.967858      0.158792    
  0.500000      0.967858      0.144873    
  0.552264      0.967858      0.133088    
  0.603956      0.967858      0.120682    
  0.654508      0.967858      0.107578    
  0.703368      0.967858      0.949414E-01
  0.750000      0.967858      0.835017E-01
  0.793893      0.967858      0.734815E-01
  0.834565      0.967858      0.648931E-01
  0.871572      0.967858      0.576727E-01
  0.904508      0.967858      0.517233E-01
  0.933013      0.967858      0.469333E-01
  0.956773      0.967858      0.431910E-01
  0.975528      0.967858      0.403950E-01
  0.989074      0.967858      0.384608E-01
  0.997261      0.967858      0.373259E-01
   1.00000      0.967858      0.369519E-01
  0.685233E-03  0.976318      0.276093    
  0.615583E-02  0.976318      0.275522    
  0.170371E-01  0.976318      0.274308    
  0.332098E-01  0.976318      0.272318    
  0.544967E-01  0.976318      0.269365    
  0.806647E-01  0.976318      0.265233    
  0.111427      0.976318      0.259704    
  0.146447      0.976318      0.252581    
  0.185340      0.976318      0.243714    
  0.227680      0.976318      0.232968    
  0.273005      0.976318      0.220099    
  0.320816      0.976318      0.204683    
  0.370590      0.976318      0.186792    
  0.421783      0.976318      0.168396    
  0.473832      0.976318      0.152461    
  0.526168      0.976318      0.139285    
  0.578217      0.976318      0.126621    
  0.629410      0.976318      0.113412    
  0.679184      0.976318      0.100378    
  0.726995      0.976318      0.883529E-01
  0.772320      0.976318      0.776901E-01
  0.814660      0.976318      0.684614E-01
  0.853553      0.976318      0.606297E-01
  0.888573      0.976318      0.541110E-01
  0.919335      0.976318      0.487992E-01
  0.945503      0.976318      0.445816E-01
  0.966790      0.976318      0.413512E-01
  0.982963      0.976318      0.390148E-01
  0.993844      0.976318      0.374992E-01
  0.999315      0.976318      0.367542E-01
   0.00000      0.983514      0.274379    
  0.273905E-02  0.983514      0.274100    
  0.109262E-01  0.983514      0.273226    
  0.244717E-01  0.983514      0.271655    
  0.432273E-01  0.983514      0.269225    
  0.669873E-01  0.983514      0.265733    
  0.954915E-01  0.983514      0.260960    
  0.128428      0.983514      0.254696    
  0.165435      0.983514      0.246772    
  0.206107      0.983514      0.237061    
  0.250000      0.983514      0.225435    
  0.296632      0.983514      0.211643    
  0.345492      0.983514      0.195469    
  0.396044      0.983514      0.177688    
  0.447736      0.983514      0.160640    
  0.500000      0.983514      0.146012    
  0.552264      0.983514      0.132799    
  0.603956      0.983514      0.119487    
  0.654508      0.983514      0.106153    
  0.703368      0.983514      0.935897E-01
  0.750000      0.983514      0.822901E-01
  0.793893      0.983514      0.724077E-01
  0.834565      0.983514      0.639419E-01
  0.871572      0.983514      0.568272E-01
  0.904508      0.983514      0.509663E-01
  0.933013      0.983514      0.462483E-01
  0.956773      0.983514      0.425626E-01
  0.975528      0.983514      0.398089E-01
  0.989074      0.983514      0.379040E-01
  0.997261      0.983514      0.367863E-01
   1.00000      0.983514      0.364180E-01
  0.685233E-03  0.989428      0.272853    
  0.615583E-02  0.989428      0.272289    
  0.170371E-01  0.989428      0.271090    
  0.332098E-01  0.989428      0.269122    
  0.544967E-01  0.989428      0.266204    
  0.806647E-01  0.989428      0.262120    
  0.111427      0.989428      0.256656    
  0.146447      0.989428      0.249618    
  0.185340      0.989428      0.240865    
  0.227680      0.989428      0.230295    
  0.273005      0.989428      0.217774    
  0.320816      0.989428      0.203093    
  0.370590      0.989428      0.186400    
  0.421783      0.989428      0.169106    
  0.473832      0.989428      0.153280    
  0.526168      0.989428      0.139274    
  0.578217      0.989428      0.125779    
  0.629410      0.989428      0.112236    
  0.679184      0.989428      0.992065E-01
  0.726995      0.989428      0.872902E-01
  0.772320      0.989428      0.767469E-01
  0.814660      0.989428      0.676269E-01
  0.853553      0.989428      0.598897E-01
  0.888573      0.989428      0.534511E-01
  0.919335      0.989428      0.482053E-01
  0.945503      0.989428      0.440404E-01
  0.966790      0.989428      0.408504E-01
  0.982963      0.989428      0.385433E-01
  0.993844      0.989428      0.370468E-01
  0.999315      0.989428      0.363111E-01
   0.00000      0.994044      0.271790    
  0.273905E-02  0.994044      0.271514    
  0.109262E-01  0.994044      0.270648    
  0.244717E-01  0.994044      0.269092    
  0.432273E-01  0.994044      0.266684    
  0.669873E-01  0.994044      0.263225    
  0.954915E-01  0.994044      0.258497    
  0.128428      0.994044      0.252293    
  0.165435      0.994044      0.244446    
  0.206107      0.994044      0.234843    
  0.250000      0.994044      0.223396    
  0.296632      0.994044      0.209969    
  0.345492      0.994044      0.194483    
  0.396044      0.994044      0.177581    
  0.447736      0.994044      0.161020    
  0.500000      0.994044      0.146109    
  0.552264      0.994044      0.132279    
  0.603956      0.994044      0.118590    
  0.654508      0.994044      0.105189    
  0.703368      0.994044      0.926952E-01
  0.750000      0.994044      0.814928E-01
  0.793893      0.994044      0.717025E-01
  0.834565      0.994044      0.633178E-01
  0.871572      0.994044      0.562724E-01
  0.904508      0.994044      0.504693E-01
  0.933013      0.994044      0.457983E-01
  0.956773      0.994044      0.421494E-01
  0.975528      0.994044      0.394233E-01
  0.989074      0.994044      0.375374E-01
  0.997261      0.994044      0.364309E-01
   1.00000      0.994044      0.360662E-01
  0.685233E-03  0.997350      0.270914    
  0.615583E-02  0.997350      0.270354    
  0.170371E-01  0.997350      0.269163    
  0.332098E-01  0.997350      0.267210    
  0.544967E-01  0.997350      0.264312    
  0.806647E-01  0.997350      0.260258    
  0.111427      0.997350      0.254832    
  0.146447      0.997350      0.247845    
  0.185340      0.997350      0.239158    
  0.227680      0.997350      0.228685    
  0.273005      0.997350      0.216341    
  0.320816      0.997350      0.202010    
  0.370590      0.997350      0.185876    
  0.421783      0.997350      0.169098    
  0.473832      0.997350      0.153351    
  0.526168      0.997350      0.139006    
  0.578217      0.997350      0.125171    
  0.629410      0.997350      0.111507    
  0.679184      0.997350      0.985037E-01
  0.726995      0.997350      0.866577E-01
  0.772320      0.997350      0.761868E-01
  0.814660      0.997350      0.671318E-01
  0.853553      0.997350      0.594508E-01
  0.888573      0.997350      0.530596E-01
  0.919335      0.997350      0.478528E-01
  0.945503      0.997350      0.437190E-01
  0.966790      0.997350      0.405529E-01
  0.982963      0.997350      0.382631E-01
  0.993844      0.997350      0.367777E-01
  0.999315      0.997350      0.360476E-01
   0.00000      0.999337      0.270499    
  0.273905E-02  0.999337      0.270223    
  0.109262E-01  0.999337      0.269362    
  0.244717E-01  0.999337      0.267813    
  0.432273E-01  0.999337      0.265417    
  0.669873E-01  0.999337      0.261974    
  0.954915E-01  0.999337      0.257268    
  0.128428      0.999337      0.251094    
  0.165435      0.999337      0.243285    
  0.206107      0.999337      0.233733    
  0.250000      0.999337      0.222369    
  0.296632      0.999337      0.209099    
  0.345492      0.999337      0.193899    
  0.396044      0.999337      0.177359    
  0.447736      0.999337      0.161006    
  0.500000      0.999337      0.145999    
  0.552264      0.999337      0.131941    
  0.603956      0.999337      0.118117    
  0.654508      0.999337      0.104703    
  0.703368      0.999337      0.922497E-01
  0.750000      0.999337      0.810968E-01
  0.793893      0.999337      0.713526E-01
  0.834565      0.999337      0.630082E-01
  0.871572      0.999337      0.559972E-01
  0.904508      0.999337      0.502228E-01
  0.933013      0.999337      0.455749E-01
  0.956773      0.999337      0.419443E-01
  0.975528      0.999337      0.392317E-01
  0.989074      0.999337      0.373553E-01
  0.997261      0.999337      0.362542E-01
   1.00000      0.999337      0.358914E-01
  0.685233E-03   1.00000      0.270269    
  0.615583E-02   1.00000      0.269710    
  0.170371E-01   1.00000      0.268522    
  0.332098E-01   1.00000      0.266573    
  0.544967E-01   1.00000      0.263682    
  0.806647E-01   1.00000      0.259637    
  0.111427       1.00000      0.254224    
  0.146447       1.00000      0.247254    
  0.185340       1.00000      0.238590    
  0.227680       1.00000      0.228148    
  0.273005       1.00000      0.215858    
  0.320816       1.00000      0.201631    
  0.370590       1.00000      0.185661    
  0.421783       1.00000      0.169035    
  0.473832       1.00000      0.153315    
  0.526168       1.00000      0.138880    
  0.578217       1.00000      0.124954    
  0.629410       1.00000      0.111261    
  0.679184       1.00000      0.982695E-01
  0.726995       1.00000      0.864476E-01
  0.772320       1.00000      0.760010E-01
  0.814660       1.00000      0.669676E-01
  0.853553       1.00000      0.593053E-01
  0.888573       1.00000      0.529298E-01
  0.919335       1.00000      0.477358E-01
  0.945503       1.00000      0.436123E-01
  0.966790       1.00000      0.404541E-01
  0.982963       1.00000      0.381701E-01
  0.993844       1.00000      0.366884E-01
  0.999315       1.00000      0.359601E-01
