   0.00000       0.00000      0.766421    
  0.273905E-02   0.00000      0.768261    
  0.109262E-01   0.00000      0.773845    
  0.244717E-01   0.00000      0.783302    
  0.432273E-01   0.00000      0.796638    
  0.669873E-01   0.00000      0.813335    
  0.954915E-01   0.00000      0.831705    
  0.128428       0.00000      0.848115    
  0.165435       0.00000      0.856530    
  0.206107       0.00000      0.849165    
  0.250000       0.00000      0.818854    
  0.296632       0.00000      0.762686    
  0.345492       0.00000      0.684819    
  0.396044       0.00000      0.595984    
  0.447736       0.00000      0.509290    
  0.500000       0.00000      0.434914    
  0.552264       0.00000      0.377082    
  0.603956       0.00000      0.334449    
  0.654508       0.00000      0.302531    
  0.703368       0.00000      0.276315    
  0.750000       0.00000      0.252062    
  0.793893       0.00000      0.228033    
  0.834565       0.00000      0.204245    
  0.871572       0.00000      0.181674    
  0.904508       0.00000      0.161433    
  0.933013       0.00000      0.144295    
  0.956773       0.00000      0.130574    
  0.975528       0.00000      0.120242    
  0.989074       0.00000      0.113102    
  0.997261       0.00000      0.108929    
   1.00000       0.00000      0.107558    
  0.684778E-03  0.662955E-03  0.767093    
  0.615175E-02  0.662955E-03  0.770819    
  0.170258E-01  0.662955E-03  0.778383    
  0.331878E-01  0.662955E-03  0.789891    
  0.544606E-01  0.662955E-03  0.805155    
  0.806112E-01  0.662955E-03  0.823167    
  0.111353      0.662955E-03  0.841351    
  0.146350      0.662955E-03  0.854868    
  0.185217      0.662955E-03  0.856598    
  0.227530      0.662955E-03  0.838620    
  0.272824      0.662955E-03  0.795392    
  0.320603      0.662955E-03  0.727319    
  0.370345      0.662955E-03  0.642175    
  0.421503      0.662955E-03  0.552604    
  0.473518      0.662955E-03  0.470898    
  0.525819      0.662955E-03  0.404472    
  0.577834      0.662955E-03  0.354574    
  0.628992      0.662955E-03  0.317936    
  0.678734      0.662955E-03  0.289495    
  0.726513      0.662955E-03  0.264681    
  0.771808      0.662955E-03  0.240697    
  0.814120      0.662955E-03  0.216740    
  0.852988      0.662955E-03  0.193415    
  0.887984      0.662955E-03  0.171858    
  0.918726      0.662955E-03  0.153060    
  0.944876      0.662955E-03  0.137570    
  0.966149      0.662955E-03  0.125519    
  0.982311      0.662955E-03  0.116778    
  0.993185      0.662955E-03  0.111124    
  0.998652      0.662955E-03  0.108354    
   0.00000      0.265006E-02  0.767272    
  0.273179E-02  0.265006E-02  0.769169    
  0.108972E-01  0.265006E-02  0.774927    
  0.244069E-01  0.265006E-02  0.784685    
  0.431127E-01  0.265006E-02  0.798459    
  0.668098E-01  0.265006E-02  0.815738    
  0.952384E-01  0.265006E-02  0.834824    
  0.128087      0.265006E-02  0.852044    
  0.164996      0.265006E-02  0.861279    
  0.205561      0.265006E-02  0.854609    
  0.249337      0.265006E-02  0.824708    
  0.295846      0.265006E-02  0.768526    
  0.344576      0.265006E-02  0.690174    
  0.394995      0.265006E-02  0.600483    
  0.446549      0.265006E-02  0.512787    
  0.498675      0.265006E-02  0.437526    
  0.550801      0.265006E-02  0.379117    
  0.602355      0.265006E-02  0.336275    
  0.652774      0.265006E-02  0.304451    
  0.701504      0.265006E-02  0.278500    
  0.748012      0.265006E-02  0.254538    
  0.791789      0.265006E-02  0.230718    
  0.832354      0.265006E-02  0.207005    
  0.869263      0.265006E-02  0.184380    
  0.902111      0.265006E-02  0.163999    
  0.930540      0.265006E-02  0.146680    
  0.954237      0.265006E-02  0.132777    
  0.972943      0.265006E-02  0.122289    
  0.986453      0.265006E-02  0.115033    
  0.994618      0.265006E-02  0.110788    
  0.997350      0.265006E-02  0.109392    
  0.681151E-03  0.595605E-02  0.768869    
  0.611917E-02  0.595605E-02  0.772826    
  0.169356E-01  0.595605E-02  0.780863    
  0.330120E-01  0.595605E-02  0.793110    
  0.541722E-01  0.595605E-02  0.809397    
  0.801843E-01  0.595605E-02  0.828716    
  0.110763      0.595605E-02  0.848447    
  0.145574      0.595605E-02  0.863628    
  0.184236      0.595605E-02  0.866922    
  0.226324      0.595605E-02  0.850107    
  0.271379      0.595605E-02  0.807318    
  0.318905      0.595605E-02  0.738754    
  0.368383      0.595605E-02  0.652231    
  0.419271      0.595605E-02  0.560727    
  0.471010      0.595605E-02  0.477052    
  0.523034      0.595605E-02  0.409105    
  0.574773      0.595605E-02  0.358399    
  0.625661      0.595605E-02  0.321660    
  0.675139      0.595605E-02  0.293613    
  0.722665      0.595605E-02  0.269396    
  0.767720      0.595605E-02  0.245947    
  0.809808      0.595605E-02  0.222294    
  0.848470      0.595605E-02  0.198998    
  0.883281      0.595605E-02  0.177245    
  0.913860      0.595605E-02  0.158117    
  0.939872      0.595605E-02  0.142254    
  0.961032      0.595605E-02  0.129857    
  0.977108      0.595605E-02  0.120838    
  0.987925      0.595605E-02  0.114992    
  0.993363      0.595605E-02  0.112125    
   0.00000      0.105722E-01  0.770004    
  0.271009E-02  0.105722E-01  0.772074    
  0.108107E-01  0.105722E-01  0.778358    
  0.242130E-01  0.105722E-01  0.789025    
  0.427703E-01  0.105722E-01  0.804123    
  0.662791E-01  0.105722E-01  0.823161    
  0.944820E-01  0.105722E-01  0.844413    
  0.127070      0.105722E-01  0.864088    
  0.163686      0.105722E-01  0.875817    
  0.203928      0.105722E-01  0.871286    
  0.247357      0.105722E-01  0.842681    
  0.293496      0.105722E-01  0.786523    
  0.341839      0.105722E-01  0.706761    
  0.391857      0.105722E-01  0.614500    
  0.443002      0.105722E-01  0.523741    
  0.494714      0.105722E-01  0.445729    
  0.546426      0.105722E-01  0.385484    
  0.597571      0.105722E-01  0.341932    
  0.647589      0.105722E-01  0.310355    
  0.695932      0.105722E-01  0.285210    
  0.742071      0.105722E-01  0.262170    
  0.785499      0.105722E-01  0.239040    
  0.825742      0.105722E-01  0.215615    
  0.862358      0.105722E-01  0.192881    
  0.894946      0.105722E-01  0.172102    
  0.923149      0.105722E-01  0.154244    
  0.946658      0.105722E-01  0.139788    
  0.965215      0.105722E-01  0.128818    
  0.978617      0.105722E-01  0.121198    
  0.986718      0.105722E-01  0.116731    
  0.989428      0.105722E-01  0.115260    
  0.673936E-03  0.164861E-01  0.772765    
  0.605434E-02  0.164861E-01  0.777187    
  0.167562E-01  0.164861E-01  0.786181    
  0.326623E-01  0.164861E-01  0.799919    
  0.535983E-01  0.164861E-01  0.818270    
  0.793349E-01  0.164861E-01  0.840230    
  0.109590      0.164861E-01  0.863091    
  0.144032      0.164861E-01  0.881658    
  0.182284      0.164861E-01  0.888166    
  0.223927      0.164861E-01  0.873791    
  0.268504      0.164861E-01  0.832020    
  0.315527      0.164861E-01  0.762601    
  0.364481      0.164861E-01  0.673379    
  0.414829      0.164861E-01  0.577964    
  0.466020      0.164861E-01  0.490203    
  0.517494      0.164861E-01  0.419008    
  0.568685      0.164861E-01  0.366489    
  0.619033      0.164861E-01  0.329416    
  0.667987      0.164861E-01  0.302129    
  0.715010      0.164861E-01  0.279169    
  0.759587      0.164861E-01  0.256909    
  0.801230      0.164861E-01  0.234004    
  0.839482      0.164861E-01  0.210886    
  0.873924      0.164861E-01  0.188818    
  0.904179      0.164861E-01  0.169063    
  0.929916      0.164861E-01  0.152457    
  0.950852      0.164861E-01  0.139350    
  0.966758      0.164861E-01  0.129747    
  0.977460      0.164861E-01  0.123496    
  0.982840      0.164861E-01  0.120423    
   0.00000      0.236823E-01  0.775093    
  0.267419E-02  0.236823E-01  0.777453    
  0.106674E-01  0.236823E-01  0.784625    
  0.238922E-01  0.236823E-01  0.796821    
  0.422035E-01  0.236823E-01  0.814147    
  0.654009E-01  0.236823E-01  0.836143    
  0.932300E-01  0.236823E-01  0.861044    
  0.125386      0.236823E-01  0.884874    
  0.161517      0.236823E-01  0.900865    
  0.201226      0.236823E-01  0.900062    
  0.244079      0.236823E-01  0.873838    
  0.289607      0.236823E-01  0.817960    
  0.337309      0.236823E-01  0.736036    
  0.386665      0.236823E-01  0.639538    
  0.437132      0.236823E-01  0.543537    
  0.488159      0.236823E-01  0.460648    
  0.539185      0.236823E-01  0.396995    
  0.589653      0.236823E-01  0.351971    
  0.639008      0.236823E-01  0.320658    
  0.686711      0.236823E-01  0.296877    
  0.732238      0.236823E-01  0.275531    
  0.775091      0.236823E-01  0.253782    
  0.814801      0.236823E-01  0.231072    
  0.850932      0.236823E-01  0.208335    
  0.883088      0.236823E-01  0.187001    
  0.910917      0.236823E-01  0.168286    
  0.934114      0.236823E-01  0.152900    
  0.952425      0.236823E-01  0.141094    
  0.965650      0.236823E-01  0.132832    
  0.973644      0.236823E-01  0.127965    
  0.976318      0.236823E-01  0.126360    
  0.663208E-03  0.321416E-01  0.779341    
  0.595797E-02  0.321416E-01  0.784467    
  0.164895E-01  0.321416E-01  0.794907    
  0.321424E-01  0.321416E-01  0.810895    
  0.527451E-01  0.321416E-01  0.832363    
  0.780720E-01  0.321416E-01  0.858311    
  0.107846      0.321416E-01  0.885917    
  0.141740      0.321416E-01  0.909659    
  0.179383      0.321416E-01  0.921168    
  0.220362      0.321416E-01  0.910738    
  0.264230      0.321416E-01  0.870863    
  0.310504      0.321416E-01  0.800532    
  0.358679      0.321416E-01  0.707505    
  0.408226      0.321416E-01  0.606216    
  0.458602      0.321416E-01  0.512037    
  0.509256      0.321416E-01  0.435492    
  0.559632      0.321416E-01  0.379755    
  0.609179      0.321416E-01  0.341828    
  0.657354      0.321416E-01  0.315558    
  0.703628      0.321416E-01  0.294607    
  0.747496      0.321416E-01  0.274435    
  0.788476      0.321416E-01  0.253026    
  0.826119      0.321416E-01  0.230520    
  0.860013      0.321416E-01  0.208230    
  0.889786      0.321416E-01  0.187674    
  0.915113      0.321416E-01  0.169996    
  0.935716      0.321416E-01  0.155805    
  0.951369      0.321416E-01  0.145284    
  0.961900      0.321416E-01  0.138381    
  0.967195      0.321416E-01  0.134973    
   0.00000      0.418415E-01  0.783110    
  0.262445E-02  0.418415E-01  0.785878    
  0.104690E-01  0.418415E-01  0.794295    
  0.234478E-01  0.418415E-01  0.808632    
  0.414186E-01  0.418415E-01  0.829073    
  0.641844E-01  0.418415E-01  0.855208    
  0.914960E-01  0.418415E-01  0.885228    
  0.123054      0.418415E-01  0.914929    
  0.158513      0.418415E-01  0.937035    
  0.197484      0.418415E-01  0.941746    
  0.239540      0.418415E-01  0.919319    
  0.284220      0.418415E-01  0.864408    
  0.331036      0.418415E-01  0.779987    
  0.379473      0.418415E-01  0.677837    
  0.429002      0.418415E-01  0.574382    
  0.479079      0.418415E-01  0.484174    
  0.529157      0.418415E-01  0.415064    
  0.578685      0.418415E-01  0.367341    
  0.627123      0.418415E-01  0.336014    
  0.673938      0.418415E-01  0.314110    
  0.718619      0.418415E-01  0.295424    
  0.760675      0.418415E-01  0.276106    
  0.799646      0.418415E-01  0.254947    
  0.835104      0.418415E-01  0.232681    
  0.866662      0.418415E-01  0.210899    
  0.893974      0.418415E-01  0.191156    
  0.916740      0.418415E-01  0.174519    
  0.934711      0.418415E-01  0.161523    
  0.947689      0.418415E-01  0.152314    
  0.955534      0.418415E-01  0.146848    
  0.958158      0.418415E-01  0.145039    
  0.649082E-03  0.527565E-01  0.789079    
  0.583107E-02  0.527565E-01  0.795135    
  0.161383E-01  0.527565E-01  0.807482    
  0.314578E-01  0.527565E-01  0.826435    
  0.516217E-01  0.527565E-01  0.852004    
  0.764091E-01  0.527565E-01  0.883210    
  0.105549      0.527565E-01  0.917109    
  0.138721      0.527565E-01  0.947805    
  0.175562      0.527565E-01  0.966207    
  0.215669      0.527565E-01  0.961513    
  0.258602      0.527565E-01  0.924892    
  0.303891      0.527565E-01  0.854196    
  0.351039      0.527565E-01  0.756805    
  0.399531      0.527565E-01  0.647972    
  0.448834      0.527565E-01  0.544965    
  0.498409      0.527565E-01  0.460555    
  0.547713      0.527565E-01  0.399623    
  0.596204      0.527565E-01  0.359807    
  0.643353      0.527565E-01  0.334539    
  0.688642      0.527565E-01  0.316387    
  0.731575      0.527565E-01  0.299518    
  0.771682      0.527565E-01  0.280845    
  0.808523      0.527565E-01  0.259914    
  0.841695      0.527565E-01  0.237953    
  0.870834      0.527565E-01  0.216750    
  0.895622      0.527565E-01  0.197863    
  0.915786      0.527565E-01  0.182300    
  0.931105      0.527565E-01  0.170544    
  0.941412      0.527565E-01  0.162735    
  0.946594      0.527565E-01  0.158851    
   0.00000      0.648574E-01  0.794321    
  0.256140E-02  0.648574E-01  0.797598    
  0.102176E-01  0.648574E-01  0.807572    
  0.228846E-01  0.648574E-01  0.824584    
  0.404237E-01  0.648574E-01  0.848910    
  0.626427E-01  0.648574E-01  0.880209    
  0.892982E-01  0.648574E-01  0.916643    
  0.120098      0.648574E-01  0.953780    
  0.154705      0.648574E-01  0.983803    
  0.192740      0.648574E-01  0.995961    
  0.233786      0.648574E-01  0.979169    
  0.277393      0.648574E-01  0.926605    
  0.323084      0.648574E-01  0.840177    
  0.370358      0.648574E-01  0.731671    
  0.418697      0.648574E-01  0.618903    
  0.467571      0.648574E-01  0.518810    
  0.516446      0.648574E-01  0.441682    
  0.564785      0.648574E-01  0.389374    
  0.612059      0.648574E-01  0.357210    
  0.657750      0.648574E-01  0.337451    
  0.701357      0.648574E-01  0.322528    
  0.742403      0.648574E-01  0.307147    
  0.780438      0.648574E-01  0.289017    
  0.815045      0.648574E-01  0.268364    
  0.845844      0.648574E-01  0.246811    
  0.872500      0.648574E-01  0.226283    
  0.894719      0.648574E-01  0.208331    
  0.912258      0.648574E-01  0.193921    
  0.924925      0.648574E-01  0.183515    
  0.932581      0.648574E-01  0.177264    
  0.935143      0.648574E-01  0.175183    
  0.631708E-03  0.781122E-01  0.801854    
  0.567498E-02  0.781122E-01  0.809014    
  0.157063E-01  0.781122E-01  0.823621    
  0.306157E-01  0.781122E-01  0.846081    
  0.502399E-01  0.781122E-01  0.876498    
  0.743638E-01  0.781122E-01  0.913937    
  0.102723      0.781122E-01  0.955359    
  0.135007      0.781122E-01  0.994525    
  0.170863      0.781122E-01   1.02163    
  0.209896      0.781122E-01   1.02468    
  0.251680      0.781122E-01  0.993304    
  0.295756      0.781122E-01  0.923768    
  0.341643      0.781122E-01  0.822570    
  0.388836      0.781122E-01  0.705440    
  0.436820      0.781122E-01  0.591616    
  0.485068      0.781122E-01  0.496661    
  0.533051      0.781122E-01  0.427948    
  0.580245      0.781122E-01  0.384458    
  0.626131      0.781122E-01  0.359591    
  0.670208      0.781122E-01  0.344821    
  0.711992      0.781122E-01  0.332707    
  0.751025      0.781122E-01  0.318618    
  0.786880      0.781122E-01  0.301040    
  0.819165      0.781122E-01  0.280789    
  0.847524      0.781122E-01  0.259801    
  0.871648      0.781122E-01  0.240096    
  0.891272      0.781122E-01  0.223217    
  0.906181      0.781122E-01  0.210109    
  0.916213      0.781122E-01  0.201236    
  0.921256      0.781122E-01  0.196777    
   0.00000      0.924858E-01  0.808034    
  0.248573E-02  0.924858E-01  0.811884    
  0.991568E-02  0.924858E-01  0.823600    
  0.222085E-01  0.924858E-01  0.843602    
  0.392294E-01  0.924858E-01  0.872264    
  0.607919E-01  0.924858E-01  0.909333    
  0.866599E-01  0.924858E-01  0.952979    
  0.116550      0.924858E-01  0.998613    
  0.150134      0.924858E-01   1.03797    
  0.187045      0.924858E-01   1.05940    
  0.226879      0.924858E-01   1.05045    
  0.269197      0.924858E-01   1.00253    
  0.313538      0.924858E-01  0.915945    
  0.359416      0.924858E-01  0.801854    
  0.406327      0.924858E-01  0.679068    
  0.453757      0.924858E-01  0.567035    
  0.501188      0.924858E-01  0.479119    
  0.548098      0.924858E-01  0.419621    
  0.593976      0.924858E-01  0.384933    
  0.638317      0.924858E-01  0.366947    
  0.680636      0.924858E-01  0.356701    
  0.720469      0.924858E-01  0.347102    
  0.757380      0.924858E-01  0.334246    
  0.790964      0.924858E-01  0.317345    
  0.820854      0.924858E-01  0.297713    
  0.846722      0.924858E-01  0.277523    
  0.868285      0.924858E-01  0.258860    
  0.885306      0.924858E-01  0.243269    
  0.897598      0.924858E-01  0.231694    
  0.905028      0.924858E-01  0.224617    
  0.907514      0.924858E-01  0.222240    
  0.611269E-03  0.107940      0.816186    
  0.549137E-02  0.107940      0.824503    
  0.151981E-01  0.107940      0.841478    
  0.296251E-01  0.107940      0.867603    
  0.486144E-01  0.107940      0.903085    
  0.719578E-01  0.107940      0.947064    
  0.993996E-01  0.107940      0.996485    
  0.130639      0.107940       1.04491    
  0.165334      0.107940       1.08200    
  0.203105      0.107940       1.09476    
  0.243537      0.107940       1.07119    
  0.286187      0.107940       1.00565    
  0.330589      0.107940      0.903023    
  0.376255      0.107940      0.778737    
  0.422687      0.107940      0.653540    
  0.469373      0.107940      0.545958    
  0.515804      0.107940      0.466613    
  0.561471      0.107940      0.416807    
  0.605873      0.107940      0.390730    
  0.648523      0.107940      0.379180    
  0.688955      0.107940      0.373074    
  0.726726      0.107940      0.365833    
  0.761421      0.107940      0.354298    
  0.792660      0.107940      0.338325    
  0.820102      0.107940      0.319632    
  0.843446      0.107940      0.300566    
  0.862435      0.107940      0.283258    
  0.876862      0.107940      0.269260    
  0.886569      0.107940      0.259525    
  0.891449      0.107940      0.254556    
   0.00000      0.124434      0.821810    
  0.239822E-02  0.124434      0.826214    
  0.956661E-02  0.124434      0.839618    
  0.214266E-01  0.124434      0.862504    
  0.378483E-01  0.124434      0.895342    
  0.586518E-01  0.124434      0.937980    
  0.836091E-01  0.124434      0.988665    
  0.112447      0.124434       1.04280    
  0.144849      0.124434       1.09193    
  0.180461      0.124434       1.12386    
  0.218891      0.124434       1.12497    
  0.259721      0.124434       1.08488    
  0.302501      0.124434       1.00177    
  0.346763      0.124434      0.885226    
  0.392022      0.124434      0.754083    
  0.437783      0.124434      0.629775    
  0.483544      0.124434      0.528985    
  0.528803      0.124434      0.459339    
  0.573065      0.124434      0.419401    
  0.615845      0.124434      0.401595    
  0.656674      0.124434      0.396032    
  0.695105      0.124434      0.393781    
  0.730717      0.124434      0.388884    
  0.763119      0.124434      0.378900    
  0.791957      0.124434      0.364236    
  0.816914      0.124434      0.346915    
  0.837718      0.124434      0.329402    
  0.854139      0.124434      0.313854    
  0.865999      0.124434      0.301828    
  0.873168      0.124434      0.294286    
  0.875566      0.124434      0.291722    
  0.587982E-03  0.141924      0.828483    
  0.528217E-02  0.141924      0.837811    
  0.146191E-01  0.141924      0.856844    
  0.284965E-01  0.141924      0.886145    
  0.467623E-01  0.141924      0.926016    
  0.692165E-01  0.141924      0.975710    
  0.956129E-01  0.141924       1.03229    
  0.125662      0.141924       1.08939    
  0.159036      0.141924       1.13656    
  0.195367      0.141924       1.16026    
  0.234259      0.141924       1.14724    
  0.275285      0.141924       1.08978    
  0.317995      0.141924      0.990441    
  0.361922      0.141924      0.863092    
  0.406584      0.141924      0.728814    
  0.451492      0.141924      0.608534    
  0.496154      0.141924      0.516451    
  0.540081      0.141924      0.457210    
  0.582792      0.141924      0.427021    
  0.623817      0.141924      0.417019    
  0.662709      0.141924      0.417003    
  0.699040      0.141924      0.418417    
  0.732414      0.141924      0.415986    
  0.762463      0.141924      0.407917    
  0.788860      0.141924      0.395059    
  0.811314      0.141924      0.379646    
  0.829580      0.141924      0.364201    
  0.843457      0.141924      0.350883    
  0.852794      0.141924      0.341236    
  0.857488      0.141924      0.336196    
   0.00000      0.160363      0.830896    
  0.229981E-02  0.160363      0.835717    
  0.917404E-02  0.160363      0.850385    
  0.205474E-01  0.160363      0.875422    
  0.362952E-01  0.160363      0.911365    
  0.562450E-01  0.160363      0.958169    
  0.801782E-01  0.160363       1.01424    
  0.107833      0.160363       1.07522    
  0.138905      0.160363       1.13289    
  0.173055      0.160363       1.17511    
  0.209909      0.160363       1.18776    
  0.249063      0.160363       1.15902    
  0.290087      0.160363       1.08467    
  0.332533      0.160363      0.971696    
  0.375935      0.160363      0.837388    
  0.419818      0.160363      0.703792    
  0.463701      0.160363      0.590320    
  0.507103      0.160363      0.508353    
  0.549549      0.160363      0.459782    
  0.590574      0.160363      0.438948    
  0.629728      0.160363      0.436162    
  0.666581      0.160363      0.441259    
  0.700732      0.160363      0.446229    
  0.731804      0.160363      0.446483    
  0.759459      0.160363      0.440789    
  0.783392      0.160363      0.430314    
  0.803341      0.160363      0.417402    
  0.819089      0.160363      0.404575    
  0.830463      0.160363      0.393948    
  0.837337      0.160363      0.387007    
  0.839637      0.160363      0.384602    
  0.562094E-03  0.179703      0.832849    
  0.504961E-02  0.179703      0.842770    
  0.139755E-01  0.179703      0.863002    
  0.272419E-01  0.179703      0.894137    
  0.447035E-01  0.179703      0.936548    
  0.661690E-01  0.179703      0.989637    
  0.914032E-01  0.179703       1.05075    
  0.120130      0.179703       1.11396    
  0.152034      0.179703       1.16935    
  0.186766      0.179703       1.20366    
  0.223945      0.179703       1.20313    
  0.263164      0.179703       1.15832    
  0.303994      0.179703       1.06896    
  0.345987      0.179703      0.946010    
  0.388683      0.179703      0.809000    
  0.431614      0.179703      0.679702    
  0.474310      0.179703      0.575293    
  0.516302      0.179703      0.504284    
  0.557132      0.179703      0.466212    
  0.596352      0.179703      0.454064    
  0.633531      0.179703      0.457787    
  0.668263      0.179703      0.467547    
  0.700167      0.179703      0.475994    
  0.728893      0.179703      0.479193    
  0.754128      0.179703      0.476355    
  0.775593      0.179703      0.468839    
  0.793055      0.179703      0.458998    
  0.806321      0.179703      0.449272    
  0.815247      0.179703      0.441663    
  0.819734      0.179703      0.437524    
   0.00000      0.199893      0.828580    
  0.219154E-02  0.199893      0.833542    
  0.874213E-02  0.199893      0.848631    
  0.195800E-01  0.199893      0.874366    
  0.345864E-01  0.199893      0.911305    
  0.535970E-01  0.199893      0.959496    
  0.764034E-01  0.199893       1.01760    
  0.102756      0.199893       1.08175    
  0.132365      0.199893       1.14453    
  0.164908      0.199893       1.19467    
  0.200027      0.199893       1.21856    
  0.237337      0.199893       1.20378    
  0.276430      0.199893       1.14398    
  0.316878      0.199893       1.04278    
  0.358237      0.199893      0.914223    
  0.400054      0.199893      0.778796    
  0.441871      0.199893      0.656944    
  0.483229      0.199893      0.563204    
  0.523677      0.199893      0.503411    
  0.562770      0.199893      0.475233    
  0.600080      0.199893      0.470840    
  0.635199      0.199893      0.480229    
  0.667742      0.199893      0.494138    
  0.697351      0.199893      0.505940    
  0.723704      0.199893      0.512285    
  0.746510      0.199893      0.512701    
  0.765521      0.199893      0.508606    
  0.780527      0.199893      0.502246    
  0.791365      0.199893      0.495885    
  0.797916      0.199893      0.491321    
  0.800107      0.199893      0.489674    
  0.533880E-03  0.220878      0.822170    
  0.479614E-02  0.220878      0.832006    
  0.132740E-01  0.220878      0.852044    
  0.258745E-01  0.220878      0.882855    
  0.424596E-01  0.220878      0.924836    
  0.628476E-01  0.220878      0.977553    
  0.868152E-01  0.220878       1.03879    
  0.114100      0.220878       1.10348    
  0.144402      0.220878       1.16291    
  0.177391      0.220878       1.20510    
  0.212704      0.220878       1.21696    
  0.249955      0.220878       1.18820    
  0.288735      0.220878       1.11585    
  0.328620      0.220878       1.00693    
  0.369173      0.220878      0.877409    
  0.409949      0.220878      0.747503    
  0.450502      0.220878      0.635568    
  0.490387      0.220878      0.553389    
  0.529167      0.220878      0.504484    
  0.566418      0.220878      0.485194    
  0.601731      0.220878      0.487374    
  0.634720      0.220878      0.501429    
  0.665022      0.220878      0.518847    
  0.692307      0.220878      0.533741    
  0.716274      0.220878      0.543255    
  0.736662      0.220878      0.547100    
  0.753247      0.220878      0.546617    
  0.765848      0.220878      0.543832    
  0.774326      0.220878      0.540723    
  0.778588      0.220878      0.538776    
   0.00000      0.242604      0.808095    
  0.207455E-02  0.242604      0.812816    
  0.827546E-02  0.242604      0.827160    
  0.185348E-01  0.242604      0.851595    
  0.327402E-01  0.242604      0.886640    
  0.507359E-01  0.242604      0.932408    
  0.723249E-01  0.242604      0.987867    
  0.972706E-01  0.242604       1.04989    
  0.125300      0.242604       1.11233    
  0.156105      0.242604       1.16566    
  0.189349      0.242604       1.19789    
  0.224668      0.242604       1.19725    
  0.261674      0.242604       1.15612    
  0.299962      0.242604       1.07477    
  0.339113      0.242604      0.962747    
  0.378698      0.242604      0.836721    
  0.418283      0.242604      0.715618    
  0.457434      0.242604      0.615260    
  0.495722      0.242604      0.544812    
  0.532729      0.242604      0.505933    
  0.568047      0.242604      0.494173    
  0.601291      0.242604      0.501515    
  0.632097      0.242604      0.519058    
  0.660126      0.242604      0.539157    
  0.685071      0.242604      0.556638    
  0.706660      0.242604      0.569041    
  0.724656      0.242604      0.576127    
  0.738862      0.242604      0.579040    
  0.749121      0.242604      0.579467    
  0.755322      0.242604      0.578996    
  0.757396      0.242604      0.578711    
  0.503638E-03  0.265012      0.790802    
  0.452446E-02  0.265012      0.799740    
  0.125221E-01  0.265012      0.817928    
  0.244088E-01  0.265012      0.845854    
  0.400545E-01  0.265012      0.883887    
  0.592876E-01  0.265012      0.931751    
  0.818976E-01  0.265012      0.987770    
  0.107637      0.265012       1.04799    
  0.136223      0.265012       1.10549    
  0.167343      0.265012       1.15049    
  0.200655      0.265012       1.17173    
  0.235796      0.265012       1.15938    
  0.272380      0.265012       1.10863    
  0.310005      0.265012       1.02248    
  0.348261      0.265012      0.911938    
  0.386727      0.265012      0.793267    
  0.424983      0.265012      0.683375    
  0.462609      0.265012      0.595402    
  0.499192      0.265012      0.536189    
  0.534333      0.265012      0.506033    
  0.567646      0.265012      0.500175    
  0.598766      0.265012      0.511086    
  0.627352      0.265012      0.530763    
  0.653091      0.265012      0.552482    
  0.675701      0.265012      0.571735    
  0.694934      0.265012      0.586355    
  0.710580      0.265012      0.596044    
  0.722466      0.265012      0.601641    
  0.730464      0.265012      0.604408    
  0.734485      0.265012      0.605470    
   0.00000      0.288043      0.765815    
  0.195009E-02  0.288043      0.769900    
  0.777899E-02  0.288043      0.782297    
  0.174228E-01  0.288043      0.803382    
  0.307760E-01  0.288043      0.833583    
  0.476921E-01  0.288043      0.873029    
  0.679859E-01  0.288043      0.921007    
  0.914349E-01  0.288043      0.975235    
  0.117782      0.288043       1.03113    
  0.146740      0.288043       1.08145    
  0.177989      0.288043       1.11673    
  0.211189      0.288043       1.12707    
  0.245975      0.288043       1.10490    
  0.281966      0.288043       1.04803    
  0.318769      0.288043      0.961378    
  0.355979      0.288043      0.856386    
  0.393188      0.288043      0.748029    
  0.429991      0.288043      0.650785    
  0.465982      0.288043      0.575201    
  0.500768      0.288043      0.526184    
  0.533968      0.288043      0.503141    
  0.565218      0.288043      0.501401    
  0.594175      0.288043      0.514186    
  0.620522      0.288043      0.534508    
  0.643971      0.288043      0.556571    
  0.664265      0.288043      0.576470    
  0.681181      0.288043      0.592242    
  0.694534      0.288043      0.603451    
  0.704178      0.288043      0.610572    
  0.710007      0.288043      0.614401    
  0.711957      0.288043      0.615595    
  0.471689E-03  0.311636      0.737879    
  0.423745E-02  0.311636      0.745207    
  0.117277E-01  0.311636      0.760096    
  0.228604E-01  0.311636      0.782914    
  0.375136E-01  0.311636      0.813954    
  0.555267E-01  0.311636      0.853059    
  0.767023E-01  0.311636      0.899090    
  0.100809      0.311636      0.949290    
  0.127581      0.311636      0.998753    
  0.156727      0.311636       1.04035    
  0.187927      0.311636       1.06552    
  0.220838      0.311636       1.06608    
  0.255101      0.311636       1.03676    
  0.290340      0.311636      0.977476    
  0.326169      0.311636      0.894227    
  0.362195      0.311636      0.797980    
  0.398024      0.311636      0.701839    
  0.433263      0.311636      0.617736    
  0.467526      0.311636      0.553873    
  0.500437      0.311636      0.513644    
  0.531637      0.311636      0.495967    
  0.560783      0.311636      0.496551    
  0.587555      0.311636      0.509532    
  0.611662      0.311636      0.528979    
  0.632837      0.311636      0.549986    
  0.650850      0.311636      0.569188    
  0.665504      0.311636      0.584771    
  0.676636      0.311636      0.596128    
  0.684126      0.311636      0.603369    
  0.687892      0.311636      0.606855    
   0.00000      0.335729      0.704076    
  0.181947E-02  0.335729      0.707239    
  0.725796E-02  0.335729      0.716830    
  0.162559E-01  0.335729      0.733111    
  0.287146E-01  0.335729      0.756382    
  0.444977E-01  0.335729      0.786754    
  0.634323E-01  0.335729      0.823780    
  0.853107E-01  0.335729      0.865973    
  0.109894      0.335729      0.910301    
  0.136911      0.335729      0.951872    
  0.166068      0.335729      0.984112    
  0.197044      0.335729      0.999722    
  0.229500      0.335729      0.992399    
  0.263081      0.335729      0.958907    
  0.297418      0.335729      0.900642    
  0.332136      0.335729      0.823892    
  0.366853      0.335729      0.738500    
  0.401190      0.335729      0.655419    
  0.434771      0.335729      0.584133    
  0.467227      0.335729      0.530845    
  0.498203      0.335729      0.497825    
  0.527360      0.335729      0.483814    
  0.554378      0.335729      0.485091    
  0.578960      0.335729      0.496763    
  0.600839      0.335729      0.513937    
  0.619773      0.335729      0.532538    
  0.635557      0.335729      0.549687    
  0.648015      0.335729      0.563702    
  0.657013      0.335729      0.573826    
  0.662452      0.335729      0.579870    
  0.664271      0.335729      0.581871    
  0.438373E-03  0.360257      0.669043    
  0.393815E-02  0.360257      0.674380    
  0.108994E-01  0.360257      0.685202    
  0.212457E-01  0.360257      0.701749    
  0.348639E-01  0.360257      0.724212    
  0.516047E-01  0.360257      0.752506    
  0.712846E-01  0.360257      0.785935    
  0.936882E-01  0.360257      0.822795    
  0.118570      0.360257      0.860012    
  0.145657      0.360257      0.893021    
  0.174653      0.360257      0.916125    
  0.205240      0.360257      0.923472    
  0.237083      0.360257      0.910547    
  0.269832      0.360257      0.875731    
  0.303131      0.360257      0.821262    
  0.336612      0.360257      0.753086    
  0.369910      0.360257      0.679553    
  0.402660      0.360257      0.609439    
  0.434503      0.360257      0.550037    
  0.465090      0.360257      0.505916    
  0.494086      0.360257      0.478557    
  0.521173      0.360257      0.466741    
  0.546055      0.360257      0.467400    
  0.568458      0.360257      0.476600    
  0.588138      0.360257      0.490413    
  0.604879      0.360257      0.505526    
  0.618497      0.360257      0.519513    
  0.628843      0.360257      0.530841    
  0.635805      0.360257      0.538678    
  0.639304      0.360257      0.542659    
   0.00000      0.385156      0.631314    
  0.168409E-02  0.385156      0.633473    
  0.671791E-02  0.385156      0.640010    
  0.150463E-01  0.385156      0.651077    
  0.265780E-01  0.385156      0.666853    
  0.411867E-01  0.385156      0.687401    
  0.587124E-01  0.385156      0.712462    
  0.789629E-01  0.385156      0.741171    
  0.101717      0.385156      0.771758    
  0.126724      0.385156      0.801324    
  0.153711      0.385156      0.825877    
  0.182382      0.385156      0.840769    
  0.212423      0.385156      0.841588    
  0.243505      0.385156      0.825349    
  0.275288      0.385156      0.791570    
  0.307422      0.385156      0.742788    
  0.339556      0.385156      0.684205    
  0.371339      0.385156      0.622552    
  0.402421      0.385156      0.564591    
  0.432462      0.385156      0.515756    
  0.461133      0.385156      0.479339    
  0.488120      0.385156      0.456292    
  0.513127      0.385156      0.445565    
  0.535881      0.385156      0.444747    
  0.556132      0.385156      0.450786    
  0.573657      0.385156      0.460627    
  0.588266      0.385156      0.471644    
  0.599798      0.385156      0.481846    
  0.608126      0.385156      0.489892    
  0.613160      0.385156      0.494985    
  0.614844      0.385156      0.496722    
  0.404041E-03  0.410360      0.594752    
  0.362973E-02  0.410360      0.598145    
  0.100458E-01  0.410360      0.605010    
  0.195818E-01  0.410360      0.615472    
  0.321335E-01  0.410360      0.629628    
  0.475632E-01  0.410360      0.647422    
  0.657019E-01  0.410360      0.668468    
  0.863508E-01  0.410360      0.691828    
  0.109284      0.410360      0.715808    
  0.134250      0.410360      0.737859    
  0.160975      0.410360      0.754696    
  0.189166      0.410360      0.762746    
  0.218515      0.410360      0.758885    
  0.248700      0.410360      0.741314    
  0.279390      0.410360      0.710246    
  0.310250      0.410360      0.668125    
  0.340940      0.410360      0.619217    
  0.371125      0.410360      0.568704    
  0.400474      0.410360      0.521609    
  0.428666      0.410360      0.481865    
  0.455391      0.410360      0.451796    
  0.480357      0.410360      0.432019    
  0.503290      0.410360      0.421708    
  0.523939      0.410360      0.419057    
  0.542077      0.410360      0.421791    
  0.557507      0.410360      0.427611    
  0.570059      0.410360      0.434508    
  0.579595      0.410360      0.440914    
  0.586011      0.410360      0.445735    
  0.589236      0.410360      0.448301    
   0.00000      0.435801      0.558738    
  0.154537E-02  0.435801      0.560010    
  0.616455E-02  0.435801      0.563855    
  0.138069E-01  0.435801      0.570342    
  0.243888E-01  0.435801      0.579551    
  0.377942E-01  0.435801      0.591499    
  0.538762E-01  0.435801      0.606036    
  0.724587E-01  0.435801      0.622707    
  0.933381E-01  0.435801      0.640594    
  0.116286      0.435801      0.658194    
  0.141050      0.435801      0.673403    
  0.167359      0.435801      0.683679    
  0.194926      0.435801      0.686429    
  0.223448      0.435801      0.679582    
  0.252612      0.435801      0.662176    
  0.282100      0.435801      0.634768    
  0.311587      0.435801      0.599478    
  0.340751      0.435801      0.559614    
  0.369273      0.435801      0.519005    
  0.396840      0.435801      0.481254    
  0.423149      0.435801      0.449136    
  0.447914      0.435801      0.424264    
  0.470861      0.435801      0.407052    
  0.491740      0.435801      0.396904    
  0.510323      0.435801      0.392534    
  0.526405      0.435801      0.392318    
  0.539810      0.435801      0.394601    
  0.550392      0.435801      0.397911    
  0.558035      0.435801      0.401085    
  0.562654      0.435801      0.403307    
  0.564199      0.435801      0.404099    
  0.369058E-03  0.461412      0.525804    
  0.331545E-02  0.461412      0.527637    
  0.917597E-02  0.461412      0.531335    
  0.178864E-01  0.461412      0.536944    
  0.293513E-01  0.461412      0.544490    
  0.434450E-01  0.461412      0.553927    
  0.600132E-01  0.461412      0.565047    
  0.788743E-01  0.461412      0.577383    
  0.998217E-01  0.461412      0.590111    
  0.122626      0.461412      0.601987    
  0.147037      0.461412      0.611377    
  0.172788      0.461412      0.616426    
  0.199595      0.461412      0.615364    
  0.227167      0.461412      0.606905    
  0.255200      0.461412      0.590628    
  0.283388      0.461412      0.567194    
  0.311421      0.461412      0.538302    
  0.338992      0.461412      0.506400    
  0.365800      0.461412      0.474209    
  0.391551      0.461412      0.444239    
  0.415962      0.461412      0.418403    
  0.438766      0.461412      0.397809    
  0.459713      0.461412      0.382753    
  0.478575      0.461412      0.372844    
  0.495143      0.461412      0.367219    
  0.509236      0.461412      0.364776    
  0.520701      0.461412      0.364383    
  0.529412      0.461412      0.365029    
  0.535272      0.461412      0.365912    
  0.538219      0.461412      0.366489    
   0.00000      0.487126      0.495536    
  0.140479E-02  0.487126      0.496159    
  0.560376E-02  0.487126      0.498034    
  0.125509E-01  0.487126      0.501183    
  0.221701E-01  0.487126      0.505620    
  0.343560E-01  0.487126      0.511331    
  0.489751E-01  0.487126      0.518222    
  0.658672E-01  0.487126      0.526065    
  0.848471E-01  0.487126      0.534430    
  0.105707      0.487126      0.542629    
  0.128218      0.487126      0.549696    
  0.152135      0.487126      0.554438    
  0.177194      0.487126      0.555579    
  0.203121      0.487126      0.551980    
  0.229632      0.487126      0.542907    
  0.256437      0.487126      0.528250    
  0.283242      0.487126      0.508630    
  0.309753      0.487126      0.485334    
  0.335680      0.487126      0.460095    
  0.360739      0.487126      0.434789    
  0.384655      0.487126      0.411121    
  0.407167      0.487126      0.390388    
  0.428027      0.487126      0.373356    
  0.447007      0.487126      0.360250    
  0.463899      0.487126      0.350845    
  0.478518      0.487126      0.344601    
  0.490704      0.487126      0.340819    
  0.500323      0.487126      0.338772    
  0.507270      0.487126      0.337815    
  0.511469      0.487126      0.337447    
  0.512874      0.487126      0.337360    
  0.333795E-03  0.512874      0.469055    
  0.299866E-02  0.512874      0.469844    
  0.829921E-02  0.512874      0.471426    
  0.161774E-01  0.512874      0.473805    
  0.265468E-01  0.512874      0.476969    
  0.392939E-01  0.512874      0.480871    
  0.542790E-01  0.512874      0.485396    
  0.713380E-01  0.512874      0.490325    
  0.902838E-01  0.512874      0.495293    
  0.110909      0.512874      0.499764    
  0.132988      0.512874      0.503033    
  0.156278      0.512874      0.504281    
  0.180524      0.512874      0.502681    
  0.205461      0.512874      0.497549    
  0.230816      0.512874      0.488505    
  0.256310      0.512874      0.475598    
  0.281665      0.512874      0.459344    
  0.306602      0.512874      0.440669    
  0.330848      0.512874      0.420762    
  0.354138      0.512874      0.400886    
  0.376217      0.512874      0.382184    
  0.396842      0.512874      0.365534    
  0.415788      0.512874      0.351474    
  0.432847      0.512874      0.340194    
  0.447832      0.512874      0.331592    
  0.460579      0.512874      0.325359    
  0.470949      0.512874      0.321083    
  0.478827      0.512874      0.318332    
  0.484127      0.512874      0.316730    
  0.486792      0.512874      0.316001    
   0.00000      0.538588      0.445855    
  0.126383E-02  0.538588      0.446078    
  0.504148E-02  0.538588      0.446748    
  0.112916E-01  0.538588      0.447859    
  0.199456E-01  0.538588      0.449398    
  0.309088E-01  0.538588      0.451334    
  0.440610E-01  0.538588      0.453602    
  0.592581E-01  0.538588      0.456084    
  0.763336E-01  0.538588      0.458590    
  0.951005E-01  0.538588      0.460831    
  0.115353      0.538588      0.462416    
  0.136869      0.538588      0.462863    
  0.159414      0.538588      0.461643    
  0.182740      0.538588      0.458255    
  0.206591      0.538588      0.452317    
  0.230706      0.538588      0.443663    
  0.254821      0.538588      0.432402    
  0.278673      0.538588      0.418928    
  0.301998      0.538588      0.403881    
  0.324543      0.538588      0.388055    
  0.346059      0.538588      0.372292    
  0.366312      0.538588      0.357363    
  0.385079      0.538588      0.343881    
  0.402154      0.538588      0.332244    
  0.417351      0.538588      0.322628    
  0.430504      0.538588      0.315016    
  0.441467      0.538588      0.309253    
  0.450121      0.538588      0.305116    
  0.456371      0.538588      0.302368    
  0.460148      0.538588      0.300808    
  0.461412      0.538588      0.300303    
  0.298625E-03  0.564199      0.426034    
  0.268272E-02  0.564199      0.426237    
  0.742478E-02  0.564199      0.426637    
  0.144729E-01  0.564199      0.427219    
  0.237497E-01  0.564199      0.427957    
  0.351537E-01  0.564199      0.428809    
  0.485600E-01  0.564199      0.429704    
  0.638216E-01  0.564199      0.430536    
  0.807712E-01  0.564199      0.431150    
  0.992233E-01  0.564199      0.431334    
  0.118976      0.564199      0.430821    
  0.139812      0.564199      0.429302    
  0.161504      0.564199      0.426457    
  0.183813      0.564199      0.422005    
  0.206496      0.564199      0.415754    
  0.229304      0.564199      0.407652    
  0.251988      0.564199      0.397810    
  0.274297      0.564199      0.386507    
  0.295989      0.564199      0.374165    
  0.316825      0.564199      0.361306    
  0.336577      0.564199      0.348494    
  0.355030      0.564199      0.336272    
  0.371979      0.564199      0.325096    
  0.387241      0.564199      0.315295    
  0.400647      0.564199      0.307048    
  0.412051      0.564199      0.300399    
  0.421328      0.564199      0.295293    
  0.428376      0.564199      0.291618    
  0.433118      0.564199      0.289254    
  0.435502      0.564199      0.288099    
   0.00000      0.589640      0.409039    
  0.112400E-02  0.589640      0.409059    
  0.448367E-02  0.589640      0.409113    
  0.100422E-01  0.589640      0.409190    
  0.177387E-01  0.589640      0.409267    
  0.274889E-01  0.589640      0.409311    
  0.391859E-01  0.589640      0.409274    
  0.527015E-01  0.589640      0.409091    
  0.678877E-01  0.589640      0.408673    
  0.845781E-01  0.589640      0.407902    
  0.102590      0.589640      0.406634    
  0.121726      0.589640      0.404697    
  0.141776      0.589640      0.401908    
  0.162521      0.589640      0.398088    
  0.183733      0.589640      0.393094    
  0.205180      0.589640      0.386843    
  0.226627      0.589640      0.379330    
  0.247839      0.589640      0.370642    
  0.268584      0.589640      0.360954    
  0.288634      0.589640      0.350528    
  0.307770      0.589640      0.339699    
  0.325781      0.589640      0.328856    
  0.342472      0.589640      0.318407    
  0.357658      0.589640      0.308732    
  0.371174      0.589640      0.300137    
  0.382871      0.589640      0.292825    
  0.392621      0.589640      0.286894    
  0.400317      0.589640      0.282359    
  0.405876      0.589640      0.279181    
  0.409236      0.589640      0.277304    
  0.410360      0.589640      0.276684    
  0.263922E-03  0.614844      0.394495    
  0.237096E-02  0.614844      0.394427    
  0.656194E-02  0.614844      0.394284    
  0.127910E-01  0.614844      0.394047    
  0.209898E-01  0.614844      0.393689    
  0.310685E-01  0.614844      0.393175    
  0.429168E-01  0.614844      0.392459    
  0.564048E-01  0.614844      0.391484    
  0.713848E-01  0.614844      0.390181    
  0.876925E-01  0.614844      0.388467    
  0.105149      0.614844      0.386250    
  0.123564      0.614844      0.383428    
  0.142735      0.614844      0.379901    
  0.162452      0.614844      0.375582    
  0.182499      0.614844      0.370406    
  0.202657      0.614844      0.364343    
  0.222704      0.614844      0.357400    
  0.242421      0.614844      0.349625    
  0.261592      0.614844      0.341108    
  0.280007      0.614844      0.331996    
  0.297464      0.614844      0.322496    
  0.313771      0.614844      0.312888    
  0.328751      0.614844      0.303501    
  0.342239      0.614844      0.294682    
  0.354088      0.614844      0.286745    
  0.364166      0.614844      0.279937    
  0.372365      0.614844      0.274415    
  0.378594      0.614844      0.270259    
  0.382785      0.614844      0.267495    
  0.384892      0.614844      0.266116    
   0.00000      0.639743      0.381951    
  0.986763E-03  0.639743      0.381887    
  0.393624E-02  0.639743      0.381690    
  0.881612E-02  0.639743      0.381348    
  0.155729E-01  0.639743      0.380841    
  0.241327E-01  0.639743      0.380139    
  0.344015E-01  0.639743      0.379208    
  0.462670E-01  0.639743      0.378009    
  0.595990E-01  0.639743      0.376495    
  0.742517E-01  0.639743      0.374615    
  0.900643E-01  0.639743      0.372315    
  0.106864      0.639743      0.369541    
  0.124466      0.639743      0.366240    
  0.142678      0.639743      0.362364    
  0.161300      0.639743      0.357879    
  0.180129      0.639743      0.352762    
  0.198957      0.639743      0.347003    
  0.217579      0.639743      0.340603    
  0.235791      0.639743      0.333574    
  0.253393      0.639743      0.325946    
  0.270193      0.639743      0.317783    
  0.286006      0.639743      0.309214    
  0.300658      0.639743      0.300445    
  0.313990      0.639743      0.291760    
  0.325856      0.639743      0.283489    
  0.336125      0.639743      0.275964    
  0.344684      0.639743      0.269476    
  0.351441      0.639743      0.264251    
  0.356321      0.639743      0.260436    
  0.359270      0.639743      0.258120    
  0.360257      0.639743      0.257344    
  0.230052E-03  0.664271      0.370959    
  0.206669E-02  0.664271      0.370797    
  0.571984E-02  0.664271      0.370466    
  0.111495E-01  0.664271      0.369951    
  0.182961E-01  0.664271      0.369230    
  0.270815E-01  0.664271      0.368277    
  0.374093E-01  0.664271      0.367060    
  0.491663E-01  0.664271      0.365545    
  0.622239E-01  0.664271      0.363699    
  0.764389E-01  0.664271      0.361485    
  0.916556E-01  0.664271      0.358873    
  0.107707      0.664271      0.355834    
  0.124418      0.664271      0.352345    
  0.141605      0.664271      0.348392    
  0.159079      0.664271      0.343968    
  0.176650      0.664271      0.339069    
  0.194124      0.664271      0.333694    
  0.211311      0.664271      0.327836    
  0.228022      0.664271      0.321484    
  0.244073      0.664271      0.314633    
  0.259290      0.664271      0.307304    
  0.273505      0.664271      0.299581    
  0.286562      0.664271      0.291626    
  0.298320      0.664271      0.283686    
  0.308647      0.664271      0.276074    
  0.317433      0.664271      0.269127    
  0.324579      0.664271      0.263168    
  0.330009      0.664271      0.258466    
  0.333662      0.664271      0.255224    
  0.335499      0.664271      0.253571    
   0.00000      0.688364      0.361246    
  0.853587E-03  0.688364      0.361159    
  0.340500E-02  0.688364      0.360896    
  0.762628E-02  0.688364      0.360447    
  0.134712E-01  0.688364      0.359795    
  0.208757E-01  0.688364      0.358921    
  0.297586E-01  0.688364      0.357799    
  0.400227E-01  0.688364      0.356404    
  0.515554E-01  0.688364      0.354711    
  0.642305E-01  0.688364      0.352693    
  0.779090E-01  0.688364      0.350329    
  0.924411E-01  0.688364      0.347603    
  0.107668      0.688364      0.344504    
  0.123422      0.688364      0.341029    
  0.139531      0.688364      0.337181    
  0.155818      0.688364      0.332968    
  0.172105      0.688364      0.328398    
  0.188214      0.688364      0.323473    
  0.203968      0.688364      0.318186    
  0.219195      0.688364      0.312522    
  0.233727      0.688364      0.306468    
  0.247406      0.688364      0.300035    
  0.260081      0.688364      0.293288    
  0.271613      0.688364      0.286362    
  0.281877      0.688364      0.279472    
  0.290760      0.688364      0.272901    
  0.298165      0.688364      0.266964    
  0.304010      0.688364      0.261970    
  0.308231      0.688364      0.258194    
  0.310782      0.688364      0.255842    
  0.311636      0.688364      0.255044    
  0.197376E-03  0.711957      0.352464    
  0.177314E-02  0.711957      0.352290    
  0.490741E-02  0.711957      0.351936    
  0.956584E-02  0.711957      0.351392    
  0.156974E-01  0.711957      0.350642    
  0.232349E-01  0.711957      0.349668    
  0.320958E-01  0.711957      0.348449    
  0.421829E-01  0.711957      0.346965    
  0.533858E-01  0.711957      0.345196    
  0.655817E-01  0.711957      0.343126    
  0.786371E-01  0.711957      0.340743    
  0.924087E-01  0.711957      0.338041    
  0.106746      0.711957      0.335023    
  0.121491      0.711957      0.331695    
  0.136484      0.711957      0.328071    
  0.151559      0.711957      0.324167    
  0.166551      0.711957      0.319998    
  0.181297      0.711957      0.315575    
  0.195634      0.711957      0.310899    
  0.209406      0.711957      0.305965    
  0.222461      0.711957      0.300772    
  0.234657      0.711957      0.295340    
  0.245860      0.711957      0.289730    
  0.255947      0.711957      0.284061    
  0.264808      0.711957      0.278514    
  0.272345      0.711957      0.273321    
  0.278477      0.711957      0.268742    
  0.283135      0.711957      0.265038    
  0.286270      0.711957      0.262430    
  0.287845      0.711957      0.261083    
   0.00000      0.734988      0.344497    
  0.725881E-03  0.734988      0.344414    
  0.289557E-02  0.734988      0.344163    
  0.648530E-02  0.734988      0.343736    
  0.114557E-01  0.734988      0.343124    
  0.177524E-01  0.734988      0.342312    
  0.253064E-01  0.734988      0.341284    
  0.340348E-01  0.734988      0.340024    
  0.438421E-01  0.734988      0.338517    
  0.546209E-01  0.734988      0.336750    
  0.662529E-01  0.734988      0.334712    
  0.786108E-01  0.734988      0.332401    
  0.915593E-01  0.734988      0.329817    
  0.104956      0.734988      0.326969    
  0.118655      0.734988      0.323871    
  0.132506      0.734988      0.320543    
  0.146356      0.734988      0.317006    
  0.160055      0.734988      0.313283    
  0.173452      0.734988      0.309393    
  0.186401      0.734988      0.305348    
  0.198759      0.734988      0.301162    
  0.210391      0.734988      0.296851    
  0.221170      0.734988      0.292449    
  0.230977      0.734988      0.288018    
  0.239705      0.734988      0.283660    
  0.247259      0.734988      0.279515    
  0.253556      0.734988      0.275756    
  0.258526      0.734988      0.272573    
  0.262116      0.734988      0.270145    
  0.264286      0.734988      0.268623    
  0.265012      0.734988      0.268104    
  0.166240E-03  0.757396      0.337118    
  0.149343E-02  0.757396      0.336963    
  0.413326E-02  0.757396      0.336649    
  0.805681E-02  0.757396      0.336169    
  0.132211E-01  0.757396      0.335513    
  0.195696E-01  0.757396      0.334670    
  0.270326E-01  0.757396      0.333626    
  0.355285E-01  0.757396      0.332370    
  0.449641E-01  0.757396      0.330890    
  0.552361E-01  0.757396      0.329179    
  0.662319E-01  0.757396      0.327233    
  0.778311E-01  0.757396      0.325052    
  0.899066E-01  0.757396      0.322644    
  0.102326      0.757396      0.320021    
  0.114953      0.757396      0.317201    
  0.127650      0.757396      0.314208    
  0.140278      0.757396      0.311066    
  0.152697      0.757396      0.307803    
  0.164772      0.757396      0.304445    
  0.176372      0.757396      0.301017    
  0.187367      0.757396      0.297545    
  0.197639      0.757396      0.294060    
  0.207075      0.757396      0.290604    
  0.215571      0.757396      0.287236    
  0.223034      0.757396      0.284037    
  0.229382      0.757396      0.281108    
  0.234547      0.757396      0.278564    
  0.238470      0.757396      0.276524    
  0.241110      0.757396      0.275095    
  0.242437      0.757396      0.274359    
   0.00000      0.779122      0.330307    
  0.604997E-03  0.779122      0.330236    
  0.241336E-02  0.779122      0.330022    
  0.540527E-02  0.779122      0.329662    
  0.954796E-02  0.779122      0.329148    
  0.147960E-01  0.779122      0.328471    
  0.210920E-01  0.779122      0.327623    
  0.283668E-01  0.779122      0.326593    
  0.365409E-01  0.779122      0.325374    
  0.455246E-01  0.779122      0.323957    
  0.552195E-01  0.779122      0.322340    
  0.655195E-01  0.779122      0.320523    
  0.763115E-01  0.779122      0.318511    
  0.874775E-01  0.779122      0.316313    
  0.988950E-01  0.779122      0.313944    
  0.110439      0.779122      0.311425    
  0.121983      0.779122      0.308780    
  0.133401      0.779122      0.306035    
  0.144567      0.779122      0.303222    
  0.155359      0.779122      0.300369    
  0.165659      0.779122      0.297508    
  0.175354      0.779122      0.294673    
  0.184337      0.779122      0.291900    
  0.192511      0.779122      0.289232    
  0.199786      0.779122      0.286718    
  0.206082      0.779122      0.284420    
  0.211330      0.779122      0.282403    
  0.215473      0.779122      0.280738    
  0.218465      0.779122      0.279492    
  0.220273      0.779122      0.278720    
  0.220878      0.779122      0.278459    
  0.136973E-03  0.800107      0.323923    
  0.123051E-02  0.800107      0.323795    
  0.340559E-02  0.800107      0.323538    
  0.663840E-02  0.800107      0.323146    
  0.108935E-01  0.800107      0.322615    
  0.161243E-01  0.800107      0.321937    
  0.222735E-01  0.800107      0.321105    
  0.292736E-01  0.800107      0.320113    
  0.370481E-01  0.800107      0.318954    
  0.455117E-01  0.800107      0.317627    
  0.545717E-01  0.800107      0.316129    
  0.641288E-01  0.800107      0.314465    
  0.740784E-01  0.800107      0.312641    
  0.843114E-01  0.800107      0.310670    
  0.947156E-01  0.800107      0.308567    
  0.105177      0.800107      0.306353    
  0.115581      0.800107      0.304052    
  0.125814      0.800107      0.301690    
  0.135764      0.800107      0.299298    
  0.145321      0.800107      0.296906    
  0.154381      0.800107      0.294546    
  0.162845      0.800107      0.292253    
  0.170619      0.800107      0.290061    
  0.177619      0.800107      0.288008    
  0.183769      0.800107      0.286135    
  0.188999      0.800107      0.284483    
  0.193254      0.800107      0.283095    
  0.196487      0.800107      0.282011    
  0.198662      0.800107      0.281267    
  0.199756      0.800107      0.280888    
   0.00000      0.820297      0.317990    
  0.492217E-03  0.820297      0.317933    
  0.196348E-02  0.820297      0.317762    
  0.439766E-02  0.820297      0.317474    
  0.776809E-02  0.820297      0.317066    
  0.120378E-01  0.820297      0.316534    
  0.171601E-01  0.820297      0.315870    
  0.230789E-01  0.820297      0.315072    
  0.297292E-01  0.820297      0.314135    
  0.370382E-01  0.820297      0.313055    
  0.449259E-01  0.820297      0.311833    
  0.533057E-01  0.820297      0.310470    
  0.620860E-01  0.820297      0.308971    
  0.711705E-01  0.820297      0.307346    
  0.804596E-01  0.820297      0.305606    
  0.898517E-01  0.820297      0.303768    
  0.992438E-01  0.820297      0.301851    
  0.108533      0.820297      0.299877    
  0.117617      0.820297      0.297873    
  0.126398      0.820297      0.295865    
  0.134778      0.820297      0.293882    
  0.142665      0.820297      0.291954    
  0.149974      0.820297      0.290111    
  0.156625      0.820297      0.288384    
  0.162543      0.820297      0.286803    
  0.167666      0.820297      0.285400    
  0.171935      0.820297      0.284203    
  0.175306      0.820297      0.283239    
  0.177740      0.820297      0.282532    
  0.179211      0.820297      0.282100    
  0.179703      0.820297      0.281955    
  0.109886E-03  0.839637      0.312419    
  0.987169E-03  0.839637      0.312319    
  0.273212E-02  0.839637      0.312117    
  0.532563E-02  0.839637      0.311812    
  0.873928E-02  0.839637      0.311401    
  0.129357E-01  0.839637      0.310879    
  0.178688E-01  0.839637      0.310245    
  0.234847E-01  0.839637      0.309493    
  0.297217E-01  0.839637      0.308624    
  0.365116E-01  0.839637      0.307635    
  0.437800E-01  0.839637      0.306529    
  0.514471E-01  0.839637      0.305308    
  0.594291E-01  0.839637      0.303980    
  0.676385E-01  0.839637      0.302553    
  0.759853E-01  0.839637      0.301041    
  0.843780E-01  0.839637      0.299457    
  0.927248E-01  0.839637      0.297821    
  0.100934      0.839637      0.296152    
  0.108916      0.839637      0.294474    
  0.116583      0.839637      0.292810    
  0.123852      0.839637      0.291185    
  0.130642      0.839637      0.289625    
  0.136879      0.839637      0.288155    
  0.142495      0.839637      0.286801    
  0.147428      0.839637      0.285587    
  0.151624      0.839637      0.284535    
  0.155038      0.839637      0.283666    
  0.157631      0.839637      0.282997    
  0.159376      0.839637      0.282543    
  0.160253      0.839637      0.282313    
   0.00000      0.858076      0.307245    
  0.388737E-03  0.858076      0.307202    
  0.155069E-02  0.858076      0.307070    
  0.347313E-02  0.858076      0.306850    
  0.613498E-02  0.858076      0.306539    
  0.950710E-02  0.858076      0.306135    
  0.135525E-01  0.858076      0.305637    
  0.182269E-01  0.858076      0.305041    
  0.234791E-01  0.858076      0.304347    
  0.292516E-01  0.858076      0.303554    
  0.354810E-01  0.858076      0.302663    
  0.420991E-01  0.858076      0.301678    
  0.490335E-01  0.858076      0.300602    
  0.562081E-01  0.858076      0.299443    
  0.635444E-01  0.858076      0.298209    
  0.709620E-01  0.858076      0.296914    
  0.783795E-01  0.858076      0.295570    
  0.857158E-01  0.858076      0.294194    
  0.928904E-01  0.858076      0.292803    
  0.998248E-01  0.858076      0.291417    
  0.106443      0.858076      0.290056    
  0.112672      0.858076      0.288742    
  0.118445      0.858076      0.287495    
  0.123697      0.858076      0.286335    
  0.128371      0.858076      0.285284    
  0.132417      0.858076      0.284359    
  0.135789      0.858076      0.283577    
  0.138451      0.858076      0.282952    
  0.140373      0.858076      0.282498    
  0.141535      0.858076      0.282221    
  0.141924      0.858076      0.282128    
  0.852663E-04  0.875566      0.302410    
  0.765995E-03  0.875566      0.302335    
  0.211999E-02  0.875566      0.302183    
  0.413243E-02  0.875566      0.301955    
  0.678125E-02  0.875566      0.301648    
  0.100374E-01  0.875566      0.301261    
  0.138653E-01  0.875566      0.300794    
  0.182229E-01  0.875566      0.300246    
  0.230626E-01  0.875566      0.299616    
  0.283312E-01  0.875566      0.298906    
  0.339711E-01  0.875566      0.298117    
  0.399204E-01  0.875566      0.297253    
  0.461141E-01  0.875566      0.296319    
  0.524841E-01  0.875566      0.295323    
  0.589608E-01  0.875566      0.294274    
  0.654732E-01  0.875566      0.293181    
  0.719499E-01  0.875566      0.292057    
  0.783200E-01  0.875566      0.290917    
  0.845136E-01  0.875566      0.289775    
  0.904630E-01  0.875566      0.288648    
  0.961028E-01  0.875566      0.287551    
  0.101371      0.875566      0.286503    
  0.106211      0.875566      0.285521    
  0.110569      0.875566      0.284619    
  0.114397      0.875566      0.283814    
  0.117653      0.875566      0.283120    
  0.120302      0.875566      0.282549    
  0.122314      0.875566      0.282112    
  0.123668      0.875566      0.281815    
  0.124349      0.875566      0.281666    
   0.00000      0.892060      0.297947    
  0.295654E-03  0.892060      0.297915    
  0.117938E-02  0.892060      0.297818    
  0.264148E-02  0.892060      0.297655    
  0.466596E-02  0.892060      0.297428    
  0.723062E-02  0.892060      0.297133    
  0.103074E-01  0.892060      0.296772    
  0.138625E-01  0.892060      0.296344    
  0.178570E-01  0.892060      0.295848    
  0.222472E-01  0.892060      0.295287    
  0.269850E-01  0.892060      0.294662    
  0.320185E-01  0.892060      0.293975    
  0.372924E-01  0.892060      0.293230    
  0.427490E-01  0.892060      0.292434    
  0.483286E-01  0.892060      0.291592    
  0.539700E-01  0.892060      0.290712    
  0.596115E-01  0.892060      0.289805    
  0.651911E-01  0.892060      0.288881    
  0.706477E-01  0.892060      0.287951    
  0.759216E-01  0.892060      0.287028    
  0.809551E-01  0.892060      0.286126    
  0.856928E-01  0.892060      0.285257    
  0.900831E-01  0.892060      0.284435    
  0.940776E-01  0.892060      0.283674    
  0.976327E-01  0.892060      0.282985    
  0.100709      0.892060      0.282381    
  0.103274      0.892060      0.281871    
  0.105299      0.892060      0.281465    
  0.106761      0.892060      0.281170    
  0.107644      0.892060      0.280990    
  0.107940      0.892060      0.280930    
  0.633743E-04  0.907514      0.293815    
  0.569327E-03  0.907514      0.293760    
  0.157569E-02  0.907514      0.293650    
  0.307143E-02  0.907514      0.293486    
  0.504018E-02  0.907514      0.293266    
  0.746034E-02  0.907514      0.292992    
  0.103054E-01  0.907514      0.292662    
  0.135442E-01  0.907514      0.292277    
  0.171413E-01  0.907514      0.291839    
  0.210572E-01  0.907514      0.291348    
  0.252491E-01  0.907514      0.290807    
  0.296709E-01  0.907514      0.290220    
  0.342744E-01  0.907514      0.289589    
  0.390089E-01  0.907514      0.288921    
  0.438227E-01  0.907514      0.288222    
  0.486631E-01  0.907514      0.287498    
  0.534769E-01  0.907514      0.286758    
  0.582115E-01  0.907514      0.286011    
  0.628149E-01  0.907514      0.285265    
  0.672368E-01  0.907514      0.284533    
  0.714286E-01  0.907514      0.283823    
  0.753445E-01  0.907514      0.283147    
  0.789416E-01  0.907514      0.282514    
  0.821804E-01  0.907514      0.281935    
  0.850255E-01  0.907514      0.281420    
  0.874457E-01  0.907514      0.280976    
  0.894144E-01  0.907514      0.280612    
  0.909101E-01  0.907514      0.280333    
  0.919165E-01  0.907514      0.280144    
  0.924225E-01  0.907514      0.280049    
   0.00000      0.921888      0.290038    
  0.213953E-03  0.921888      0.290016    
  0.853470E-03  0.921888      0.289947    
  0.191154E-02  0.921888      0.289833    
  0.337658E-02  0.921888      0.289674    
  0.523253E-02  0.921888      0.289469    
  0.745905E-02  0.921888      0.289219    
  0.100318E-01  0.921888      0.288925    
  0.129225E-01  0.921888      0.288587    
  0.160995E-01  0.921888      0.288207    
  0.195281E-01  0.921888      0.287786    
  0.231706E-01  0.921888      0.287328    
  0.269871E-01  0.921888      0.286835    
  0.309359E-01  0.921888      0.286312    
  0.349736E-01  0.921888      0.285762    
  0.390561E-01  0.921888      0.285192    
  0.431386E-01  0.921888      0.284607    
  0.471763E-01  0.921888      0.284015    
  0.511251E-01  0.921888      0.283422    
  0.549417E-01  0.921888      0.282836    
  0.585842E-01  0.921888      0.282265    
  0.620127E-01  0.921888      0.281718    
  0.651897E-01  0.921888      0.281202    
  0.680805E-01  0.921888      0.280725    
  0.706532E-01  0.921888      0.280295    
  0.728797E-01  0.921888      0.279918    
  0.747356E-01  0.921888      0.279601    
  0.762007E-01  0.921888      0.279348    
  0.772588E-01  0.921888      0.279165    
  0.778983E-01  0.921888      0.279054    
  0.781122E-01  0.921888      0.279016    
  0.444424E-04  0.935143      0.286590    
  0.399251E-03  0.935143      0.286553    
  0.110498E-02  0.935143      0.286478    
  0.215390E-02  0.935143      0.286366    
  0.353452E-02  0.935143      0.286217    
  0.523170E-02  0.935143      0.286032    
  0.722686E-02  0.935143      0.285811    
  0.949814E-02  0.935143      0.285555    
  0.120207E-01  0.935143      0.285265    
  0.147668E-01  0.935143      0.284943    
  0.177064E-01  0.935143      0.284591    
  0.208073E-01  0.935143      0.284211    
  0.240355E-01  0.935143      0.283807    
  0.273557E-01  0.935143      0.283381    
  0.307315E-01  0.935143      0.282938    
  0.341259E-01  0.935143      0.282483    
  0.375017E-01  0.935143      0.282021    
  0.408219E-01  0.935143      0.281556    
  0.440501E-01  0.935143      0.281096    
  0.471510E-01  0.935143      0.280645    
  0.500906E-01  0.935143      0.280210    
  0.528367E-01  0.935143      0.279797    
  0.553592E-01  0.935143      0.279412    
  0.576305E-01  0.935143      0.279060    
  0.596257E-01  0.935143      0.278748    
  0.613229E-01  0.935143      0.278480    
  0.627035E-01  0.935143      0.278260    
  0.637524E-01  0.935143      0.278092    
  0.644581E-01  0.935143      0.277979    
  0.648129E-01  0.935143      0.277921    
   0.00000      0.947244      0.283488    
  0.144503E-03  0.947244      0.283473    
  0.576428E-03  0.947244      0.283428    
  0.129104E-02  0.947244      0.283353    
  0.228052E-02  0.947244      0.283248    
  0.353401E-02  0.947244      0.283114    
  0.503779E-02  0.947244      0.282952    
  0.677538E-02  0.947244      0.282762    
  0.872775E-02  0.947244      0.282545    
  0.108735E-01  0.947244      0.282303    
  0.131891E-01  0.947244      0.282037    
  0.156492E-01  0.947244      0.281750    
  0.182269E-01  0.947244      0.281443    
  0.208939E-01  0.947244      0.281119    
  0.236210E-01  0.947244      0.280781    
  0.263782E-01  0.947244      0.280433    
  0.291355E-01  0.947244      0.280078    
  0.318626E-01  0.947244      0.279721    
  0.345296E-01  0.947244      0.279366    
  0.371072E-01  0.947244      0.279016    
  0.395673E-01  0.947244      0.278678    
  0.418830E-01  0.947244      0.278354    
  0.440287E-01  0.947244      0.278050    
  0.459811E-01  0.947244      0.277770    
  0.477187E-01  0.947244      0.277518    
  0.492224E-01  0.947244      0.277298    
  0.504759E-01  0.947244      0.277114    
  0.514654E-01  0.947244      0.276967    
  0.521800E-01  0.947244      0.276860    
  0.526120E-01  0.947244      0.276796    
  0.527565E-01  0.947244      0.276774    
  0.286712E-04  0.958158      0.280712    
  0.257569E-03  0.958158      0.280688    
  0.712858E-03  0.958158      0.280641    
  0.138955E-02  0.958158      0.280571    
  0.228023E-02  0.958158      0.280478    
  0.337514E-02  0.958158      0.280362    
  0.466228E-02  0.958158      0.280225    
  0.612755E-02  0.958158      0.280067    
  0.775490E-02  0.958158      0.279889    
  0.952650E-02  0.958158      0.279693    
  0.114229E-01  0.958158      0.279480    
  0.134234E-01  0.958158      0.279251    
  0.155061E-01  0.958158      0.279010    
  0.176480E-01  0.958158      0.278758    
  0.198259E-01  0.958158      0.278498    
  0.220157E-01  0.958158      0.278232    
  0.241935E-01  0.958158      0.277963    
  0.263355E-01  0.958158      0.277695    
  0.284181E-01  0.958158      0.277430    
  0.304186E-01  0.958158      0.277173    
  0.323150E-01  0.958158      0.276925    
  0.340866E-01  0.958158      0.276691    
  0.357140E-01  0.958158      0.276474    
  0.371793E-01  0.958158      0.276277    
  0.384664E-01  0.958158      0.276102    
  0.395613E-01  0.958158      0.275952    
  0.404520E-01  0.958158      0.275829    
  0.411287E-01  0.958158      0.275735    
  0.415840E-01  0.958158      0.275672    
  0.418129E-01  0.958158      0.275640    
   0.00000      0.967858      0.278274    
  0.880375E-04  0.967858      0.278265    
  0.351185E-03  0.967858      0.278238    
  0.786561E-03  0.967858      0.278193    
  0.138939E-02  0.967858      0.278131    
  0.215308E-02  0.967858      0.278052    
  0.306925E-02  0.967858      0.277956    
  0.412787E-02  0.967858      0.277844    
  0.531733E-02  0.967858      0.277718    
  0.662462E-02  0.967858      0.277577    
  0.803540E-02  0.967858      0.277424    
  0.953421E-02  0.967858      0.277259    
  0.111046E-01  0.967858      0.277085    
  0.127295E-01  0.967858      0.276902    
  0.143909E-01  0.967858      0.276712    
  0.160708E-01  0.967858      0.276518    
  0.177507E-01  0.967858      0.276322    
  0.194121E-01  0.967858      0.276125    
  0.210369E-01  0.967858      0.275930    
  0.226074E-01  0.967858      0.275740    
  0.241062E-01  0.967858      0.275556    
  0.255170E-01  0.967858      0.275382    
  0.268243E-01  0.967858      0.275219    
  0.280137E-01  0.967858      0.275069    
  0.290723E-01  0.967858      0.274934    
  0.299885E-01  0.967858      0.274817    
  0.307522E-01  0.967858      0.274719    
  0.313550E-01  0.967858      0.274641    
  0.317904E-01  0.967858      0.274585    
  0.320536E-01  0.967858      0.274551    
  0.321416E-01  0.967858      0.274539    
  0.162279E-04  0.976318      0.276161    
  0.145784E-03  0.976318      0.276148    
  0.403478E-03  0.976318      0.276121    
  0.786484E-03  0.976318      0.276082    
  0.129061E-02  0.976318      0.276031    
  0.191033E-02  0.976318      0.275967    
  0.263885E-02  0.976318      0.275892    
  0.346819E-02  0.976318      0.275805    
  0.438927E-02  0.976318      0.275709    
  0.539200E-02  0.976318      0.275603    
  0.646538E-02  0.976318      0.275488    
  0.759766E-02  0.976318      0.275367    
  0.877644E-02  0.976318      0.275239    
  0.998879E-02  0.976318      0.275106    
  0.112214E-01  0.976318      0.274969    
  0.124609E-01  0.976318      0.274831    
  0.136935E-01  0.976318      0.274692    
  0.149059E-01  0.976318      0.274554    
  0.160846E-01  0.976318      0.274419    
  0.172169E-01  0.976318      0.274287    
  0.182903E-01  0.976318      0.274162    
  0.192930E-01  0.976318      0.274044    
  0.202141E-01  0.976318      0.273935    
  0.210435E-01  0.976318      0.273836    
  0.217720E-01  0.976318      0.273748    
  0.223917E-01  0.976318      0.273674    
  0.228958E-01  0.976318      0.273613    
  0.232788E-01  0.976318      0.273566    
  0.235365E-01  0.976318      0.273535    
  0.236661E-01  0.976318      0.273519    
   0.00000      0.983514      0.274379    
  0.451564E-04  0.983514      0.274375    
  0.180131E-03  0.983514      0.274361    
  0.403445E-03  0.983514      0.274338    
  0.712651E-03  0.983514      0.274307    
  0.110436E-02  0.983514      0.274267    
  0.157429E-02  0.983514      0.274219    
  0.211727E-02  0.983514      0.274164    
  0.272738E-02  0.983514      0.274101    
  0.339791E-02  0.983514      0.274032    
  0.412153E-02  0.983514      0.273956    
  0.489031E-02  0.983514      0.273876    
  0.569582E-02  0.983514      0.273791    
  0.652924E-02  0.983514      0.273703    
  0.738143E-02  0.983514      0.273612    
  0.824307E-02  0.983514      0.273519    
  0.910470E-02  0.983514      0.273426    
  0.995690E-02  0.983514      0.273333    
  0.107903E-01  0.983514      0.273241    
  0.115958E-01  0.983514      0.273152    
  0.123646E-01  0.983514      0.273067    
  0.130882E-01  0.983514      0.272986    
  0.137588E-01  0.983514      0.272911    
  0.143689E-01  0.983514      0.272842    
  0.149119E-01  0.983514      0.272780    
  0.153818E-01  0.983514      0.272727    
  0.157735E-01  0.983514      0.272682    
  0.160827E-01  0.983514      0.272647    
  0.163060E-01  0.983514      0.272621    
  0.164410E-01  0.983514      0.272605    
  0.164861E-01  0.983514      0.272600    
  0.724439E-05  0.989428      0.272921    
  0.650804E-04  0.989428      0.272916    
  0.180119E-03  0.989428      0.272904    
  0.351099E-03  0.989428      0.272887    
  0.576148E-03  0.989428      0.272864    
  0.852800E-03  0.989428      0.272836    
  0.117802E-02  0.989428      0.272803    
  0.154826E-02  0.989428      0.272766    
  0.195944E-02  0.989428      0.272724    
  0.240707E-02  0.989428      0.272678    
  0.288625E-02  0.989428      0.272629    
  0.339172E-02  0.989428      0.272577    
  0.391794E-02  0.989428      0.272523    
  0.445915E-02  0.989428      0.272467    
  0.500943E-02  0.989428      0.272409    
  0.556273E-02  0.989428      0.272351    
  0.611300E-02  0.989428      0.272293    
  0.665422E-02  0.989428      0.272236    
  0.718044E-02  0.989428      0.272180    
  0.768591E-02  0.989428      0.272126    
  0.816508E-02  0.989428      0.272075    
  0.861272E-02  0.989428      0.272027    
  0.902390E-02  0.989428      0.271983    
  0.939413E-02  0.989428      0.271942    
  0.971936E-02  0.989428      0.271907    
  0.999601E-02  0.989428      0.271877    
  0.102211E-01  0.989428      0.271853    
  0.103920E-01  0.989428      0.271834    
  0.105071E-01  0.989428      0.271821    
  0.105649E-01  0.989428      0.271815    
   0.00000      0.994044      0.271790    
  0.163139E-04  0.994044      0.271789    
  0.650770E-04  0.994044      0.271784    
  0.145755E-03  0.994044      0.271776    
  0.257464E-03  0.994044      0.271765    
  0.398980E-03  0.994044      0.271751    
  0.568752E-03  0.994044      0.271734    
  0.764921E-03  0.994044      0.271714    
  0.985338E-03  0.994044      0.271692    
  0.122759E-02  0.994044      0.271667    
  0.148901E-02  0.994044      0.271641    
  0.176675E-02  0.994044      0.271613    
  0.205777E-02  0.994044      0.271583    
  0.235886E-02  0.994044      0.271553    
  0.266674E-02  0.994044      0.271521    
  0.297803E-02  0.994044      0.271489    
  0.328931E-02  0.994044      0.271457    
  0.359719E-02  0.994044      0.271426    
  0.389829E-02  0.994044      0.271395    
  0.418930E-02  0.994044      0.271365    
  0.446704E-02  0.994044      0.271336    
  0.472847E-02  0.994044      0.271309    
  0.497071E-02  0.994044      0.271284    
  0.519113E-02  0.994044      0.271261    
  0.538730E-02  0.994044      0.271240    
  0.555707E-02  0.994044      0.271222    
  0.569859E-02  0.994044      0.271208    
  0.581030E-02  0.994044      0.271196    
  0.589097E-02  0.994044      0.271187    
  0.593974E-02  0.994044      0.271182    
  0.595605E-02  0.994044      0.271181    
  0.181591E-05  0.997350      0.270983    
  0.163133E-04  0.997350      0.270981    
  0.451493E-04  0.997350      0.270978    
  0.880080E-04  0.997350      0.270974    
  0.144420E-03  0.997350      0.270968    
  0.213767E-03  0.997350      0.270962    
  0.295289E-03  0.997350      0.270953    
  0.388093E-03  0.997350      0.270944    
  0.491162E-03  0.997350      0.270934    
  0.603367E-03  0.997350      0.270923    
  0.723480E-03  0.997350      0.270911    
  0.850182E-03  0.997350      0.270898    
  0.982088E-03  0.997350      0.270885    
  0.111775E-02  0.997350      0.270871    
  0.125568E-02  0.997350      0.270857    
  0.139438E-02  0.997350      0.270843    
  0.153231E-02  0.997350      0.270829    
  0.166797E-02  0.997350      0.270816    
  0.179988E-02  0.997350      0.270802    
  0.192658E-02  0.997350      0.270789    
  0.204669E-02  0.997350      0.270777    
  0.215890E-02  0.997350      0.270766    
  0.226197E-02  0.997350      0.270755    
  0.235477E-02  0.997350      0.270746    
  0.243630E-02  0.997350      0.270738    
  0.250564E-02  0.997350      0.270731    
  0.256205E-02  0.997350      0.270725    
  0.260491E-02  0.997350      0.270721    
  0.263375E-02  0.997350      0.270718    
  0.264825E-02  0.997350      0.270716    
   0.00000      0.999337      0.270499    
  0.181587E-05  0.999337      0.270498    
  0.724358E-05  0.999337      0.270498    
  0.162237E-04  0.999337      0.270497    
  0.286577E-04  0.999337      0.270496    
  0.444096E-04  0.999337      0.270494    
  0.633066E-04  0.999337      0.270492    
  0.851417E-04  0.999337      0.270490    
  0.109676E-03  0.999337      0.270488    
  0.136640E-03  0.999337      0.270485    
  0.165739E-03  0.999337      0.270482    
  0.196653E-03  0.999337      0.270479    
  0.229045E-03  0.999337      0.270476    
  0.262559E-03  0.999337      0.270472    
  0.296829E-03  0.999337      0.270469    
  0.331478E-03  0.999337      0.270466    
  0.366126E-03  0.999337      0.270462    
  0.400396E-03  0.999337      0.270459    
  0.433910E-03  0.999337      0.270455    
  0.466302E-03  0.999337      0.270452    
  0.497216E-03  0.999337      0.270449    
  0.526315E-03  0.999337      0.270446    
  0.553279E-03  0.999337      0.270443    
  0.577813E-03  0.999337      0.270441    
  0.599648E-03  0.999337      0.270439    
  0.618545E-03  0.999337      0.270437    
  0.634297E-03  0.999337      0.270435    
  0.646731E-03  0.999337      0.270434    
  0.655711E-03  0.999337      0.270433    
  0.661139E-03  0.999337      0.270433    
  0.662955E-03  0.999337      0.270432    
   0.00000       1.00000      0.270337    
   0.00000       1.00000      0.270337    
   0.00000       1.00000      0.270337    
   0.00000       1.00000      0.270337    
   0.00000       1.00000      0.270337    
   0.00000       1.00000      0.270337    
   0.00000       1.00000      0.270337    
   0.00000       1.00000      0.270337    
   0.00000       1.00000      0.270337    
   0.00000       1.00000      0.270337    
   0.00000       1.00000      0.270337    
   0.00000       1.00000      0.270337    
   0.00000       1.00000      0.270337    
   0.00000       1.00000      0.270337    
   0.00000       1.00000      0.270337    
   0.00000       1.00000      0.270337    
   0.00000       1.00000      0.270337    
   0.00000       1.00000      0.270337    
   0.00000       1.00000      0.270337    
   0.00000       1.00000      0.270337    
   0.00000       1.00000      0.270337    
   0.00000       1.00000      0.270337    
   0.00000       1.00000      0.270337    
   0.00000       1.00000      0.270337    
   0.00000       1.00000      0.270337    
   0.00000       1.00000      0.270337    
   0.00000       1.00000      0.270337    
   0.00000       1.00000      0.270337    
   0.00000       1.00000      0.270337    
   0.00000       1.00000      0.270337    
