 
 CONDITION NUMBER     =  0.133D+01
 AMPLIFICATION FACTOR =  0.221D+01

  I       T        APPROX. SOL.         EXACT SOL.        ABS. ERROR
 
   1    0.0000    0.100000001D+01    0.100000000D+01   -0.120751906D-07
                  0.100000001D+01    0.100000000D+01   -0.149754595D-07
                  0.100000001D+01    0.100000000D+01   -0.130719144D-07
   2    0.6000    0.182211882D+01    0.182211880D+01   -0.230908284D-07
                  0.182211882D+01    0.182211880D+01   -0.186150273D-07
                  0.182211880D+01    0.182211880D+01    0.276465051D-08
   3    1.2000    0.332011694D+01    0.332011692D+01   -0.162949485D-07
                  0.332011695D+01    0.332011692D+01   -0.299702654D-07
                  0.332011690D+01    0.332011692D+01    0.253189540D-07
   4    1.8000    0.604964745D+01    0.604964746D+01    0.189447622D-07
                  0.604964752D+01    0.604964746D+01   -0.521154044D-07
                  0.604964743D+01    0.604964746D+01    0.319207700D-07
   5    2.4000    0.110231763D+02    0.110231764D+02    0.450974440D-07
                  0.110231764D+02    0.110231764D+02   -0.360646233D-07
                  0.110231764D+02    0.110231764D+02    0.539660228D-08
   6    3.0000    0.200855369D+02    0.200855369D+02    0.716159931D-08
                  0.200855369D+02    0.200855369D+02   -0.169556174D-07
                  0.200855369D+02    0.200855369D+02   -0.136452023D-07
   7    3.6000    0.365982345D+02    0.365982344D+02   -0.159334874D-07
                  0.365982345D+02    0.365982344D+02   -0.192572003D-07
                  0.365982344D+02    0.365982344D+02   -0.500944708D-08
   8    4.2000    0.666863311D+02    0.666863310D+02   -0.193061567D-07
                  0.666863311D+02    0.666863310D+02   -0.313410169D-07
                  0.666863310D+02    0.666863310D+02    0.170772552D-07
   9    4.8000    0.121510418D+03    0.121510418D+03    0.102889715D-07
                  0.121510418D+03    0.121510418D+03   -0.503272730D-07
                  0.121510417D+03    0.121510418D+03    0.372506150D-07
  10    5.4000    0.221406416D+03    0.221406416D+03    0.489645799D-07
                  0.221406416D+03    0.221406416D+03   -0.360824686D-07
                  0.221406416D+03    0.221406416D+03    0.207046469D-07
  11    6.0000    0.403428793D+03    0.403428793D+03    0.120751906D-07
                  0.403428793D+03    0.403428793D+03    0.149755124D-07
                  0.403428793D+03    0.403428793D+03    0.130718831D-07
