10 March     2013   3:00:49.832 PM      

MUS_LINEAR_PRB
  Test the MUS library on a linear problem.

  Condition number =        1.33153    
  Amplification factor =    2.21335    
 
  I       T        APPROX. SOL.         EXACT SOL.        ABS. ERROR

  1    0.0000    0.100000001D+01    0.100000000D+01   -0.120757435D-07
                 0.100000001D+01    0.100000000D+01   -0.149754595D-07
                 0.100000001D+01    0.100000000D+01   -0.130719142D-07
  2    0.6000    0.182211882D+01    0.182211880D+01   -0.230910786D-07
                 0.182211882D+01    0.182211880D+01   -0.186150277D-07
                 0.182211880D+01    0.182211880D+01    0.276482237D-08
  3    1.2000    0.332011694D+01    0.332011692D+01   -0.162950098D-07
                 0.332011695D+01    0.332011692D+01   -0.299702663D-07
                 0.332011690D+01    0.332011692D+01    0.253191095D-07
  4    1.8000    0.604964745D+01    0.604964746D+01    0.189447835D-07
                 0.604964752D+01    0.604964746D+01   -0.521154053D-07
                 0.604964743D+01    0.604964746D+01    0.319208597D-07
  5    2.4000    0.110231763D+02    0.110231764D+02    0.450974760D-07
                 0.110231764D+02    0.110231764D+02   -0.360646197D-07
                 0.110231764D+02    0.110231764D+02    0.539663603D-08
  6    3.0000    0.200855369D+02    0.200855369D+02    0.716162063D-08
                 0.200855369D+02    0.200855369D+02   -0.169556280D-07
                 0.200855369D+02    0.200855369D+02   -0.136451916D-07
  7    3.6000    0.365982345D+02    0.365982344D+02   -0.159335229D-07
                 0.365982345D+02    0.365982344D+02   -0.192572429D-07
                 0.365982344D+02    0.365982344D+02   -0.500946129D-08
  8    4.2000    0.666863311D+02    0.666863310D+02   -0.193062135D-07
                 0.666863311D+02    0.666863310D+02   -0.313411306D-07
                 0.666863310D+02    0.666863310D+02    0.170772125D-07
  9    4.8000    0.121510418D+03    0.121510418D+03    0.102887725D-07
                 0.121510418D+03    0.121510418D+03   -0.503275857D-07
                 0.121510417D+03    0.121510418D+03    0.372507571D-07
 10    5.4000    0.221406416D+03    0.221406416D+03    0.489649210D-07
                 0.221406416D+03    0.221406416D+03   -0.360826959D-07
                 0.221406416D+03    0.221406416D+03    0.207050732D-07
 11    6.0000    0.403428793D+03    0.403428793D+03    0.120757591D-07
                 0.403428793D+03    0.403428793D+03    0.149754555D-07
                 0.403428793D+03    0.403428793D+03    0.130718831D-07

MUS_LINEAR_PRB:
  Normal end of execution.

10 March     2013   3:00:49.833 PM      
