    -1.00000         11.2377    
   -0.960000         11.3199    
   -0.920000         11.3585    
   -0.880000         11.3021    
   -0.840000         11.1353    
   -0.800000         10.8934    
   -0.760000         10.6410    
   -0.720000         10.4306    
   -0.680000         10.2819    
   -0.640000         10.1885    
   -0.600000         10.1351    
   -0.560000         10.1083    
   -0.520000         10.0999    
   -0.480000         10.1075    
   -0.440000         10.1338    
   -0.400000         10.1879    
   -0.360000         10.2853    
   -0.320000         10.4451    
   -0.280000         10.6750    
   -0.240000         10.9456    
   -0.200000         11.1763    
   -0.160000         11.2702    
   -0.120000         11.1878    
   -0.800000E-01     10.9797    
   -0.400000E-01     10.7395    
     0.00000         10.5373    
    0.400000E-01     10.3981    
    0.800000E-01     10.3182    
    0.120000         10.2879    
    0.160000         10.3045    
    0.200000         10.3815    
    0.240000         10.5610    
    0.280000         10.9395    
    0.320000         11.7092    
    0.360000         13.1864    
    0.400000         15.7217    
    0.440000         19.3398    
    0.480000         23.2324    
    0.520000         25.8043    
    0.560000         25.7750    
    0.600000         23.3213    
    0.640000         19.8159    
    0.680000         16.6004    
    0.720000         14.2669    
    0.760000         12.7939    
    0.800000         11.9382    
    0.840000         11.4708    
    0.880000         11.2392    
    0.920000         11.1553    
    0.960000         11.1679    
     1.00000         11.2377    
