Elementary Uda Doodling                           
    16, Students
     2, Sections
     1, 0=SSN not stored, 1=SSN stored.
     7, Tests recorded
   50.0,  100.0,  100.0,  100.0,   50.0,
  100.0,  100.0,
    1.0,    1.0,    1.0,   1.0,    1.0,
    1.0,    2.0,
 1 Alfalfa             
123-45-6789         
   40.0,   90.0,  100.0,   83.0,   49.0,
   12.0,  100.0,
 1 Alfred University 
123-12-1234         
   41.0,   97.0,   96.0,   97.0,   48.0,
   13.0,   90.0,
 1 Gramma              
567-89-0123         
   41.0,   80.0,   60.0,   40.0,   44.0,
   17.0,   80.0,
 1 Android, Electric   
087-65-4321         
   42.0,   23.0,   36.0,   45.0,   47.0,
   14.0,   70.0,
 2 Bumpkin, Fred       
456-78-9012         
   43.0,   78.0,   88.0,   77.0,   45.0,
   16.0,   60.0,
 2 Betty             
234-56-7890         
   44.0,   90.0,   80.0,   90.0,   46.0,
   15.0,   50.0,
 2 Noshow, Cecil     
345-67-8901         
   45.0,   11.0,   -1.0,    4.0,   43.0,
   18.0,   40.0,
 2 Buff, Bif          
632-79-9939         
   46.0,   20.0,   30.0,   40.0,   50.0,
   60.0,   30.0,
 1 Airpump, Andrew             
223-45-6789         
   49.0     1.0,   90.0,  100.0,   83.0,
  100.0,   12.0,
 1 Backus, Jim
143-12-1234         
   48.0,    1.0,   97.0,   96.0,   97.0,
   90.0,   13.0,
 1 Carnivore, Art              
565-89-0123         
   44.0,    1.0,   80.0,   60.0,   40.0,
   80.0,   17.0,
 1 Dandy, Jim   
087-75-4321         
   47.0,    1.0,   23.0,   36.0,   45.0,
   70.0,   14.0,
 2 Elephant, Ima      
456-71-9012         
    45.0,   1.0,   78.0,   88.0,   77.0,
   60.0,   16.0,
 2 Franklin, Benny           
234-56-2890         
   50.0,    1.0,   90.0,   80.0,   90.0,
   46.0,   15.0,
 2 George, Boy   
345-67-3901         
   40.0,    1.0,   11.0,   -1.0,    4.0,
   43.0,   18.0,
 2 Heffalump, Harvey         
632-79-9439         
   30.0,    1.0,   20.0,   30.0,   40.0,
   50.0,   60.0,
