    2 0.577350269189626D0   
      1.000000000000000D0    
    3 0.774596669241483D0  
      0.888888888888889D0   
      0.555555555555556D0     
    4 0.339981043584856D0  
      0.861136311594053D0  
      0.652145154862546D0  
      0.347854845137454D0  
    5 0.538469310105683D0  
      0.906179845938664D0  
CW    
      0.568888888888889D0   
      0.478628670499366D0  
      0.236926885056189D0  
    6 0.238619186083197D0   
      0.661209386466265D0  
      0.932469514203152D0  
CW    
      0.467913934572691D0   
      0.360761573048139D0  
      0.171324492379170D0  
    7 0.405845151377397D0  
      0.741531185599394D0   
      0.949107912342759D0 
CW    
      0.417959183673469D0   
      0.381830050505119D0  
      0.279705391489277D0  
      0.129484966168870D0  
    8 0.183434642495650D0  
      0.52553S409916329D0  
      0.796666477413627D0  
      0.960289856497536D0  
CW    
      0.363683783378362D0  
      0.313706645877887D0  
      0.222381034453374D0  
      0.101228536290376D0  
    9 0.324253423403809D0  
      0.613371432700590D0  
      0.836031107326636D0  
      0.968160239507626D0  
CW    
      0.330239355001260D0  
      0.312347077040003     
      0.260610696402935D0  
      0.180648160694857D0  
