       1       1
       2       1
       2       2
       3       1
       3       3
       4       1
       4       2
       4       4
       5       1
       5       5
       6       1
       6       2
       6       3
       6       6
       7       1
       7       7
       8       1
       8       2
       8       4
       8       8
       9       1
       9       3
       9       9
      10       1
      10       2
      10       5
      10      10
      11       1
      11      11
      12       1
      12       2
      12       3
      12       4
      12       6
      12      12
      13       1
      13      13
      14       1
      14       2
      14       7
      14      14
      15       1
      15       3
      15       5
      15      15
      16       1
      16       2
      16       4
      16       8
      16      16
      17       1
      17      17
      18       1
      18       2
      18       3
      18       6
      18       9
      18      18
      19       1
      19      19
      20       1
      20       2
      20       4
      20       5
      20      10
      20      20
      21       1
      21       3
      21       7
      22       1
      22       2
      22      11
      23       1
      24       1
      24       2
      24       3
      24       4
      24       6
      24       8
      24      12
      25       1
      25       5
      26       1
      26       2
      26      13
      27       1
      27       3
      27       9
      28       1
      28       2
      28       4
      28       7
      28      14
      29       1
      30       1
      30       2
      30       3
      30       5
      30       6
      30      10
      30      15
