  0.7405703263451607      0.5151408367703783    
  0.3874747598831513      0.4454660455157008    
  0.6672640277681888      0.6443497754842143    
  0.6761415731190922      0.7242041526722968    
  0.2144692832970965      0.1484003214001630    
  0.1238201870067738      0.5114384091102485    
  0.4827410025154308      0.3060709425133542    
  0.5823572116700895      0.5397727233156997    
  0.4332308327425483      0.5501205316237789    
  0.8168425728489468      0.6367973622800148    
  0.5233350085406107      0.4513221784413745    
  0.7980531891319006      0.6178044838620969    
  0.6964987723252807      0.4442141522097326    
  0.2810121015862164      0.6994298969767631    
  0.4659506679483777      0.5968202255132454    
  0.3515634393353972      0.4207341136230039    
  0.3941260828344992      0.5056140343578597    
  0.4213661139351674      0.4531380113014143    
  0.4972141046777915      0.2398958965187870    
  0.5610169843412327      0.7195263001722015    
  0.3654003352524028      0.5906916592845990    
  0.3768765794878638      0.5896197096098160    
  0.4152612501086150      0.2311442215821602    
  0.3772715786244525      0.7726443050497391    
  0.5206033289035586      0.4370737583903741    
  0.3859917055935402      0.1364426304409038    
  0.5371368171739378      0.1995840641606364    
  0.4330432982387509      0.6011201585466946    
  0.4826545244872063      0.4398476998853947    
  0.3797318731241574      0.5388976505660326    
  0.4247843362314658      0.4710486535346073    
  0.3015145317011496E-01  0.3699930100047893    
  0.2074132560410722      0.7034607300508019    
  0.6365732038580412      0.3668819909830721    
  0.8924221012463371      0.6752831640267830    
  0.7062029290669779      0.7672807015356006    
  0.6424200085955463      0.7039665062617386    
  0.5409754178684462      0.7854165209181497    
  0.5333475449157294      0.3857206365641344    
  0.5114199522732282      0.6685398724684756    
  0.4574206766584732      0.3936611185193223    
  0.5988278241071758      0.3934520455506154    
  0.5209911544352203      0.4929086373087583    
  0.6532058357213479      0.5922301272342304    
  0.4265118957989780      0.6669746746375140    
  0.4413646990332259      0.4372510010432973    
  0.5920525933917856      0.7080619751696591    
  0.5691224168727959      0.5145385396056456    
  0.3592751991877059      0.5033346558431545    
  0.3556020830088754      0.5470377448314038    
  0.5627262704531125      0.3880489400729455    
  0.4132032593222756      0.1996755404597339    
  0.4038211093896617      0.5664698371963608    
  0.3475430392320708      0.5837176323492367    
  0.6593613925050862      0.3924910479721415    
  0.5759882165863459      0.4794974107431200    
  0.3960587193641453      0.7725350984237004    
  0.5208413592592166      0.2130086269141827    
  0.6467600789321445      0.4003621039503151    
  0.6077749437979292      0.5048243994777620    
  0.5825485309833965      0.5523267363639449    
  0.8118610113277936      0.5901663523428001    
  0.4290074051384786      0.3383669557421885    
  0.4629908132886081      0.4928854066517204    
  0.1156670737125652      0.2572131624672497    
  0.1392120834555073      0.1424182371794818    
  0.4752486990037896      0.3871383086879693    
  0.6041983524133229      0.6836706531896357    
  0.6558724750183980      0.3541430449184088    
  0.5362358041165288      0.1493202140327778    
  0.7169215886745832      0.4027487477189077    
  0.5886339449767515      0.6851822038869780    
  0.4061889764672229      0.5098051157603836    
  0.4977463232781397      0.6636707618938297    
  0.3702805540454439      0.3530950016608014    
  0.8431788830602868      0.6215121585135650    
  0.3472935039577877      0.5432552956185611    
  0.3276066672258649      0.4893877902390188    
  0.4838037823390227      0.2623567046668490    
  0.3825213888628054      0.5404274495741860    
  0.3528273658347165      0.4006757993586093    
  0.3792940101747668      0.2657995411304861    
  0.5702413355844291      0.4789121126432633    
  0.2149721303580664      0.2575679285800051    
  0.5908000177558921      0.3990286768744739    
  0.5546057226834645      0.5731787126358338    
  0.2919603571165547      0.5614877773783939    
  0.3441083454064955      0.5658715166665728    
  0.5041582845146587      0.3502002463021761    
  0.4143103383517028      0.6519299508190048    
  0.3247720032334747      0.4042569505914399    
  0.6523448100948321      0.3464164618041140    
  0.3774668594416553      0.6174888796758281    
  0.3291744060325407      0.5565692429178750    
  0.5736123285190299      0.6250863709990370    
  0.4615282234921358      0.4208737501816322    
  0.1234546623677828      0.4176988631865812    
  0.6166740109169181      0.4207137458735186    
  0.5516417209654799      0.6674396526825263    
  0.4524500998081181      0.6281765617371655    
  0.7269077917633530      0.6922230176489349    
  0.4669403962339274      0.6355862326538479    
  0.3865842690558372      0.5124968873027191    
  0.6991205078946924      0.6179785359569141    
  0.6060482305862335      0.6206137830957452    
  0.6567274780642247      0.5728216208649747    
  0.4249862858943211      0.5285774267371697    
  0.4620720210555717      0.4249556607712382    
  0.6694866602169556      0.5257804669385678    
  0.7205763936895171      0.3344585891364392    
  0.4055164941167815      0.5961780746544756    
  0.5665632878491259      0.9105460015073786    
  0.4101672828002961      0.5049418203204977    
  0.4667714392041650      0.6869316085809056    
  0.2535934502768734      0.5330418823972108    
  0.4571092440349899      0.5321251485526800    
  0.3083553270513970      0.3134814788045465    
  0.3389034367539276      0.6116922392744978    
  0.6544837903426616      0.6510614947156449    
  0.5588699979535025      0.5658610356456348    
   1.000000000000000      0.6901509837422919    
  0.3407486064837547      0.3409821598850545    
  0.4363500946556143      0.6419419201106937    
  0.5005688902861737      0.4688225558667297    
  0.7164443507824683      0.6359403533049750    
  0.6868533473954445E-01  0.3592830945375254    
  0.3654332622610971      0.5529953646994343    
  0.3164173324992209      0.2105016933785136    
  0.4937843471066944      0.7066049769783733    
  0.3672871179051306      0.3739574887796997    
  0.5067883891235064      0.2788773231463169    
  0.5404095848360821      0.4044923159040950    
  0.4612522736049993      0.5221288348212554    
  0.6078733256155326      0.8093859163768994    
  0.3704694153481297      0.5137727662893968    
  0.4958516661744755      0.2682179514890033    
  0.4093380862418508      0.4400623482039820    
  0.3687398756192164      0.3731389149010538    
  0.5605335323913394      0.4878388436756006    
  0.3558240626063238      0.3620534429933401    
  0.6960443285189375      0.6050687343150202    
  0.8600458543185852E-01  0.5626753414167157    
  0.3744664136147040      0.5749025136584193    
  0.3389040138446962      0.3450768832302809    
  0.2696223512806580      0.7474029967866826    
  0.6497658576094867      0.5265965308726870    
  0.3794452378822422      0.4864534847522592    
  0.3704957191736483      0.6900458012350120    
  0.5938979158841814      0.5526060875217254    
  0.5180813706830606      0.5397472725296919    
  0.4549420385685873      0.4459069594756916    
  0.4047224688654802      0.6124820884528719    
  0.5091811149281216      0.5277587859042889    
  0.2620797544830301      0.4324730253537993    
  0.5669730650189220      0.4971470168373938    
  0.3950997922242208      0.5782014697093404    
  0.5579052119020731      0.8165087603101252    
  0.3574190093380131      0.4781407441090226    
  0.3468558312336100      0.5931956723538586    
  0.5141669192442100      0.6129333349497547    
  0.4298002663302125      0.3249537662014791    
  0.4534940070149104      0.6941383640085180    
  0.5838509284948337      0.5315989839421259    
  0.3811450644865733      0.5992420351144450    
  0.8123754119371616      0.5407509426814260    
  0.5049147540666860      0.6381139606738258    
  0.3172867245521847      0.6033207958631702    
  0.6061038370701601      0.4943232966833733    
  0.4315540581218167      0.5269006964515625    
  0.4282087033929926E-01  0.3190325341361794    
  0.6908330511454537      0.4369443248010175    
  0.7306838452216320      0.6051638130860485    
  0.6015350546215457      0.4926669967209232    
  0.8155255249456866      0.4988495428852941    
  0.2013649057591227      0.3528674305548548    
  0.6960187170039374      0.5847115539451607    
  0.6697446952282480      0.7579502361234878    
  0.3114895246129729      0.1909085006471205    
  0.5087838238902643      0.4342329728235123    
  0.4614194632330152E-01  0.2217013717344722    
  0.5464115085082704      0.8460212091552878    
  0.2992151250457125      0.1965227838150644    
  0.6298257125160635      0.8604580102161797    
  0.5798800188283756      0.3974272046102233    
  0.5562362856097784      0.5447517467636495    
  0.5911594075087589      0.3257741676262672    
  0.4469601518733788      0.3777558877124176    
  0.6688018267262662      0.4824328815109110    
  0.7070506596775050      0.4757601133669639    
  0.4433233853394434      0.5463983858424953    
  0.3973274319270097      0.6734209703216181    
  0.7310832526547629      0.6117603895113390    
  0.4649808913675975      0.4270953721659589    
  0.6334738342223308      0.5265743646407737    
  0.3367543396074875      0.3372029872128511    
  0.7542936204960060      0.4377476010973607    
  0.4382408172410706      0.3568704464929845    
  0.5366835342395656      0.9427296351978337    
  0.4810345770180732      0.6856874496511302    
  0.3635448693797525      0.3605056795995822    
  0.6509499044264259      0.4995037074967861    
  0.4330067431698934      0.4488248942226083    
  0.1760112051438221      0.5095946760238199    
  0.3891358166131151      0.2351780894569807    
  0.5313236201679049      0.6365980212057432    
  0.4435749408458918E-01  0.5184870268666679    
  0.7081053335097118      0.6251507162124527    
  0.6025216902260557      0.5420190388909818    
  0.2567381005421187      0.5056700534804495    
  0.7553199097660672      0.5245416050981305    
  0.5021114655755210      0.4236563840705120    
  0.5390069606138442      0.4289952578770423    
  0.4545841143788102      0.6936638833924388    
  0.3987787172447352      0.5425271100917348    
  0.4983699419201031      0.6461326548896889    
  0.3678566326156660      0.4085763912504426    
  0.6551303662810510      0.4651038785370655    
  0.4540362228374807      0.6584628603106180    
  0.4388556162856658      0.6516436334126685    
  0.6220692963466444      0.5378020038560496    
  0.4305519361781345      0.3734134735031800    
  0.4420565187964596      0.5381349385046291    
  0.3835740743686441      0.2999930111162225    
  0.3147679911115344      0.7249392215846014    
  0.3870205542194901      0.4945039359723365E-01
  0.4633576055935009      0.6221980529197320    
  0.4396407360933832      0.4244931787101650    
  0.4781100510735807      0.6412730417423829    
  0.1457392015603662      0.4693676696885702    
  0.3214947539516934      0.3995032174713278    
  0.3446180301407584      0.4401125646145815    
  0.4728375497702747      0.3253648258185734    
  0.6680189575400527      0.4974234147198475    
  0.3251800836268290      0.2784197899898569    
  0.4484691065604587      0.5220607834477191    
  0.7965293842790200      0.5934413962683321    
  0.6053299752594286      0.4253864971141360    
  0.4538158589887297      0.3911556063653460    
  0.2870005858508871      0.4776776894370702    
  0.4056183445975040      0.1661829402246764    
  0.5934396214185341      0.2990638772588987    
  0.4607589255389330      0.5063295096689078    
  0.5664831426317042      0.6687530762309285    
  0.4641131731005170      0.4884267723866522    
  0.5712464480271323      0.4059454211414264    
  0.4057676424011916      0.4256489130095936    
  0.2563085835917854      0.5704635456740061    
  0.1369868984092213      0.4869522496521310    
  0.5082209767912448      0.6833855308696681    
  0.3800257193593468      0.2775355897955919    
  0.4377278500195282      0.6622269734482633    
  0.5955937036886805      0.5385011359830978    
  0.6910922194034711      0.2905113154604463    
  0.3332887029675847      0.4862266348029035    
  0.4775675332170640      0.5736003590693329    
  0.4463504592007450      0.3997154269505073    
  0.5600946612415365      0.7548616842725500    
  0.5041964902560435      0.4414644097892956    
  0.5512984902427887      0.8972020213026686    
  0.6410782835670131      0.7087440928678629    
  0.3490287216846085      0.2300579329155885    
  0.7240478369624491      0.4955463522992644    
  0.2762126914358312      0.1920941747889358    
  0.6365757666517354      0.4792129442629044    
  0.3990312316209088      0.3214123724421049    
  0.4043346073525996      0.3643366382215417    
  0.5805093331700937      0.3214384518669727    
  0.2237236172855114      0.2914473989974332    
  0.4938549883652041      0.5015266263925267    
  0.5335631031983147      0.6379058088235280    
  0.3558830110442739      0.5804797210278856    
  0.1666889346111773      0.7019401541873233    
  0.1086205613917329      0.5603119277945270    
  0.3676918089024573      0.2276559830311766    
  0.3000267466995954      0.3200687887733278    
  0.2089677814219898      0.4439902533004685    
  0.6442739412395028      0.6821595720013207    
  0.5801858366107628      0.3676689121580400    
  0.4595597819982756      0.5938462966853633    
  0.5822790447918239      0.6842623923128269    
  0.2460598581953140      0.4253007921411848    
  0.4517256484382122      0.6944436677907594    
  0.5044930547349532      0.7349046109755094    
  0.3830792863028416      0.2072824085048261    
  0.4987166571911154      0.5370225579090864    
  0.5587890233511107      0.3308067681093149    
  0.2759326229995604      0.3787301143660681    
  0.5157450810060300      0.7473348077627164    
  0.3657668609742246      0.4390569489440684    
  0.6193068075596889      0.4653924923008101    
  0.5296160000964693      0.4180930880827463    
  0.5154718003697757      0.5240156930765048    
  0.7785426952271315      0.6767195796385234    
  0.2353526921363968      0.7234125648835414    
  0.4253888783309411      0.6643083682131700    
  0.2864272460752599      0.3722408547340428    
  0.3373091261495392      0.8306967772722078    
  0.5373892305449557      0.3870388405351460    
  0.2785891533208820      0.5412783105304904    
  0.6543336497736589      0.9009858275129529    
  0.2935460870049366      0.6271913586862665    
  0.6672589639188121      0.4025265537048123    
  0.4299755174108462      0.4773678975431516    
  0.3542037877542963      0.3501468575775088    
  0.2190618185031481      0.5136242308075463    
  0.3982998327464075      0.5173272317533094    
  0.3098704375799159      0.5680839848861058    
  0.2609256929266358      0.3910472927478962    
  0.2831707207083111      0.3308114900590501    
  0.2728988232160856      0.4450363697960043    
  0.3620542533717380      0.3625153886365952    
  0.6411619259723691      0.6677465941519845    
  0.3073959207420852      0.2524369928619913    
  0.3964700793508313      0.3139639395801570    
  0.6268552510533947      0.6379197570705297    
  0.3892549954764897      0.6980342386636265    
  0.5347153989298282      0.5501580881336023    
  0.7812993431891653      0.5201539197747269    
  0.5244279779885612      0.4215832282057932    
  0.4299974738542628      0.5381931140047480    
  0.5644786433757443      0.4724755935722426    
  0.3296322221868502      0.4685028451495594    
  0.5423907076840268      0.7012518265387305    
  0.6183609682132707      0.4864584179458336    
  0.2536717292069816      0.4777227934637805    
  0.3479164528642579      0.4335773357148994    
  0.5341246399336492      0.5787583817288147    
  0.3623548054652105      0.6454457877949770    
  0.6006220664419094      0.6591919779329851    
  0.7971411075467337      0.6955832722603551    
  0.4003091891478677      0.4631507516303112    
  0.5696019100211922      0.3728052247215726    
  0.5555347530199977      0.5749456665714708    
  0.6711374736547949      0.7069617978551856    
  0.4330152134810952      0.4506999629991379    
  0.4758841587290532      0.3604748307229073    
  0.5068455541236480      0.6953623647278260    
  0.4864003036574728      0.5931842789029448    
  0.3417056150505692      0.8325719261177594    
  0.7950046029010790      0.5789202916168068    
  0.4383342079283376      0.6187300296737301    
  0.3869027920010946      0.6013805593396067    
  0.6515784205303986      0.5413809243404650    
  0.4517220211749510      0.5423951891292129    
  0.4330300214893744      0.5938849882140071    
  0.4380727617635659      0.3339361689252170    
  0.5718397343460051      0.5874712173519434    
  0.3685210710887876      0.4685084943279393    
  0.3690607999323426      0.4324839561933487    
  0.4582082741353889      0.4028542204404341    
  0.5505280846136243      0.7645926857002867    
  0.3447303301505474      0.5610451154500687    
  0.3479999961794657      0.4214119865086328    
  0.5235208369858217      0.6353655183020337    
  0.6421060996317087      0.3950046149749394    
  0.6717287536737103      0.4924566874797827    
  0.5313092778721925      0.7819292620818548    
  0.2652624937420475      0.2682422776129725    
  0.7753190095066353      0.6925569658495114    
  0.6683633370995938      0.5327331995212190    
  0.6097374983770872      0.6248582888675609    
  0.4445403478709447      0.5470823934401402    
  0.6009181871115973      0.5463120292171869    
  0.4437769051882530      0.2156106910252948    
  0.3609746143922439      0.5095820997665957    
  0.6446722152500461      0.5230703663531752    
  0.6060527815538632      0.4977040616336947    
  0.4555970733275686      0.5895977284612718    
  0.5276202738036674      0.2681513523040393    
  0.6103427816237690      0.4471107007256352    
  0.8019371210698171      0.6004000028421697    
  0.3927447873480540      0.4472768837982187    
  0.6812864775237208      0.4420973581038587    
  0.5043612939463543      0.4433796479488152    
  0.3384452872769002      0.2331494865597777    
  0.6231695850078662      0.4868102305798038    
  0.5107462816700196      0.4209656871939859    
  0.3701745735863509      0.2587250096336225    
  0.4632133455597754      0.4993551580219381    
  0.6111368138880159      0.5429177182621633    
   0.000000000000000      0.3710137947328033    
  0.4922282852263670      0.6536451602311995    
  0.7091970723605522      0.5716290494056702    
  0.4195111692602496      0.6834714571853283    
  0.6272400777356981      0.5114925720070033    
  0.2419855778765293      0.5208185346586131    
  0.6559486128868715      0.4035686188131310    
  0.5936036597685663      0.6165468629983615    
  0.6800324386191396      0.6051591267236123    
  0.2142511634180556      0.1422279362040680    
  0.5873302079261832      0.4356485532381751    
  0.4230620915926852      0.7033164756138339    
  0.3612015550032996      0.3507752782876277    
  0.5567766539146703      0.2239490934627629    
  0.7166676560168415      0.4146220420883444    
  0.2272859543942326      0.3317292189777479E-01
  0.4260483131339385      0.6276846836154513    
  0.5919194278589064      0.5471978974213431    
  0.4307803937189232      0.4467464986863487    
  0.3852090464376770      0.5600954340446370    
  0.5874301299243930      0.3984074504880562    
  0.5421122487508805      0.4744349760857803    
  0.4018633840253649      0.1948237119161944    
  0.4829219407161655      0.3242128921566655    
  0.4536337048957402      0.4951235965553377    
  0.6195284857847194      0.6508597516842345    
  0.4494267385770259      0.4154916467435422    
  0.6472203941628827      0.6600465741251665    
  0.3288971071340110      0.3674667916646007    
  0.5957723440975329      0.4029078143679831    
  0.7083211789265218      0.5031816574628898    
  0.5797232156141046      0.5644200461785180    
  0.4408196188815650      0.5724172940740139    
  0.6434451477264735      0.5083357277856201    
  0.5270977101635030      0.4189963480907115    
  0.1790947114967510      0.2949281786455474    
  0.6869660848418760      0.5168887897715808    
  0.3819453854404147      0.2872077388469330    
  0.6030454644367158      0.4328696457383831    
  0.4203717681706732      0.4789907547340727    
  0.3918601381692045      0.3077134053490114    
  0.6384677535018082      0.5391810290706169    
  0.5705799573886257      0.3994308408091863    
  0.5135297622173559      0.6217712509005047    
  0.6267008228724305      0.4334366597913079    
  0.5457327144542476      0.5533059119529065    
  0.3000758686562116      0.2617603983183367    
  0.1988289577724081      0.3675065211893576    
  0.2027688447158152      0.4728359693787375    
  0.3198124400324224      0.2207749145136885    
  0.5830764469327411      0.4290103721466806    
  0.1725093609948710      0.3725402269901352    
  0.5185927796446926      0.2829498389475204    
  0.2015551356244346      0.6718462844112658    
  0.2268323931118399      0.3857610819058063    
  0.5199435867224879      0.4574437761733495    
  0.6248084221168592      0.5657382839221393    
  0.5767743286599613      0.7613185343237681    
  0.4037998247451398      0.4365269902137441    
  0.3196486889242848      0.2552570611001305    
  0.5498730436987954      0.5953745603671969    
  0.4167922826383261      0.5959947743510360    
  0.5367990756316956      0.6541991533857284    
  0.4880940872960051      0.6101332093024837    
  0.3687190946002713      0.3503671899819319    
  0.5658566950183913      0.1381309905438579    
  0.2938239103706344      0.7935006991132042    
  0.8780608341817865      0.6784827017291328    
  0.7007751143896787      0.3991908378405952    
  0.4158706439744791      0.3243971297990719    
  0.5204853053729791      0.6500999097732303    
  0.4394398226237158      0.4906837336040120    
  0.3883673815240721      0.5245097246793406    
  0.4198796641987924      0.2573399906743576    
  0.3496569070350929      0.4448140490712772    
  0.4444502680946034      0.5678760558924922    
  0.6982369428152301      0.5626054597035380    
  0.4574644211502729      0.5180730620509251    
  0.4728480005945809      0.5373794729372822    
  0.2886846328848038      0.3110350993272841    
  0.3893017434763142      0.5139091474879049    
  0.7309778216638469      0.4341291463825279    
  0.4344595613249889      0.4878724592670731    
  0.6068007985838876      0.6760692648928812    
  0.6670700097056110      0.7748492917308769    
  0.6782115337646383      0.6674471916394810    
  0.4959697628467273      0.5483893185684062    
  0.4626723706745021      0.6560459634655228    
  0.2516355699777694      0.5297043645363027    
  0.4616677616125777      0.6697625496307504    
  0.6818449176379523      0.4897733954063188    
  0.2499424104098526      0.4507033785227184    
  0.6386925158931687      0.3954226776881382    
  0.3067098917932033      0.4713915581031307    
  0.5389115717227667      0.3949969806901819    
  0.5968871362179834      0.6595718800722431    
  0.5448883375196476      0.2977196800034125    
  0.3791219289296546      0.3668193440858571    
  0.1744660278733005      0.2887265157756830    
  0.8566443843092997      0.9146790832113258    
  0.7047566527959085      0.5958802989007356    
  0.3926903642089870      0.4038816043343236    
  0.3832205464884800      0.2760054227614042    
  0.2989213660379433      0.4134388289287627    
  0.5357419081689976      0.4428869162169712    
  0.6828857286847150      0.6138616145385702    
  0.4407317835366779      0.7188798400822787    
  0.2988734214354483      0.3055236481986388    
  0.7048126304770961      0.4698308736808862    
  0.7346898076577264      0.6202985006120461    
  0.7334280004449525      0.7421380272123995    
  0.7196417551574027      0.5915054890944577    
  0.4766446540402694      0.5384510785135678    
  0.7135956963285113      0.7639593684940553    
  0.3925662351111761      0.4489969974790532    
  0.5720600942340084      0.5391711375316987    
  0.3405226238536229      0.2128104845662636    
  0.8768022657109151      0.7590559560332705    
  0.4743914708712342      0.4768093561432903    
  0.5582311406265132      0.3650620802189659    
  0.4141880183396829      0.5314908494971086    
  0.6101315779070544      0.6834184815891348    
  0.7530738648263042      0.3958146744253098    
  0.4634198403063288      0.5396616683179417    
  0.3783435711536057      0.5761161799125117    
  0.8936747716716332      0.6436121600505641    
  0.8558512587817843      0.8338022359811205    
  0.5662547954066984      0.5292927373619860    
  0.2286631914826600      0.1877634140061800    
  0.3127071249352367      0.4614832570856512    
  0.4208629980744645      0.4997234928756126    
  0.3799332358978650      0.6182325775168741    
  0.6634551473593580      0.6614410623383387    
  0.5116688703151102      0.5926162761271843    
  0.6495395663257488      0.6017146731853713    
  0.5202216192087109      0.5303840732982572    
  0.5630389594026909      0.5876307510406078    
  0.8494426563732435      0.7574158889396259    
  0.3093294847406642      0.6406978509058204    
  0.5297213755969362      0.5530800298948666    
  0.4778356401038186      0.4547355835207050    
  0.2534941574651877      0.1783935644631509    
  0.3555487103274787      0.4887781043349699    
  0.5024240087041261      0.3869725849896826    
  0.1924222993855777      0.6091846389084858    
  0.3386284474319678      0.7878859704225908    
  0.3892732803489363      0.4948940919306516    
  0.5140231556478925      0.5311227824044453    
  0.4548168800749698      0.5076193364782710    
  0.5612896609891034      0.5346129434033858    
  0.4195738537093997      0.4787063192659472    
  0.6834204432363989      0.3649071703723504    
  0.4827490928290174      0.5564774942507889    
  0.5296828077410275      0.3828299947343709    
  0.5739750449167956      0.7312626393743946    
  0.2803996344393999      0.4303597206507085    
  0.2308815664744832      0.3639711482122308    
  0.3348101603320026      0.3917887734199854    
  0.7350415439828216      0.5753599774424500    
  0.4294905419849463      0.5570456036426578    
  0.4783605502946631      0.6076410991899595    
  0.4126154261212822      0.6757319841349627    
  0.4425721122826372      0.8378971634738545    
  0.3893219875894755      0.5706880411663394    
  0.2176634812368623      0.3115193137721028    
  0.4111608051943186      0.7636636545072809    
  0.4811423624383369      0.9626114207886107    
  0.3508799660024809      0.4182679136739133    
  0.5768746212541513      0.5446936355258916    
  0.5043534366892057      0.6794208172424319    
  0.3457998521186632      0.5113223701307832    
  0.1159451096098670      0.4711146776988591    
  0.7195511008023640      0.5896398206005565    
  0.4698565493756308      0.4239337307305551    
  0.5949611044228856      0.2746805461009894    
  0.3839316448223329      0.5763769266748273    
  0.2965543034420011      0.1995444836759320    
  0.2400403735615524      0.2797914881951156    
  0.4431006213671900      0.5430590924513307    
  0.5031107554805171      0.4610430960624157    
  0.6064563732155692      0.5770721263828926    
  0.7260983991652671      0.5012909715509865    
  0.3902765923894281      0.3338117959949005    
  0.5028538535839777      0.5256509202077860    
  0.4688397199528618      0.5268115389869714    
  0.2689855905976876      0.5562534044314964    
  0.4892650220458328      0.6252595877959857    
  0.5712827651454698      0.6682782897748222    
  0.6082489923930436      0.4761286353648660    
  0.5849924204162152      0.6212295477568200    
  0.6164069787907456      0.5980468864899292    
  0.4316963902489130      0.7585896081435317    
  0.6273702827495315      0.7758536399558871    
  0.3670930853915310      0.4297890619764915    
  0.5457954296922661      0.5002295052816901    
  0.3645714946042104      0.5785525236518138    
  0.3057435580460882      0.5542839524733679    
  0.4722322352971282      0.6151981968604491    
  0.2220501149762621      0.1801832047447573    
  0.3193888461854506      0.4423777922237250    
  0.5274342549149657      0.3710082005510763    
  0.2818298167861402      0.5651390664829256    
  0.5712766620627434      0.5106014281471725    
  0.7610092801932229      0.4892441937332117    
  0.7448621825864415      0.4193534743320980    
  0.5620919690679748      0.3741597562435249    
  0.4772596609880594      0.3476882780367288    
  0.2619800739861511      0.4563351327765154    
  0.5282281362611689      0.5952901532673769    
  0.6595980569505014      0.4925613733070340    
  0.5609857904860366      0.4500977184416530    
  0.6429305490495667      0.6841728705118246    
  0.3803774206067986      0.4491269628240976    
  0.5519936313496671      0.4630751866668533    
  0.2502396947033691      0.2338750171123586    
  0.2905415996467559      0.1957947244273901    
  0.5267347248339030      0.6332860365684400    
  0.3822818069564297      0.4490463643997134    
  0.5018786832290706      0.6053370003561470    
  0.5356022667422199      0.7392588782388905    
  0.5877530524333107      0.5353832943070410    
  0.3765442733136890      0.1224007610778619    
  0.3535385006947193      0.6644355918468721    
  0.3008826064911916      0.4802981986758103    
  0.4330019335641181      0.6515601577270328    
  0.5846677513892419      0.5885543291164943    
  0.3272157190180011      0.2814257912653315    
  0.6029171230407022      0.6896728086102314    
  0.8209936410601356      0.5334099715206547    
  0.4536020947328123      0.5029749038208087    
  0.4979994728232470E-01  0.7375997347183573E-01
  0.4250267817223106      0.4795153662922964    
  0.8352364286182792      0.5582187231481223    
  0.7379010009368748      0.4900663186262605    
  0.6735892580263222      0.6180147808372750    
  0.4725048060329065      0.7379471001736910    
  0.5829397006317583      0.6359027851099172    
  0.4697097505808906      0.3150521045013424    
  0.4340420031022410      0.4817404318548826    
  0.3905919446609079      0.6531419579437887    
  0.5896139714062945      0.5833850235463953    
  0.5634457723450623      0.5565970546152922    
  0.3570732526216882      0.3187924345792165    
  0.3738192453769587      0.5604898793747998    
  0.4076060908707912      0.6923749469817366    
  0.2242270812383649      0.6301081099276252    
  0.5602549291561401      0.4306126188020460    
  0.3934398988281102      0.4189083316313868    
  0.5441310426145161      0.5906093669833689    
  0.1250937363692817      0.2797181895870688    
  0.1369484725177887      0.4186282498973295    
  0.4191521471913385      0.4408428718895414    
  0.4829092682672776      0.5673344605774170    
  0.5433578241908736      0.3735662340579482    
  0.4350688630911769      0.6459427918394534    
  0.5690563059639614      0.3114783803745437    
  0.5408463212886530      0.2139621817921363    
  0.4491763603691650      0.3378082906820942    
  0.4060729249314989      0.6515092023025795    
  0.3727060589799305      0.5778795444850332    
  0.3840778383000250      0.5743949560674814    
  0.4684449993451020      0.1406575940126394    
  0.3691671848349817      0.4238872681604048    
  0.5431621544461259      0.4037264069191717    
  0.4502473930805767      0.6697347631701420    
  0.6260317492918834      0.3620350653714235    
  0.4380905795927794      0.1411637036767961    
  0.4959720547671938      0.6918672708352765    
  0.6760150447056389      0.5773446846743611    
  0.2692224241930653      0.3979722033223759    
  0.4262683654279659      0.5768136444959359    
  0.6788363304558500      0.5644328403705741    
  0.5797247619259159      0.5276058763346163    
  0.3241094784741599      0.4889271908014332    
  0.7692454441524859      0.6730970820076940    
  0.3555752919020372      0.2797062928581477    
  0.5380514822138593      0.1816135228642665    
  0.5178636909810173      0.4410655514808330    
  0.6461804940532083      0.7116323701088617    
  0.7042456829351403      0.4482249325879435    
  0.5811520534469476      0.3801507332597240    
  0.3925701674738243      0.5085377600482253    
  0.2807598685608204      0.4308156162454421    
  0.5602254446841448      0.4654951372803169    
  0.7112259681001823      0.6240906024143018    
  0.3603834201956981      0.6355254662423333    
  0.4397965960813862      0.3126277778165156    
  0.5841303684977004      0.2531237959203986    
  0.5977138156655459      0.2758738365556302    
  0.2101469236716686      0.3530010607072914    
  0.3902021668643479      0.4514853708038286E-01
  0.5501303593116825      0.5792765272920573    
  0.5315059999209011      0.7313149074105779    
  0.6057667028600295      0.6146927916030741    
  0.6109502090375811      0.5049195246580275    
  0.3474182361304658      0.5935103091059152    
  0.3068679890143520      0.5670652956133944    
  0.3618464009898634      0.8082070961517572    
  0.2932574381965175      0.7056357808903657    
  0.3992325471518025      0.7121970182347868    
  0.5802105656704174      0.3408496671975656    
  0.4863727696253106      0.3458934601829760    
  0.3626254943412082      0.4412420856575696    
  0.3435121755391677      0.2265410769173215    
  0.3454631586134012      0.3178872698819919    
  0.5614525380941487      0.5952463036722934    
  0.5729619880976629      0.4945025587850645    
  0.5295498166833751      0.5827947571559853    
  0.2022140149914983      0.4575138996609243    
  0.3335746957231885      0.3155263184770977    
  0.4612866640120417      0.5314549790062492    
  0.5920331532001623      0.5032005340782993    
  0.7727077076175103      0.6464546561373755    
  0.6719787335868126      0.4265511248413048    
  0.7490405099124182      0.3936696386821371    
  0.9211458367730072      0.3537772036228934    
  0.8098670042552452      0.6671028906349118    
  0.4007434129476173      0.5537419320432536    
  0.4355992104442669      0.3350786508630226    
  0.5381036657712805      0.6926120880553871    
  0.3831235532958445      0.7944637174822350    
  0.5561697008555220      0.6816550724679746    
  0.4196380169278303      0.5760653300351302    
  0.7658124694533383      0.7200754799905054    
  0.6090612033944416      0.8485458488626931    
  0.4462968750117783      0.5914000606625764    
  0.6414860907154589      0.6594893713046094    
  0.5764694625741944      0.5516446319388777    
  0.4505842825172403      0.5192301132652131    
  0.4816128052685106      0.4483986130437347    
  0.3772223925321803      0.2335721039055074    
  0.4826201080980916      0.9481281314164104    
  0.4126941811651240      0.7410484725143793    
  0.5434471037447069      0.3549318452824641    
  0.5917503108614846      0.7781852874475322    
  0.5490439372062679      0.5154578333579215    
  0.5945721853996974      0.6711936637144750    
  0.4699699774000074      0.4948109201119483    
  0.3676016260067840      0.2565626456307411    
  0.4323973255517320      0.4378323285823789    
  0.3728401992532169      0.4731317255698833    
  0.2526611072668772      0.4937604157544037    
  0.1903808519985856      0.3822034388650628    
  0.2418582812307707      0.3971726168221223    
  0.4130667667136179      0.7393721496320441    
  0.7086684373927499      0.4376526344082488    
  0.1360566266315465      0.4185345264603427    
  0.3943071503829784      0.5636031611434555    
  0.2530713114607299      0.4725868593855832    
  0.3305639366822780      0.3430360763180270    
  0.4177261742899248      0.5708396544885366    
  0.5943826107477130      0.5344288485297091    
  0.7362050734324859      0.7792772933475327    
  0.6626543310880424      0.5772318160367963    
  0.5910625438473098      0.3955704864289853    
  0.2097356675500196      0.5824589191889141    
  0.3169621726567969      0.2475160360282571    
  0.3376187591640441      0.5304362762253513    
  0.5159354980057502      0.3009638545864128    
  0.5239012020646330      0.5649222976968304    
  0.4165852809393177      0.4642576245948297    
  0.2576412568996888      0.4957887552273369    
  0.2448511550056988      0.4986033591049320    
  0.2536556063362334      0.3091831570889255    
  0.7109826707439674      0.3154049986367681    
  0.4793551697566752      0.6636858197853484    
  0.2143860781150319      0.6732470561151528    
  0.3573277223484397      0.4106858238832257    
  0.1061471164472228      0.3773181795374603    
  0.4224592029549361      0.4331908757190168    
  0.4214894645281669      0.5542811945220906    
  0.4247377957486845      0.2282591199542107    
  0.5207903531707396      0.4747736952932116    
  0.5195750614617719      0.8320945357638865    
  0.3932679754130025      0.4437984424131679    
  0.5871848538990033      0.5896683120981955    
  0.6356074383140777      0.9559657584379703    
  0.5092297995680027      0.3998292174270573    
  0.4981453938034144      0.6358724873390118    
  0.7431112441731946      0.6754599394219681    
  0.5307041295621600      0.5327839347772616    
  0.3822476240289077      0.5590284023755061    
  0.5188663387254274      0.5028487930253658    
  0.5993666800916385      0.7674224448774212    
  0.5455554399656131      0.4733503254131921    
  0.4854036774836626      0.5250733697432428    
  0.4971920526676846      0.4327791801570460    
  0.2668543116848794      0.2237248461913732    
  0.8003497387239060      0.5578216166857323    
  0.8262263073186608      0.5015683895667965    
  0.4067909697706827      0.6176861711004559    
  0.2099187608955118      0.6340962638582373    
  0.4937661717487528      0.3519463410451342    
  0.6347764175301353      0.6516853325326375    
  0.4181797610293619      0.4981205066757515    
  0.2748423006457545      0.3820785524945137    
  0.8897274324873329E-01  0.2469523222456129    
  0.3903916461220369      0.4319300156917463    
  0.2450844240983708      0.5128961357836377    
  0.3976572919286919      0.6932511804312274    
  0.6609534524357852      0.6012784835913276    
  0.3818655989697013      0.5188205602781306    
  0.4033015462690298      0.5140546690622400    
  0.4394352074498915      0.7717456576379127    
  0.6375172120861599      0.6047138837687984    
  0.4400896198642684      0.5683634576807685    
  0.5829358563640382      0.5833926287855196    
  0.2785664463950108      0.3854562825912360    
  0.2704347566277365      0.5536468240813441    
  0.2618583267885323      0.2717116745007714    
  0.3601081703564399      0.4947807733627033    
  0.6009294940427006      0.6351625488672149    
  0.6941927888856435      0.5649051499422109    
  0.4345782173383971      0.3551898494743518    
  0.2347700032021574      0.4400607456339015    
  0.5469332386295725      0.9051288222121672    
  0.4507165467051221      0.7804461051049092    
  0.3691100673503130      0.8671661059299375    
  0.4260119018282902      0.3544844073878681    
  0.2889808199177711      0.2960645119037226    
  0.5281837639333838      0.7398803641121272    
  0.4504723276632500      0.6597718138451072    
  0.5749020075632414      0.4648209394698287    
  0.4074199234976085      0.5213548632709116    
  0.7302747287061611      0.6091674565293632    
  0.2409332562919592      0.5680852738987873    
  0.6178405421020199      0.5638691858180430    
  0.4952137698758026      0.4390976417283980    
  0.4290763641372276      0.6158255929655366    
  0.2120398649487744      0.2202043586170256    
  0.4841118810941416      0.6988250037472724    
  0.3538026230258600      0.6285771940283936    
  0.5458591717758782      0.5298377316721843    
  0.4006568591385437      0.1948472211542462    
  0.4037680257316167      0.3546977073296482    
  0.3986644589172932      0.3775783490339586    
  0.4189635724284546      0.5771917407586123    
  0.4888274082178928      0.5697549321128408    
  0.4408575059090212      0.7133716335267082    
  0.4533620952873667      0.8219651250553512    
  0.4225044289636411      0.5772550135234531    
  0.5474957838597477      0.9668270781022231    
  0.8157217994510827      0.8620609781606333    
  0.2826020153832215      0.6032747096623169    
  0.2607769674952470      0.3031459342483475    
  0.4383659813214580      0.6839049615240256    
  0.5848870391011922      0.4771661504444596    
  0.3975059724204075      0.6950896271934511    
  0.4192951419698303      0.6443594585253571    
  0.1224832965072036      0.2179286036945236    
  0.2831941392647922      0.7183463061350526    
  0.4971637770839606      0.5607230699873857    
  0.6352159208407946      0.8651658007536788    
  0.4573816891194204      0.5841082213651433    
  0.3003679666331089      0.5731808242096083    
  0.6875408369684478      0.4495123392205181    
  0.5375559457667271      0.4485987799986876    
  0.5248763751415609      0.6280998614479841    
  0.3756282861318504      0.2225490411783988    
  0.3550781099058749      0.5234735454994474    
  0.4362632949632690      0.6302447727857471    
  0.3618446630420760      0.6679393137549993    
  0.4094122885215589      0.2454202169982665    
  0.4320172841808525      0.5934367225178401    
  0.4085676188456692      0.4594401004062527    
  0.4262789403792691      0.6623948272393207    
  0.4343579342941790      0.8985399075598416    
  0.4248813252051596      0.5648076860227137    
  0.4056626937313688      0.3612897313430866    
  0.2847560051091501      0.3249451995104918    
  0.4058952197058371      0.5069002364749144    
  0.3330724704752396      0.5030963601939182    
  0.4905624396648264      0.3999231602491626    
  0.3298361860112327      0.5617568191834910    
  0.3888446950915962      0.6507809983291797    
  0.7816818500032846      0.7264443115209389    
  0.4652001874155418      0.7184692156638619    
  0.3683997378301044      0.4303499732694492    
  0.5743732375275238      0.4899324663881195    
  0.8241731453836868      0.4329234518281624    
  0.4690281572766047      0.5308957476292770    
  0.5789438444541778      0.2275311679573369    
  0.4947175457551769      0.4928595224472340    
  0.5582999515646366      0.7174505095861056    
  0.6045975342607921      0.6619034248940030    
  0.4342142941549394      0.3188912449119449    
  0.6974308229088001      0.3717240438513505    
  0.5780246110803672      0.5029047540367374    
  0.9380679376003552      0.5673878107524611    
  0.3896268296197484      0.6636633403805380    
  0.5554773252558978      0.5177058262765433    
  0.4602587907997082      0.6598625816607009    
  0.5202724884493359      0.7139264150223928    
  0.3381697374465722      0.5763492803255695    
  0.4387337416367941      0.4097334492806393    
  0.5725318444724572      0.6282029132502093    
  0.6641446439089327      0.5899510667597498    
  0.5381116004330800      0.6483430759397328    
  0.6311915165487315      0.4516741209445174    
  0.2886770710537264      0.5916575900950065    
  0.4599521333721586      0.3543718938058688    
  0.6042045455110028      0.8723929506503399    
  0.6098051719782086      0.6843328511032307    
  0.3496096695072630      0.7038906199738657    
  0.4633133056129480      0.6620157629791482    
  0.4522072835217583      0.4000723539168093    
  0.3869184295218297      0.1474596028196287    
  0.6955402931235769      0.5213000271475481    
  0.4099558473980168      0.6575434159987827    
  0.4995655480698903      0.7364906371541772    
  0.2977579677118028      0.5843880739906692    
  0.5306766568069463      0.3724639782458270    
  0.5260711818450364      0.2899557231783431    
  0.5383786425009598      0.3916374356747416    
  0.5467116872754516      0.6005814976511115    
  0.4677394257884895      0.5888586298328709    
  0.2048660297307235      0.1664944199392833    
  0.4377973441565127      0.8772743929820476    
  0.6438953091546974      0.4606127953941059    
  0.4490038957702974      0.6740437383947341    
  0.5064737927508919      0.6289741513432969    
  0.6353473318435509      0.5894443787604107    
  0.4262689470086406      0.7521597116606245    
  0.5596904911526388      0.3955896915822059    
  0.2871521850656061      0.3076818386900465    
  0.4291285243525435      0.5102394236280985    
  0.5090945797832543      0.5057744417294775    
  0.6102719172040205      0.5947082221446263    
  0.5263824739586743      0.7286843246373540    
  0.4861732068111230      0.4939812926103917    
  0.7227818216081029      0.6217433195608253    
  0.2765399777587182      0.2943813391990326    
  0.4974360201347496      0.2942587052624485    
  0.5821726262079303      0.4406010357063305    
  0.6508782066974166      0.5402872027852830    
  0.3818569477512572      0.5400672343598304    
  0.3559076142016580      0.5217671778696585    
  0.5319373769111085      0.3325135853890958    
  0.5239393278611426      0.5806287423957975    
  0.4454250108692859      0.3215241498627668    
  0.4024736286396339      0.4742430567448335    
  0.5945121061811695      0.6585237766567691    
  0.3264593685065452      0.7766089785969208    
  0.7153997166698410      0.5607158342248708    
  0.3160882553296931      0.3505751091306337    
  0.6620631690721811      0.3749992581681026    
  0.2433528694518168      0.7027546970120220    
  0.6353013145372409      0.3614521132596773    
  0.2872996720266928      0.7526848176013186    
  0.2522790250050547      0.4652856852097064    
  0.5965790535343829      0.4431773316408387    
  0.2525414010944607      0.3149604095408918    
  0.5924163157999176      0.5304365553756745    
  0.2320246361821035      0.4793966913238155    
  0.4712710735380379      0.6075170024113571    
  0.1886733035635930      0.4496112848993285    
  0.4853229184864983      0.4665434501385652    
  0.5701638076699408      0.4751454969439358    
  0.6957158551127280      0.7201889774228725    
  0.3931647002182997      0.4544749110008638    
  0.3890535113790800      0.3376806919340075    
  0.1858260322680239      0.2803576795870743    
  0.5327179712545523      0.4088886864892083    
  0.4845094951020603      0.4969440587799721    
  0.2276176847775171      0.5933536931544506    
  0.6870716070467936      0.7304472000992802    
  0.3558734862958103      0.4055818145710413    
  0.7117494745004538      0.6388836087389088    
  0.1687591487423558      0.6475929863909249    
  0.4139424264197564      0.6314371722600557    
  0.5251709719857942      0.5598813804156615    
  0.6499858203568830      0.5317147362077441    
  0.3129210973531213      0.4249168480245146    
  0.5016104464182628      0.3768572708770067    
  0.3600785125181599      0.6049509494474049    
  0.5439095994109729      0.6841758411463680    
  0.5936315814876570      0.4174581026210132    
  0.2791303879259032      0.3743223178463983    
  0.4701330907976720      0.4015653647482952    
  0.7393776306442390      0.6256137345183708    
  0.7842031636371922      0.7567374484648096    
  0.4636491290672423      0.4289588972236757    
  0.5265957954665662      0.7593216529663134    
  0.6607537315783920      0.5768446872619761    
  0.5564338308913332      0.3683450784999425    
  0.5347082050764513      0.5114563028569385    
  0.6204054681789877      0.6881955086232685    
  0.6004332833472265      0.6376327701086973    
  0.6661663990174708      0.4522653062809137    
  0.4307574423232878      0.4155240477046379    
  0.6575341319798743      0.9156852667991199    
  0.4343938822105762      0.7412282085516035    
  0.4307835004378042      0.4897139753751520    
  0.5146725562424657      0.5968072337378875    
  0.7912839871774517      0.4068094576443273    
  0.3740783150950832      0.3923402254724507    
  0.6354129014578381      0.6027404112351509    
  0.5925825994362729      0.5648283842641409    
  0.4396802514276173      0.7020197619450264    
  0.6156609088121806      0.1890108581504601    
  0.6353804073017196      0.7565117848813934    
  0.4087391591058794      0.4921399335226176    
  0.6179591766718923      0.6387946172987602    
  0.4308556595560337      0.3533219565976999    
  0.5928081917926643      0.5398572867400189    
  0.5601754943992864      0.3960571293630256    
  0.4190716524871329      0.4217475045522851    
  0.5556386824122929      0.6190621957935314    
  0.1869199381940761      0.4618623165120056    
  0.5047262417787683      0.4846170808302298    
  0.6458156868183201      0.3117949975271645    
  0.3652010901294414      0.7986333086701152    
  0.4888036272281664      0.4656382654233772    
  0.7755295969726677      0.4204862170617321    
  0.4709656339476277      0.6148783844681521    
  0.3660988637896514      0.3077645672391551    
  0.5908003700756357      0.4767262811140100    
  0.6145808968482263      0.5659070071953410    
  0.5063234632468167      0.5225075486849308    
  0.3820798411470896      0.3956091705707750    
