  0.9016498899190292      0.9135230135892457E-01
  0.1576514919008040      0.5059187945521358    
  0.9450984630507053      0.6297528311726799E-01
  0.3713896233417547      0.3902937403839986    
  0.5551960440527666      0.6643450977824787    
  0.3758718005598611      0.3120894352718439    
  0.4363568734316594      0.3763603714296433    
  0.6530813991925923E-01  0.4018653249475076E-01
  0.5305771353156794      0.4190854304156773    
  0.5627210618044575      0.4778553783766966    
  0.7552728852634296      0.5768692984372683    
  0.4911977028385084      0.7369437084023470    
  0.6192539719224037      0.3088491533986699    
  0.7871829305098530      0.1766271307244642    
  0.2341273883085671      0.2624861849525046    
  0.3245537693713654      0.3628948911250418    
  0.6497433199156791E-01  0.7219802948771460E-01
  0.4291138015289224      0.3906198000341421    
  0.1127278577176018      0.1268241981275194    
  0.3471252657149211      0.3244599370866982    
  0.1349375185806528      0.1757586863983938    
  0.4201213561081516      0.5385249030832947    
  0.7279099522897752      0.3560115332477678    
  0.1333512294191100      0.9525322714717560E-01
  0.8489504895015025      0.5655578734676642    
  0.7886438031782950      0.2373627131982947    
  0.4486756747112687      0.4288922773898990    
  0.2380062437624253      0.4654664844767284    
  0.2674200622028625      0.5017656716850298    
  0.3866899194395436      0.2709890028494122    
  0.4599402265256075      0.3543270644719195    
  0.5833591835715748      0.2547306012863463    
  0.7719505693753254      0.1830214687207353    
  0.5372819541588987      0.7558313825779051    
  0.6414358407175542      0.2450517280643751    
  0.5975672854777354      0.5366705411938870    
  0.8438677469132854      0.1524761246810607    
  0.8136641599399903      0.1805022333562568    
  0.6141095783830861      0.3221165308887375    
  0.6602621177205688      0.2106193235618335    
  0.5106831165074707      0.3072272369047043    
  0.7183701872128500      0.2083742174164088    
  0.8021671370453739      0.1248524083498428    
  0.3110220226346360      0.4941744536034935    
  0.3406611241366383      0.4612869514007033    
  0.8988260807983086      0.7935498817147393E-01
  0.4649566153121423      0.2997660655524208    
  0.3179045048457891      0.2105669296750326    
  0.4777227335315778      0.3400540110894015    
  0.6914990704673276      0.3272455262569459    
  0.3157625467423208      0.2733782185594194    
  0.5098276217455875      0.6602876856829520    
  0.8106046613032885      0.1985135680392723    
  0.5244534362621355      0.6666220663979275    
  0.7508566630335651      0.4704377230205120    
  0.6202582615564098      0.4460979822902968    
  0.4854158896839869      0.8558588611253641    
  0.3975419806560870      0.2933401664843577    
  0.3873355763700929      0.4314489906423516    
  0.3056038338090118      0.4471514799001056    
  0.2654481204391265      0.4555394564003597    
  0.3309971046603645      0.4367174069188657    
  0.1932150255807902      0.5488023036481099    
  0.5705145956572137      0.2947069305506293    
  0.4793641043012153      0.3498376042784730    
  0.3790045370515636      0.2505731054529717    
  0.2465128736656949      0.1765629973681095    
  0.4701936810356078      0.3169178141658167    
  0.3968401345665831      0.2849737006329641    
  0.3577855568459394      0.2262341114229474    
  0.4875094930071337      0.4468158415196681    
  0.5593275269219964      0.6051835791662856    
  0.4966804220274656      0.4645559292825290    
  0.4688185721454293      0.4998129078405610    
  0.4386754254821239      0.2754267034248132    
  0.4525658471779631      0.6640264304054173    
  0.8639659475799255      0.5140870600291236    
  0.5486012643667725      0.4973599846516712    
  0.5194650024308795      0.6734473246608186    
  0.4574305163256727      0.2831927963615202    
  0.2474596547984561      0.2133505258348304    
  0.1785864059312032      0.1703247814577505    
  0.3893246480579786      0.3535440526672549    
  0.2722433392151182      0.2313865207780579    
  0.2744931770690616      0.1848832269962533    
  0.3326252581528020      0.2311146236202914    
  0.1697905245630770      0.1606540702071281    
  0.2341673037178322      0.2711566636389425    
  0.2251199134316332      0.2647971293796427    
  0.6147009640272596      0.3056066387423371    
  0.8634950323907125      0.1516248401078547    
  0.2640281515925985      0.2642800750233085    
  0.3612689903671800      0.3821309758859036    
  0.1942462901613833      0.2533026533371760    
  0.4582606477288850      0.3212674580675752    
  0.6066980905128931      0.5363663459311645    
  0.4373029684125134      0.3333995660746505    
  0.3448631395209233      0.2755774868469682    
  0.8550054436310988      0.5441729738940235    
  0.4837864244088070      0.4135147300159718    
  0.3391456603603698      0.2529324400583535    
  0.5176187744691410      0.4424108398650068    
  0.5330145660405685      0.7672632651751640    
  0.5071845180797552      0.6077059488277642    
  0.6038480976559578      0.3376851136175668    
  0.4497508538213776      0.5870708260842963    
  0.4807668732399806      0.6331524809549576    
  0.4571888623116732      0.6769388436868596    
  0.4988433455059487      0.7693187502923230    
  0.6206603739697680      0.5945429880837612    
  0.7251537752134299      0.5371057782683375    
  0.8372429977421061      0.5895473741019021    
  0.8318873490444122      0.5965438799297448    
  0.1151744049105115      0.5845924117295600    
  0.6521524623462848      0.3034894155815342    
  0.6964646294434502      0.3925687945645913    
  0.7711482219120547      0.1874886445702251    
  0.1669913684707425      0.1173552832429853    
  0.6674646761758061      0.2205377787711655    
  0.5068887311528008      0.3702412923001432    
  0.1695358886617787      0.1179818803465963    
  0.1276759461561234      0.1005203642521330    
  0.3514159184987270      0.5792648790385837    
  0.4509568209821325      0.2939396532766583    
  0.4394793626866381      0.3426631792232460    
  0.3974576631867132      0.2475507671180877    
  0.3672786382146395      0.2729033097354550    
  0.7757619037140040      0.4536105750349972    
  0.7013634168135674      0.4679646234276595    
  0.7836162673707462      0.5188118938970349    
  0.5415412029686892      0.3238747150337368    
  0.5096158823038106      0.3246661742630120    
  0.3598934652118197      0.5027624561360345    
  0.1607901184657750      0.2015993775718500    
  0.1371898676062213      0.1518709532357740    
  0.4775230683293524      0.5146121584203248    
  0.4818824613392056      0.9191868797697503    
  0.4679298232177110      0.8521057787051131    
  0.4996509978959128      0.6264270999744525    
  0.4188609586175173      0.6535223420631242    
  0.4791798122554107      0.7756455816133733    
  0.4568497224998386      0.6760196502069371    
  0.4393030860623568      0.5700280919869082    
  0.7096740252114369      0.2914110143449344    
  0.5485918873603215      0.5603231824738610    
  0.6873201390368694      0.3501752685649080    
  0.8442349147848824      0.1370314160125764    
  0.6600174352097663      0.3031283877773968    
  0.5201674599336539      0.8504706188518301    
  0.6350359517039759      0.4801915229890057    
  0.6411784463933827      0.5781705745472974    
  0.6073987272809732      0.5586372677997341    
  0.4820274638667431      0.3469895321832891    
  0.3254356645882266      0.4607338795601191    
  0.4746916842023959      0.5765399870687624    
  0.4700919633607763      0.5155941956539190    
  0.4615152858970117      0.7747180195526475    
  0.4518943108366858      0.7377768198763605    
  0.4718776445666933      0.5904202566143464    
  0.4906305896545260      0.5563374787134251    
  0.9428646794793467      0.7492340346529396E-01
  0.4433321841292808      0.6827675296391331    
  0.4642266628597613      0.6162021836809808    
  0.4834391363775269      0.7159591818252801    
  0.8345061333166739      0.2011046841950041    
  0.4472706522574871      0.6635797962709552    
  0.6336199897681978      0.5203435541489848    
  0.7737202003489709      0.4500981055064446    
  0.2481963608103879      0.1951408251450150    
  0.4906601271035073      0.5362595931685459    
  0.4295395497873084      0.5550330715900311    
  0.8642091697495984      0.1355045883363452    
  0.2822475064314220      0.2153461849740408    
  0.6017039022828338      0.3289738607091626    
  0.5360180489709271      0.4098635865023976    
  0.8207725898131755      0.2218866338601941    
  0.4681956962032549      0.6748242935486025    
  0.4283383016591548      0.6104239330836612    
  0.7082468172262042      0.1761870728672154    
  0.8508710378366982      0.1133529060060050    
  0.1249893109364534      0.5204656358635121    
  0.7704662226124130      0.5282520774766113    
  0.5849354928551714      0.4036013073686727    
  0.3277106728053510      0.3228090084615283    
  0.5471930963234878      0.5717814043358187    
  0.5101194468315863      0.5501917000311832    
  0.3726313222552341      0.5432229727737881    
  0.2571979546795530      0.5551343982077919    
  0.8262262780898828      0.5728416777879870    
  0.5578170678605893      0.4555399171789283    
  0.6238434726206883      0.5000372296319388    
  0.2030729612708342      0.5019810294638195    
  0.3521612694034937      0.4376469167016853    
  0.1669940452271829      0.5183807858511509    
  0.7576382642946006E-01  0.5724181610821799    
  0.2026788155453766      0.1692103807581728    
  0.4706228270074133      0.6436610707318039    
  0.1631341328120987      0.5421513455991519    
  0.3694904777921169      0.3462625586167557    
  0.5783516779452589      0.5865826399320597    
  0.7533990157215634      0.2661762332400948    
  0.7623986686573591      0.2126304120522254    
  0.1714913539576315      0.5626797609808436    
  0.4861392993835616      0.6227178211739484    
  0.5228362730385656      0.6996642901973644    
  0.3211761179054674      0.5015645010300863    
  0.5087119183486277      0.7308464524068236    
  0.1880772993437779      0.2278456283488125    
  0.6261546436128431      0.3739246210359660    
  0.7958305541979959      0.2521745576012210    
  0.8915474417531725      0.5410253871472035    
  0.4541344707906295      0.2780516494824518    
  0.1334774818884679      0.9147560602561536E-01
  0.8652575217087346      0.5833764317288849    
  0.2449931238550825      0.2181027988462655    
  0.8482570815713958      0.1861550049046901    
  0.6373208030948478      0.5495006433081189    
  0.6240196209432092E-01  0.5792507511943592    
  0.5114852833661804      0.6448442797827354    
  0.5517357874409627      0.2751930785107760    
  0.7277780507032925      0.2341859505772998    
  0.9218208093075109      0.5819882256240022E-01
  0.9535877036564882      0.5817949474731633    
  0.2367423557828076      0.2571736223678107    
  0.4224540682602249      0.6077928002967230    
  0.8375525275505924      0.1457216182859631    
  0.5061375443181575      0.3373059846526874    
  0.8143153107265743      0.5341477163224209    
  0.3983724745756718      0.5913263325455679    
  0.5644729647374820      0.4854202040841412    
  0.3074198353960682      0.5639344984273413    
  0.3507089176794088      0.2758682314435597    
  0.3186314405854173      0.2177572971875158    
  0.2323372055338700      0.1665543368618663    
  0.3395559176298552      0.4266176456917892    
  0.3097708122686749      0.4252419586658407    
  0.6202692185717833      0.4449804491517124    
  0.7202370708891858      0.4498671479263411    
  0.7488269135250236      0.3036319796318255    
  0.2812940193632441      0.1724129114312408    
  0.4088835746931111E-01  0.3748792521827095E-01
  0.7060697692164163      0.5995223370689168    
  0.6337912716787785      0.2543659784244280    
  0.4550066433142738      0.8010672200846990    
  0.4941026430499906      0.8807675786710846    
  0.8881762065823102      0.5620867517482626    
  0.4729437611112449      0.4317857531563490    
  0.2640435642678273      0.4965071944209478    
  0.7029510281113683      0.4223278526432096    
  0.6279753777366782      0.4633021924750849    
  0.1228690642861763      0.5522119397061873    
  0.4245910715667820      0.4303047103882800    
  0.2906464449355302      0.4574148286903965    
  0.2517978808950892      0.5150529295941887    
  0.2969238369712943      0.3178476871893866    
  0.2366474529932387      0.2470361287850151    
  0.4306833908448622      0.4064594681052636    
  0.5183230300456800      0.8597365531092868    
  0.5486615703229238      0.5675192591444905    
  0.3380510454530509      0.2875779526874641    
  0.3935530647968934      0.3721799779995829    
  0.7613691779625360      0.5020965359718412    
  0.8944538321112008      0.8614280550292897E-01
  0.5041549492178876      0.3861020994572942    
  0.1385688914663775      0.1295455310425285    
  0.2281084898000608      0.1862117444855301    
  0.4401246862906194      0.3306252735014141    
  0.1237273715543822      0.8896728019634040E-01
  0.6441819230953768      0.2843124857019627    
  0.5055174948934321      0.3586991657967772    
  0.4438764985831934      0.4592084437648306    
  0.2327611735331445      0.5851596893991849    
  0.2892014390638818      0.5143596791686375    
  0.1249182055341516      0.5915193437165216    
  0.4688456655764215      0.4572587135900305    
  0.8285157470150307      0.4935335132957965    
  0.9219684018738603      0.5679365411938946    
  0.2054814776279369      0.4698708962539173    
  0.6457880389801789      0.5246135637696212    
  0.7404613648391620      0.5220507573702657    
  0.5265756429229993      0.6585269960008292    
  0.5398679634202335      0.7515771436477908    
  0.5338171353290413      0.6017832215106649    
  0.5046510755156443      0.9479414032346107    
  0.7112140495534749      0.3392540538376811    
  0.3635526091641206      0.5214992657911022    
  0.6694648637002950      0.2505781264838862    
  0.5740918512762028      0.3253434131957920    
  0.9218980646211398      0.5572077379279712    
  0.6265512254875540      0.5115856218873249    
  0.7563671875195417      0.5396879885319150    
  0.2262759195643601      0.1605477091277402    
  0.4186318080738086      0.2831947091273468    
  0.4669436029689451      0.2962921515554374    
  0.4844357832006753      0.3761352476198998    
  0.6003381794531091      0.3421388826884657    
  0.2051466528707614      0.4676264314831381    
  0.1740177098448817      0.5381723254042899    
  0.1022215213583011      0.8577424407752765E-01
  0.3970263411595373      0.2787333632494621    
  0.4138009569050040      0.2520050336482152    
  0.3851098378434738      0.5038523830143699    
  0.7285352693575602      0.4668257070328264    
  0.4191699342257301      0.4858349615303880    
  0.9899616133370814      0.5977328945630064    
  0.6248388216203761      0.4779111697212133    
  0.7857700290099638      0.4843865451098436    
  0.5077222370987347      0.9194460084086058    
  0.5012114935041120      0.7044917761281893    
  0.5894013431758003      0.2645924834233117    
  0.6128680129324704      0.5941113192165364    
  0.7954204693725022      0.1579021199019670    
  0.7240975562582566      0.5051277635897873    
  0.7810946850177019      0.2776901244685711    
  0.6372125211536586      0.5445779309379217    
  0.5645749017651722      0.5141392760933282    
  0.3351127640902052      0.3421818142014119    
  0.8590232030837812      0.1120458392338481    
  0.1303552207302233      0.1480875897112502    
  0.5656008187222704E-01  0.5803546576524378    
  0.6148024756267975      0.4735980756524608    
  0.1640211371090727      0.1450104132290083    
  0.2345056578606642      0.5671748505371329    
  0.2419597803428184      0.5940270558751052    
  0.7173008019176030      0.4656642331081541    
  0.9603902879535380E-01  0.1112986372329579    
  0.9175646504978225      0.7467721416593792E-01
  0.1549052820249210      0.9401397795883185E-01
  0.1990914024303312      0.1393045828631989    
  0.5765287778920172      0.3125279747223865    
  0.5031881229965141      0.3201626475983659    
  0.5132996076772884      0.2990885671224408    
  0.6304375364781958      0.2920508810974315    
  0.5566311732897948      0.3460557195615379    
  0.4869572658037933      0.8955050623233818    
  0.4967115018450417      0.5913783813802473    
  0.4629200358722001      0.8349230801315519    
  0.5229767553804886E-01  0.4267429043748588E-01
  0.4659753637511791      0.4027352727981642    
  0.2751330612537528      0.2492810861788703    
  0.2345505988833653      0.2041591275412568    
  0.8007638370726947      0.5866141079248852    
  0.6647034056031660      0.5126649559114896    
  0.4993705888943584      0.3048170461491363    
  0.6625508333497905E-01  0.4498149971782665E-01
  0.3157996366638702      0.2379669229395963    
  0.4869490568736127      0.3000966560635121    
  0.3606943491938562      0.3019265242701872    
  0.4190079325273938      0.2931510124400789    
  0.2466077025600960      0.2017840036868946    
  0.4173758947213266      0.2699453950343369    
  0.4968290326119648      0.4521062365444238    
  0.4446175084167905      0.7017660369286298    
  0.2669810514664610      0.2225898768196277    
  0.5638141888721182      0.2683973498113549    
  0.7860188401395414      0.2398876118507036    
  0.7000809145784369      0.5239253983518802    
  0.3483394423752070      0.5090498712624856    
  0.1781710771340788      0.1772533123237869    
  0.3923332000945375      0.3707272033358377    
  0.3098015137057242      0.3151192211195551    
  0.6690567166882401      0.4235463531008972    
  0.7726627462377893      0.4800712192140807    
  0.1930618601716950      0.5188418263544832    
  0.4673424809772370      0.3719035859668691    
  0.2508106293260959      0.4349303247812087    
  0.3780730166847625      0.4868978564005276    
  0.4935713276240509      0.7096710835937011    
  0.5292623099631704      0.4301499785048573    
  0.5832633889729604      0.4577706965080256    
  0.7852029770498838      0.4776232220242534    
  0.6371090874281888      0.4574651643095001    
  0.8810725713949104      0.5333107896977952    
  0.9008069623159453      0.5404186381606858    
  0.7503655617069358      0.2236090565066430    
  0.5275845461480559      0.4117418862690828    
  0.7511272465713964      0.2577581698828720    
  0.5022264762377876      0.8589753929042659    
  0.3619830270861047      0.4638416923330829    
  0.2570328387096046      0.4463917243901969    
  0.3234006472494211      0.3842166143093906    
  0.7304752407255679      0.4468211773665842    
  0.8093544204292326      0.4908226883071367    
  0.8068318840557346      0.5339079024978273    
  0.4413325722034310      0.6323962939427344    
  0.6661278162635740      0.2987572041331908    
  0.2412275543140966      0.2216200725331952    
  0.2790885545692681      0.2762854648243212    
  0.4565037008036990      0.4112391742109642    
  0.5586204965235693E-01  0.5291524722738916E-01
  0.3734308575011960      0.5281227139681786    
  0.2918122496474886      0.5184581642478555    
  0.3835253990652938      0.5239112676272804    
  0.3107579922708067      0.5789214647820926    
  0.5077981616921022      0.5073164552533174    
  0.3350531691724477      0.5802377933932401    
  0.8104693548638729      0.1293043797596606    
  0.8607183116580497      0.1082795081644684    
  0.7247330982964186      0.1889422273492932    
  0.7950108965943787      0.2245227716858836    
  0.5228933854896073      0.4145082248197793    
  0.7364154861151677      0.2729574995311055    
  0.2347767235336356      0.5256191957191680    
  0.9102135729446938      0.5519559985033227    
  0.6976968926420870      0.4894471268817273    
  0.9601664941127792      0.2877117504394786E-01
  0.7391563987881165      0.1569313991379375    
  0.3758997749332156      0.3933567058229261    
  0.4102413458642982      0.3520852533302432    
  0.2361916008914907      0.1474451245262280    
  0.6467881954055372      0.4720215610991502    
  0.7755178030584771      0.1687468660831138    
  0.7735897620406827      0.1953477055644045    
  0.9105104073819928      0.5503147632193796    
  0.6236808969324138      0.4237784562575397    
  0.6704500883748452      0.4825059520699718    
  0.8230177366841023      0.5808870306314839    
  0.8044053477815158      0.5760397093494097    
  0.7595998875260501      0.5722746841717474    
  0.5296470348379977      0.3562689920343571    
  0.3096179153713748      0.2007754819441942    
  0.4310740556124975      0.3959030155037241    
  0.3670912681784553      0.5300022868373018    
  0.8785136025257472      0.5506813325112299    
  0.3323234698772463      0.2588000879215963    
  0.4012598657774625      0.2822595616105312    
  0.1741972132945070      0.1594095404935620    
  0.6055528802099940      0.4755603005285372    
  0.6556776366628192      0.5421255615368146    
  0.6570147937610249      0.5544704966059102    
  0.9438193153665315      0.5725195704740303    
  0.7991956234387827      0.5050571140646074    
  0.4991110861763414      0.7699214129379648    
  0.3905389996513750      0.4886122550112256    
  0.5801796151603364      0.5684224140512685    
  0.5084644744154856      0.6657704770494087    
  0.5217864958193698      0.3310975039661423    
  0.5335805595525420      0.3834421787600268    
  0.5878107268989710      0.3366166639515388    
  0.8774940252263940      0.8472541722324770E-01
  0.4839641427967914      0.8528289120768210    
  0.4542124429528614      0.5251788911777556    
  0.4889528930088830      0.5663578875545743    
  0.3826026792355037      0.2755302451757239    
  0.4280054229480057      0.6391677569505151    
  0.4848110015441350      0.4774273260822503    
  0.8301502980987556      0.2235130512923206    
  0.6963699856450722      0.3817474199172459    
  0.5949129955101903      0.4930596254014015    
  0.1918708604217858      0.1218776098721917    
  0.2930666068592984      0.5291822431161424    
  0.5637209409232407      0.5750480846243646    
  0.6730016605711501      0.2332415030683122    
  0.8629774904138590      0.5379792275755300    
  0.3283838039741366      0.5587824997854866    
  0.3897884146733889      0.4878797550688447    
  0.5430766739076276      0.7095555960000118    
  0.1346818319208775      0.8975876675113584E-01
  0.1759294756483227      0.1340020245494379    
  0.4405582897532549      0.5535633663000820    
  0.4323480635083659      0.5815115988965643    
  0.4839707962171118      0.9198578899395384    
  0.9502676989053837      0.5828096870777294    
  0.5197984246258740      0.4307759273924341    
  0.4146836895345141      0.3554195865593532    
  0.6756668910432666      0.5519693919481654    
  0.3306772592191283      0.5847157555569188    
  0.8239658433524490      0.5119352025131603    
  0.7759757875312883      0.4721700146160971    
  0.1397035446129123      0.1087387930274691    
  0.3764665836160037      0.2866014140910069    
  0.4188136539288515      0.2545564944665110    
  0.3430806924205017      0.2161555263096372    
  0.4552479520922731      0.3652771598149736    
  0.2346197679676231      0.1702856548523142    
  0.8192897033957314      0.5117628377360338    
  0.7020618636371341      0.3728994685342030    
  0.7756863712803989      0.2674175207055041    
  0.6640315345032676      0.3838363502828065    
  0.7927468593351341      0.1940080003346369    
  0.6785546275391205      0.3491760799395522    
  0.4815164962241480      0.6299941144442508    
  0.8130844470580415      0.5130652781421857    
  0.9164185081157936      0.5591329785223168    
  0.3769225640909517      0.2590971769514433    
  0.6197580567853804      0.5207128765665463    
  0.4613244735423351      0.7343835499082926    
  0.8961355856181544      0.5981665414817703    
  0.5529688231400050      0.3340881890602833    
  0.3343847507656714      0.2203040934533150    
  0.7063194316266721      0.2057250163594314    
  0.6919906240547563      0.2611838162473209    
  0.8687111046545091      0.5859396140721196    
  0.5412160193516039      0.3333068778322261    
  0.6607989009931911      0.5481718235745623    
  0.4749414660864426      0.5666819891500288    
  0.2775382396576144      0.2222041304285992    
  0.7919819725749835      0.1894815958111252    
  0.7956641426397609      0.2579745584922217    
  0.3870570320424243      0.5389327761066594    
  0.2766103758898550      0.5660585820534760    
  0.3803377584314721      0.5782244533432961    
  0.8854095981914545      0.8985202832214884E-01
  0.2566864603327541      0.4405277500978071    
  0.4575329969663499      0.3708668881385406    
  0.4665443878218810      0.3097173914815966    
  0.5137980108004579      0.4288464474244518    
  0.4462324557867851      0.3498960478666053    
  0.4099656196668969      0.3469835312373212    
  0.5746447789123563      0.2698261466906503    
  0.9147718464603800      0.6991646119569042E-01
  0.5700194163071376      0.3423429998588795    
  0.5118086382593712      0.4176568949527238    
  0.8082145651677983      0.1583238071953180    
  0.4768646654779140      0.3611253744550937    
  0.2897014074292326      0.1859739708240267    
  0.4380601033980047      0.3163022869796407    
  0.2886044902055944      0.5007607274434265    
  0.3249546812326274      0.4331091634550568    
  0.4669048329678626      0.6949427470857537    
  0.4965204691500007      0.5300568821451908    
  0.5317582916546720      0.5539510340518101    
  0.6351389499007820      0.2936715906770228    
  0.4061973553493186      0.3342302163346376    
  0.2408807751320191      0.1999779841601739    
  0.3115102490976178      0.5300568592445856    
  0.7590265575310489      0.2633563391994524    
  0.4391556846192352      0.6976403403554953    
  0.8117750887438155      0.5379991019421575    
  0.6293022185430499      0.5173257334282143    
  0.1960026757669565      0.1402767914305639    
  0.8469328400046954      0.1362757865902169    
  0.1489222331280110      0.1311242242785803    
  0.2435501146828518      0.2746771808506687    
  0.3507545469802237      0.4105211813579173    
  0.3240637519294456      0.4803135019194572    
  0.8842045486426588      0.1027569016710742    
  0.5318206804523007      0.8629773328700885    
  0.5470041534073374      0.6318148100692738    
  0.6061934324991083      0.4390414826422694    
  0.4756088412731763      0.6632751527093868    
  0.6344813771433729      0.5991259713808813    
  0.6445047851581134      0.2644768187852009    
  0.6552135214182997      0.2531796662166069    
  0.8304598605491583      0.1120910434895966    
  0.7601278154586061      0.2557299155866458    
  0.4705142656017716      0.3092311876627173    
  0.8821620769312229      0.5623963879266097    
  0.1903868693247465      0.1509024708378737    
  0.6010675118985995      0.5009099281759974    
  0.5004024364003080      0.8418097317564219    
  0.5370628040955387      0.6792723303988047    
  0.2821885385064143      0.5936972795959616    
  0.2008374456679783      0.5236929334695495    
  0.9148033772646948E-01  0.5507460947721246    
  0.5740975656650845      0.3509509953326934    
  0.6921952341809339      0.5509736610529312    
  0.8524193292330624      0.5755829965196512    
  0.8289151046184395      0.5676455011612951    
  0.5947399628528670      0.5052740306269623    
  0.2774241581465971      0.2933567258399501    
  0.5454412855193798      0.4818769001224700    
  0.6736978611017890      0.5827112005864171    
  0.2961207140528384      0.4515144699260962    
  0.4468321364883034      0.2893575353887944    
  0.6917853833756895      0.5451254167434698    
  0.7855824210252003      0.5825216814094583    
  0.4637559083087970      0.5464793141255989    
  0.4769115305357582      0.6361775575366382    
  0.5227558255342355      0.7261306665116767    
  0.2115670601779526      0.1745652968784691    
  0.7090177974902646      0.2863073220701492    
  0.7005251604758538      0.3892911574082280    
  0.6411694796714751      0.3132747296269791    
  0.1082033965314235      0.6692226773242578E-01
  0.2958207103713827      0.2023989577061138    
  0.4002306429670213      0.5187569267091494    
  0.7270615565394983E-01  0.5797682598216937    
  0.2290667582566460E-01  0.5980368088767519    
  0.2684036856905188      0.5470470803571165    
  0.4320819979507659      0.5286236445968143    
  0.7667267702953746      0.2605726001307845    
  0.1729732462506282      0.5708423743902653    
  0.1381209006848773      0.5790317227511707    
  0.4976339515754498      0.6155391897350175    
  0.7548966488254629      0.1598557686077040    
  0.8045197010990266      0.5341298014136846    
  0.6813390981794588      0.4197727504112749    
  0.4868792078403601      0.8276450786804077    
  0.8178330544403178      0.5223148458831867    
  0.8994871116601277      0.5451461643579850    
  0.8850483279560728      0.5297470318501919    
  0.4693322503346989      0.6910733071277343    
  0.6948590866892821      0.3145378875447828    
  0.4149415372678029      0.4419460968665310    
  0.2053520958278131      0.4937425312109094    
  0.4652280777285307      0.4317755742235317    
  0.6723028241700719      0.2911147973149935    
  0.3634609122864256      0.2796216457839709    
  0.3853457669455863      0.2676901875237686    
  0.3975016501976379      0.3164211905781276    
  0.2448638878842386      0.1841137533836271    
  0.3953950278653104      0.4515973189194639    
  0.3965512599676249      0.3982751520770793    
  0.3515432403117257      0.3898829621182756    
  0.2907778493863610      0.2030023801823417    
  0.4415329867065126      0.3605622623905000    
  0.4366022881060428      0.3429382831653263    
  0.7281844800137810      0.5407972599202531    
  0.8056331445116769      0.5970029046037779    
  0.6135299612559935      0.5505506978698993    
  0.5211023748886655      0.7982882128728527    
  0.5360610682718963      0.5764945093445289    
  0.5416260019529482      0.5633476432539918    
  0.7338490088706205E-01  0.5627813590071165    
  0.9035399182195790      0.5377612820742317    
  0.4402080782442287      0.6314679666608149    
  0.4930662171886546      0.7677678089716592    
  0.7115078936536839      0.3698520935425820    
  0.6168506003265650      0.5198389644403596    
  0.4144380455790696      0.3791783143797155    
  0.8001203493290826E-01  0.5493332721355900    
  0.8177493807933003      0.5131056267426972    
  0.7032412610654161      0.2829342072756011    
  0.8210082182430730      0.1858153108938352    
  0.8810878395543279      0.1357277413924888    
  0.6379422993344719      0.3763943841656935    
  0.6776210987075064      0.2958846278623733    
  0.9435364913005633      0.7419955275343586E-01
  0.7492927519500774      0.2397569584408370    
  0.6286907575422805      0.3368174056360986    
  0.1113961337128510      0.5328266479728935    
  0.4892573954694897      0.3715958309962760    
  0.5452653097334040      0.4451692833564393    
  0.4327943158778692      0.5280709727127100    
  0.2817135513579080      0.5629074512584538    
  0.3084374322643580      0.5121280005614997    
  0.7315146549427642      0.1789059763341553    
  0.5347148730044460      0.7410349788849695    
  0.5736115304178572      0.6913228149281990    
  0.4804131104266068      0.4059030010643847    
  0.2450383599927939      0.1761418438002043    
  0.4435703234461283      0.5185178811170259    
  0.3757745261977029      0.5939651191121699    
  0.5271035281174661      0.5496335027531455    
  0.3606012176876326      0.2280793513568825    
  0.3500389558311369      0.2142373149702105    
  0.6243908983237532      0.2621196577169064    
  0.7437720372214990      0.1741712721854179    
  0.5291220483024702      0.4036643297994729    
  0.6935928481297220      0.2411771563016590    
  0.3926760015767835      0.2399797967073712    
  0.8701363454968001      0.5936256095119821    
  0.8292131623013748      0.5754079577877165    
  0.5737412991561186      0.5264204717470342    
  0.3385356503601722      0.2428606996771217    
  0.2133810179319918      0.1845698572757845    
  0.2567863868740538      0.2018159032622657    
  0.1570670735739464      0.1177818323661406    
  0.4963638042963299      0.9087222826245678    
  0.9212552606470438      0.5715779523272915E-01
  0.6721532262799539      0.4163209247748617    
  0.1615094112961346      0.1282397523662833    
  0.6571754715430331      0.3777671527254430    
  0.8122694852030214      0.1745891964602876    
  0.4909634767326828      0.4229950803758142    
  0.3170221349664220      0.2238748869152230    
  0.1126170470844263      0.8111544021960382E-01
  0.5364468893599603      0.8175526928712341    
  0.5077505792575923      0.8991636308058719    
  0.6048801374896362      0.3816344007847379    
  0.8884864422075655      0.1206444184768155    
  0.5334142250876424      0.4125950624541501    
  0.5622619860438621      0.4206615628833447    
  0.5697740691334670      0.4143925231108844    
  0.6639219673403234      0.3213096391779136    
  0.8891852886424151      0.1095434877697656    
  0.6833504203374314      0.2976660681539461    
  0.6134867545484097      0.3595901206223431    
  0.4960424975010059      0.9062844667507215    
  0.4633075669520272      0.2938390583003207    
  0.3785052848732731      0.5297805626809200    
  0.3543565117407237      0.5164365596325835    
  0.7033237406997694      0.4636807190827695    
  0.7290534517583825      0.2411469955346269    
  0.7941682307332862      0.1462868469753508    
  0.4802313188009301      0.6249840034796672    
  0.4924778411081038      0.8286730180829073    
  0.4671321612181412      0.8131855083323837    
  0.4984493325923687      0.6420836422511633    
  0.3891848297639471      0.3530001012996917    
  0.5568349113615223      0.4382864204827056    
  0.5751669029962788      0.6703147051338076    
  0.7622899595132262      0.5311432261511755    
  0.6309434920422627      0.4817625798883376    
  0.6772829221933419      0.4371697978735699    
  0.3060504619575571      0.5550288525845204    
  0.1709330527870415      0.5738070762830556    
  0.4109187324576458      0.5026849236868862    
  0.4513289054654753      0.7198289405639535    
  0.4963948218602703      0.4629483008712958    
  0.4719191333575951      0.5752981612057726    
  0.3941518796994398E-01  0.3277097639884597E-01
  0.8949872403639434      0.7648742836984965E-01
  0.5555478120715954      0.2912252042318357    
  0.7748969231268452      0.1864183243117611    
  0.6862268108035325      0.5914010957070394    
  0.9048800509961612      0.5984871908084762    
  0.1888702061763704      0.5288958923404071    
  0.3127311955565968      0.4924564188988788    
  0.6510102183504733      0.5837561279069812    
  0.6226640006832017      0.4913225577695490    
  0.6645603029535077      0.3380485816857450    
  0.5283194397069063      0.4211254332064888    
  0.4496922326945045      0.6704469276118221    
  0.3021143920570000      0.2437965836295989    
  0.3515179850215428      0.2446005066159216    
  0.8612710078077590E-01  0.7044570649157300E-01
  0.3765812119626879      0.2537878582215340    
  0.5274639420790369      0.3065815138812963    
  0.6217692541461280      0.2471663253784592    
  0.6397999018076588      0.2473066736726461    
  0.6144355480364248      0.3162068061509531    
  0.6579241872020172      0.2670626728504258    
  0.5808492260229208      0.3897673336975497    
  0.7407059727606433      0.2393525263791357    
  0.6179057194714129      0.3842973677760599    
  0.5918769551215194E-01  0.7358758884281444E-01
  0.5322317939850401      0.3392639996490814    
  0.4387102608517654      0.2827470728121838    
  0.1654579473007733      0.1032229156115318    
  0.8081406563184550      0.5396355662468134    
  0.8699381426836742      0.5937737313228719    
  0.8799915616826977      0.5906594592485697    
  0.4272947119916134      0.2947560470060807    
  0.3576964782227315      0.2498123135439219    
  0.4449444292149796      0.3669298658652526    
  0.5247567742488389      0.4733799605950903    
  0.5214963399692143      0.4468764301067686    
  0.7100912450388760      0.4517820147856041    
  0.6483923084047849      0.5235222045171655    
  0.5306248020305440      0.3379044017046918    
  0.7102703092354873      0.1773276981458413    
  0.1380094493439977      0.9137341218572514E-01
  0.4788975205914893      0.3984416478172580    
  0.5471976043385676      0.3383844134401065    
  0.1979633326062576      0.1370497706446399    
  0.9072019000620214      0.1007423753955663    
  0.6534293338156838      0.3651043982976358    
  0.6785866705041114      0.1944936833064009    
  0.5057471392752747      0.9479472450020285    
  0.2175355731476457      0.1873533346532454    
  0.3332437390502649      0.2320710652921773    
  0.3997055810663837E-01  0.5764603882620399    
  0.6623493146144808      0.5816653563787779    
  0.4531587555609388      0.3767221485344439    
  0.6385343033100952      0.4305695829573575    
  0.7738655043139554      0.4532871111205687    
  0.6264519044412878      0.4123527429706426    
  0.7577802371525048      0.4641361545693666    
  0.5701470279995662      0.4539031668012620    
  0.4806132845500535      0.7381358263243388    
  0.4582535322583214      0.6466750242840775    
  0.4678974095133768      0.5982390608531951    
  0.5061974568265302      0.4473014619315012    
  0.4410446348769553      0.4782125038833750    
  0.7430690732083853      0.4541527047013539    
  0.3247451684803782      0.4177871569821356    
  0.1003769966213414      0.5579901029920155    
  0.8352171657392272      0.1794229738689422    
  0.6434961039963678      0.3283505508945313    
  0.4192744097593629      0.4814948714381871    
  0.3304082094711674      0.5924248867393740    
  0.5063791952851848      0.3535417415489972    
  0.4305814675234493      0.6244319652519207    
  0.4965736927863335      0.4992716627722246    
  0.7105240196657074      0.2476051254669758    
  0.7762320245201300      0.2930577990386170    
  0.6765121668533003      0.4371049253701612    
  0.6689525501832728      0.3912744271477011    
  0.6965016153213723      0.4842315347404838    
  0.6630218265891137      0.4505560087404021    
  0.5408515443992326      0.2999974228508951    
  0.5377490534602991      0.3969083121136096    
  0.2830518732041353      0.4769030578353568    
  0.6158601396053029      0.4865400065577165    
  0.4390124523294743      0.6556718777530063    
  0.5755345309728985      0.2570423974079792    
  0.6608389179218952      0.2620815058925597    
  0.5760132663529709      0.4015718018897121    
  0.4349480033117914      0.5759777668044168    
  0.2781273596311320      0.3280666944701183    
  0.6154452924733189      0.4403847777761863    
  0.7520951481285458      0.4434096404375303    
  0.5927100362902870      0.3800208593735522    
  0.7193821558501530      0.3698994930808604    
  0.8188868693303009      0.1846635347192763    
  0.7494378217392788      0.2628873749014090    
  0.7327407872132192      0.2970661675697469    
  0.7612834120624046      0.3150094426114873    
  0.8048242188693328      0.2381577131985484    
  0.7477056227979735      0.2438396055016354    
  0.3940330033842711      0.4185843402663800    
  0.6288745805529226      0.3270457710687857    
  0.7787776109823823      0.2557424643951847    
  0.6609007900621070      0.4039085281636809    
  0.5152164219062901      0.5845099440246196    
  0.5097786425240364      0.6727814310686033    
  0.5022589868356788      0.8905859680151395    
  0.5625788435545517      0.6174453072600301    
  0.5240261508769533      0.6528289956103580    
  0.4985226017416874      0.8205060772788024    
  0.5367695325153257      0.5409266704727922    
  0.5681165166067568      0.6280551736203682    
  0.4628187929073805      0.8255057220203073    
  0.4976866421280191      0.5339806153998427    
  0.5151446081347593      0.5721520587221296    
  0.5118444210845821      0.7498215887971633    
  0.2644030001702651      0.2182455002997533    
  0.4646954026657036      0.3491985779842712    
  0.6334327083895842      0.4024011079020741    
  0.5271081207432017      0.3120512222300059    
  0.7200129025698380      0.4492499783683261    
  0.2018510276881625      0.1581011008579777    
  0.7754752331417640      0.2159488768277086    
  0.4479447479768897      0.4426833711497577    
  0.2745127591463172      0.4633045892249342    
  0.7680526406881356E-01  0.5532283363981157    
  0.2546230490905049      0.4713983528561158    
  0.5142916509263823      0.4403737109649193    
  0.6544691990556279      0.5451100843799176    
  0.5713568755043330      0.5216830877486314    
  0.5865298502758982      0.5590826321446780    
  0.7085370517985696      0.5066977282357628    
  0.6550598876057938      0.3428173341341120    
  0.6133688098086021      0.3544113970272729    
  0.5787359963294527      0.3886918163755749    
  0.5443672812102976      0.4170459234920488    
  0.7241963877178620      0.3630699473043792    
  0.8416229231603874      0.1572787168593668    
  0.6596315584180553      0.4019599292043244    
  0.6626799500753355      0.2455709794156288    
  0.8793133168184742      0.1041229711347227    
  0.6697359347327099      0.3540286896168378    
  0.8028317554039794      0.1698510533659929    
  0.5039021892023552      0.3200837337960523    
  0.5943956314975840      0.2453302647382303    
  0.4398790047923182      0.2882895547689921    
  0.2249015044946046      0.1842653447978685    
  0.2124939558253384      0.5610599381688396    
  0.4840159605445742      0.4429589706978457    
  0.5629028850013905E-01  0.5936448968920696    
  0.4854972729654050      0.4558836053994768    
  0.4995998470374951      0.3401101323859844    
  0.2233207196981461      0.1771441268145683    
  0.1808616093333654      0.1718908564642761    
  0.3774785730842017      0.3702523244887704    
  0.7765182377903526E-01  0.9090835720267071E-01
  0.1604780445960212      0.5063212064911504    
  0.6384328432285310      0.2544858463763971    
  0.9075778934564666      0.5457012374555624    
  0.8118991052315339      0.5273952014151668    
  0.5263976740399730      0.4329036714800203    
  0.4960006724824807      0.4017933798826804    
  0.6568467218452418      0.3151971756359236    
  0.7088782464349075      0.3226868659348425    
  0.8007797398713240      0.1929516984325585    
  0.9420616881682674      0.6359145049458206E-01
  0.8282202000995209      0.2073439064024182    
  0.8053696777842700      0.1730392175639139    
  0.6995174276798863      0.2779403107301805    
  0.6507363918965312      0.4827434375913338    
  0.6895563913984576      0.4783978299995080    
  0.2409231503619660      0.2015377929256386    
  0.4572187145327893      0.2908309103801491    
  0.8139556822530201      0.1524669803757988    
  0.7106930745036746      0.2051849357304351    
  0.1812282626439613      0.2407627331328500    
  0.4072791427298371      0.3781316949857311    
  0.2997012081967665      0.3350756378382780    
  0.6144465783617802      0.2323034204418354    
  0.5427338400153561      0.7801210820021590    
  0.2784532651216237      0.2631422509339897    
  0.3555106829975487      0.5219714684467409    
  0.4730262371547280      0.6199231862960217    
  0.6536180169331834      0.3613924750196230    
  0.1704018290814799      0.5069102068164227    
  0.2444715101772187      0.4852121255158730    
  0.8651212604361276      0.1057337701139450    
  0.5681926273354979      0.2893476888405452    
  0.5937796732173968      0.4044240306533762    
  0.8258526363665750      0.1592518519310568    
  0.8410700526872661      0.2035788186243567    
  0.5762127838676100      0.3631411528697975    
  0.7700129050277558      0.1664974829784618    
  0.5345316408608547      0.3788243582709679    
  0.6574716416530439      0.4189920888018275    
  0.7884659008488235      0.5043172652642984    
  0.7969381945766304      0.1592333684006229    
  0.1445300531301185      0.1015620204960814    
  0.1890091294333981      0.1178823369031986    
  0.3966920114363197      0.2713279569244813    
  0.6349862944892073      0.2762486499325718    
  0.6986508183641377      0.4594615234152359    
  0.7800378296441868      0.5178168255514052    
  0.8868086458955114      0.5282783040840819    
  0.2943888240312313      0.2196333414695243    
  0.7676089439512935      0.2696452514295218    
  0.8722811025813001      0.5409502625271242    
  0.1948229699374222      0.2521074626256286    
  0.2288390691458409      0.5747169914773467    
  0.5431786171391697      0.6442526762556455    
  0.3623944059737594      0.3813395817687060    
  0.4974111613341163      0.9295130397833432    
  0.4495968535800047      0.6528565027249076    
  0.8501897869013116      0.5795995460118067    
  0.9413643134559169      0.6173863180410201E-01
  0.6123367925479993      0.4044252751486890    
  0.3639139436290892      0.4227817902385895    
  0.6037431502010022      0.2673874636734178    
  0.1954530578606314      0.1816521784320487    
  0.3033277146013524      0.3253288999163687    
  0.2496577383224055      0.2899814714805951    
  0.8114925574242033      0.1824676207063001    
  0.7042850621220681      0.3298662552264557    
  0.7601448269545336      0.2483018589894989    
  0.4538459230023798      0.7498082323053394    
  0.4866108139921578      0.7648308637822767    
  0.2281726781500736      0.5251623518145545    
  0.3578946952375869      0.5643381000261234    
  0.2756720123606543      0.5152909686816860    
  0.2961189895281047      0.5879315343237205    
  0.3912631207882648      0.5692952378127802    
  0.4342324526497843      0.5071053946695336    
  0.7506782019720103      0.4859832335618496    
  0.6662679949223189      0.4100575823656750    
  0.4409727428066483      0.3316220224651966    
  0.6871325327654356      0.5372044820079220    
  0.5353224364773622      0.7704346557075386    
  0.6979545207844080      0.3198764977124290    
  0.7243705998011545      0.3418784789108920    
  0.4261723490794488      0.2794409736437251    
  0.8398310834548017      0.1070399969485182    
  0.5952901920029734      0.2540943207873058    
  0.2530228648913753      0.5106880435506559    
  0.2916691316055555      0.4266174607932139    
  0.3480622854546137      0.4157381084258957    
  0.2372330569710311      0.4982154765677421    
  0.3410526856843981      0.5352424677571704    
  0.3432808500787728      0.5209346299731816    
  0.2393401211395634      0.5382858799205230    
  0.7213870012904287      0.5573799333426414    
  0.3946367364143502      0.2936860499253476    
  0.3149719968869455      0.2577319582668024    
  0.3171151437708963      0.2113424516689899    
  0.7891657235627364      0.5371583097510110    
  0.3691532057433678      0.2678802770658588    
  0.3593230380868834      0.3971976478223778    
  0.3959091599442540      0.3655747060949204    
  0.8759212160479757      0.1568480391056262    
  0.7203896734683781      0.3133764692918936    
  0.6864817293041093      0.3617719868889817    
  0.5839328724306164      0.2922501474276474    
  0.4864506520942364      0.3992363457198480    
  0.3267248484320208      0.2059074225830969    
  0.1574853253015202      0.5745624925991424    
  0.7121276465189095      0.2338848071520741    
  0.3253424144973071      0.5545686325491648    
  0.8555330077521078      0.5521877394481286    
  0.4767866168540986      0.6389399961319446    
  0.4417378778794511      0.7018611649217347    
  0.8085004770337638E-01  0.5788086698991177    
  0.2977326252795679      0.1871433389835354    
  0.1698735217333854      0.1457931322337130    
  0.4559946602230454      0.2744202493270768    
  0.2624089807951905      0.1732364045006187    
  0.3744374329584348      0.5498532071968250    
  0.1217474196354339      0.5929170503717475    
  0.6238393199051709      0.3596053257025644    
  0.6206981416200336      0.3952128559404716    
  0.1486523748057904      0.1275604628553154    
  0.1352504455788344      0.5967908271730356    
  0.2184904040432208      0.2602148734697731    
  0.3523805364611430      0.5037811029217186    
  0.3149845953530789      0.2119392911458270    
  0.9006758158458064      0.5499165700436210    
  0.8487202793973788      0.5046985207402600    
  0.8334751096639526      0.4978090801680098    
  0.6513280956804963      0.4830613065853930    
  0.6309985926713917      0.2729599645937791    
  0.9295257588091839      0.5279874296948669E-01
  0.8810664056309256      0.9351464554886099E-01
  0.9205983009327199      0.5989507975207656    
  0.6946471630722478      0.5796113484987819    
  0.8193578043197356      0.5990390695073901    
  0.4924684325465928      0.3646452185883051    
  0.4784539526037747      0.2965024141032958    
  0.7187976551372568      0.4212624341770858    
  0.1233178518246963      0.5534010186405481    
  0.1924116297953767      0.4772263111971054    
