   2.135292377897217       3.265864297391720       3.960562683932936    
   2.335037455101059       1.670935436841812       2.673809129197215    
   2.550972210989274       1.977701202025744       4.111145036859392    
   1.939027706135968       2.228736574284779       3.692118789873560    
   1.849345840969950       2.109246489944310       3.038493657394975    
   3.544913351760779       1.552067473864274       2.947922703682965    
   1.965430535880245       3.704576818976252       3.910962969546397    
   1.433896650379254       1.891920812383374       2.941480987321037    
   1.494458242110798       2.139811799866431       3.144393070036529    
   1.972986296792236       2.008119904026647       3.264535563535914    
   2.269188234280808       2.368673739948693       3.714051396775247    
   2.227756595385863       2.376269175879179       3.875664708926202    
   3.175548889281065       1.496094981518839       2.763502792717704    
   3.330444272691214       1.679047430627384       3.032980828612389    
   2.318782578819733       2.021798353545656       2.872667762451086    
   1.820271669812801       2.145307594864689       3.349444198153535    
   2.763484064804828       1.948383615278118       4.062124360167267    
   2.243780151575872       3.065832401028978       3.890646815720499    
   2.537255058339662       2.007329067059996       4.134747421266237    
   2.358373162484611       2.575669927241775       3.405295746875598    
   3.297590602259386       1.597728329026128       3.545943745478987    
   1.670852222862428       2.695791907895785       3.503215202443712    
   1.655838083333732       1.916645678604367       3.090128328064388    
   3.003180558328898       2.076253554815245       4.393645407847305    
   2.204840549405187       2.293997691134304       3.727609240390286    
   2.590504520869312       2.157776055044143       3.828580819772534    
   2.611950015901860       2.925783639584731       3.749983440981397    
   2.420101613963877       2.197807544765679       3.840806086323592    
   2.461252346825305       2.948508366349916       4.097480043597993    
   3.128364820551972       2.103558812798848       3.204097000606204    
   2.725160138980933       2.492397582774623       3.396526183472722    
   2.711928977977756       1.983943917369059       4.569545635099022    
   2.631129631154678       2.047338974523317       3.245375320776763    
   2.301430712631259       1.937549837426274       3.630554471785376    
   2.795721798119544       2.049882590844101       3.898324823272316    
   3.079936819596925       2.015587598451932       2.955493438557672    
   2.275734427551661       3.106581259562867       3.785405703573334    
   3.486685689739658       1.390133407953756       2.651466605004047    
   3.332936957150324       1.540649288197082       2.615468619592651    
   2.248761643345429       3.062952975557373       4.045463817520183    
   1.332365570367034       2.183190369122860       3.246900638307268    
   2.723619003200414       2.813859089455355       3.541729110876850    
   3.337811655451621       1.696624632746754       3.755148751814611    
   2.090136582534723       2.363843026149968       4.004075028469607    
   2.239536620775417       2.687674184560948       3.233162998625390    
   2.207033804290425       3.185036930331989       3.647514704776652    
   3.536783023027673       1.537908937591262       2.440892991484598    
   3.155645399365877       1.784490710448271       3.104154635105416    
   2.848790216662889       2.276451347351565       3.246179087549246    
   2.703992463526104       2.037641586804171       3.262465952898379    
   2.240745661001098       3.256690443080962       4.232266002483335    
   2.625926527505894       2.485678011804809       3.139514884397850    
   1.735501993391122       1.794517164806718       2.809555418139527    
   2.667804865495051       2.700404872994109       3.308748352828921    
   2.598809161523490       1.802640601498245       3.722010417568247    
   3.184092660976213       1.679772945296024       3.566312051040777    
   2.630584883816754       2.862355529739502       4.047220471176228    
   2.806573341055075       2.438253045728698       3.270686838527541    
   2.761793117353433       2.600516291011934       3.184227094648731    
   3.060955746590182       1.550356590521838       3.100178766465799    
   2.659548153960211       1.662128733384321       2.898661625424140    
   2.838411650500900       2.218087968919432       2.956420644941414    
   2.183326272888062       1.820129933745541       2.954581560442700    
   3.014683370950175       1.760630528396516       3.904212732601450    
   3.370816895372900       1.585363689533275       3.402478311895491    
   2.998709463461070       1.931786948268379       3.335634263212573    
   2.086405696383031       2.077402795125693       2.973960902118248    
   3.550941395282343       1.339041978208002       2.833440113331039    
   3.296589032869306       1.602119931374013       3.065221512611546    
   3.476605701922709       1.544591375904257       2.961204566616709    
   2.424122336961350       2.883187655618586       4.380112316150695    
   2.376502798612778       2.779047200830696       3.861413144756602    
   1.865471787229516       2.123866247942891       3.732688668328140    
   2.715892345008786       2.363027907073741       3.468635230825959    
   2.269663718693168       3.407104814127534       3.903020274627000    
   2.750838576194704       1.902291370875509       2.853472463313228    
   2.160837840408068       2.498335458596796       4.046203560987909    
   2.997816231979388       2.261211524254128       3.563029336096981    
   2.747402238968146       2.093075990609740       3.281479975843303    
   3.627498240934857       1.281664915086278       2.230088707312973    
   2.514062448204097       2.964762181907614       4.480627198489151    
   2.716008910326380       1.738109210916399       3.109604562106763    
   2.773625279630503       2.405686220268880       4.072557980479170    
   2.446050136121382       2.986424959671968       4.309318939870042    
   3.033542989301374       1.550626401656735       2.623868783209378    
   3.041386594547283       1.719888368558601       2.756204597911394    
   2.666914244976207       1.683823002890226       3.154278251300604    
   2.282076074911028       2.689055814999569       3.578080509456734    
   3.471075769655557       1.653746062228289       2.873622697567514    
   3.149545307798587       1.542085941744664       2.916728793037804    
   1.631420959153471       1.920203707920940       3.110590387075835    
   2.965324667733747       2.418145870083990       3.482757617347561    
   2.167171171004056       3.066389839086755       3.846250913762610    
   2.141590028128372       1.658285781028826       2.666484561198225    
   2.754557501889010       2.743869040521282       3.365225418981685    
   2.501878333072338       1.882360365711641       2.974670635420286    
   2.699225283569339       2.723294226285678       3.331335087083506    
   2.628421491737099       2.795326697450047       3.929304469602138    
   2.279610881284471       2.544288988037009       3.299546605925487    
   3.866138601567576       1.132317641444517       2.168852340446952    
   3.171521558497138       1.710873027265538       3.941707590878128    
   1.626792619316418       2.084895715565382       3.530655168057625    
   2.291567723905608       2.018877580356826       3.580896166287522    
   2.799721834579981       2.430275806350703       3.653380055557590    
   3.021823192437178       1.994653758019466       4.191038411189515    
   2.888798800198385       2.230854455837038       2.878832953053490    
   2.100347451441443       2.807420343388426       3.331022381040665    
   3.120407181841674       1.690275379381486       2.832852689374747    
   1.992920996618328       3.190593578360175       3.946654816856276    
   1.772723905235455       3.076907498793765       3.641755619245723    
   2.104177927641370       2.378149961171941       3.242542331725546    
   1.770321765872515       2.038505019943267       3.519458744318164    
   3.457502583643556       1.435834167705118       3.034945491091778    
   1.835210016447698       2.333784924545001       3.465427897957136    
   1.791439474061334       3.359622942379445       3.733680913633305    
   2.911997009032393       1.967706260099684       4.703796445989962    
   3.267639643104723       1.681530264434835       3.098453867808286    
   3.058344677114734       2.052127661670660       4.237227594164987    
   2.703538425610002       2.273921109901846       4.073040891310526    
   1.778377902602544       2.743367436077631       3.723268053380137    
   2.904029886664314       2.026786033540847       4.035553191855958    
   1.581811595588256       2.282731030253080       3.277847923093038    
   1.796866955204516       2.610250192322309       3.299224052130524    
   2.419636982719146       3.220236597207967       3.718670162097784    
   2.304283097046330       2.528724562542251       3.157715043891117    
   2.727935684266861       2.344281332085465       4.455650608085068    
   3.191624703430525       1.927457561528133       2.767708507630663    
   2.626085105663384       1.772281434758610       3.566284161866084    
   2.427791132768290       2.922564415123609       3.336721379756225    
   2.880628428372629       2.502070959706371       3.367003252775732    
   1.925588022939570       3.100252879359243       3.593258399190057    
   1.372981095480458       2.437303790071855       3.296054037049973    
   2.579136617255160       2.406041082056848       3.594646006189563    
   2.183770693501594       2.200857347733354       3.964557315515593    
   3.075901685726803       1.897544672617598       3.601547682282188    
   2.697321271811741       2.520828380358910       3.798244004985836    
   1.751306296276325       1.848270374287604       3.026604749844547    
   2.391186286443936       1.748522399820866       3.108379215152376    
   2.110858420887166       2.682944479161956       4.096898336723680    
   1.774971813854684       2.679450323207204       3.620231867452719    
   2.988881282503782       2.067432699339997       4.156073772720211    
   2.977377084487391       1.965782444857204       2.703388184493849    
   2.756500158824074       2.094148306987907       3.435199554618057    
   2.900663140654528       1.708027455887980       3.260258248543390    
   2.158211222967892       2.357894810582828       3.833481550920892    
   3.145811603412000       1.680413858727521       2.883352868263577    
   2.375515273048684       2.110413524420584       4.317372163730364    
   2.092408537437177       2.652179500304581       3.850213348126867    
   2.180149180010465       1.741726176759394       2.887383431509809    
   2.413051127161007       2.118533909729864       4.357664954530598    
   1.671203979208054       1.882811072752554       3.147297768343190    
   2.434699455455609       2.167635476698763       3.119830216637899    
   2.801900120835917       2.426934624785508       3.068708504938620    
   2.711733782079262       2.251326971843928       3.480231158993714    
   2.422789809987051       2.145294407029719       3.410457178082886    
   3.001349630766174       2.130175385985225       3.576222509278077    
   3.433488945137243       1.636646402331293       2.972877509256774    
   2.599326567558919       2.904893914918536       4.106617696003276    
   2.326500030369260       2.670222369246603       3.201605813036995    
   2.428365830043242       2.478926244749655       4.053589416224283    
   1.391465897939074       2.040880754914221       3.369916916872039    
   2.483027261002747       1.839810262420831       2.749739895831515    
   2.766755651067868       2.792721448275032       3.335822165458320    
   2.244112264000085       3.065694786064113       3.581677719101162    
   2.811554667462090       1.755627851832345       3.163649913096711    
   2.815508731977580       1.891352130881027       2.706334822277061    
   2.498716132508376       2.683446443043336       3.224609405720812    
   1.539935008951201       2.064589633940350       3.517103682380067    
   3.128477946442512       1.815818824782060       3.741787686679045    
   1.794238875069452       2.401727452521602       3.420643959209743    
   2.593260308972566       2.280340246453513       3.411678317480233    
   2.254674082779865       3.346197304458802       3.745554022227570    
   2.786207131487523       2.470452812228876       3.908157513491773    
   2.959088046499701       1.798748992194819       4.145456828237031    
   1.442621321652924       2.155137761041614       3.221310018494800    
   2.196174454077748       2.271101120347301       3.903318801696513    
   2.780510991255469       2.631839151342200       3.508338839385663    
   1.797427065173976       1.916402380466104       3.070867487153098    
   2.413726312797602       2.467885991338735       4.379671416709467    
   2.938873941466421       2.059875006293754       3.745842244160006    
   2.215796291970038       1.666789512943737       2.700945872329898    
   1.851142680729446       2.825250045737114       3.708242582555241    
   3.124654277279286       1.576754798525053       2.556345097431879    
   2.349743840429046       2.425879509724163       3.414778846074416    
   1.882690412928044       2.739587371077273       3.460622809657416    
   2.566304019420460       2.378846504829149       3.860473746630770    
   1.817369221687049       2.527737091513312       3.203020280882118    
   2.608820794867263       1.980650433225621       2.911606730909544    
   2.393764617602566       2.095152978358961       3.470777064861785    
   2.287824502799287       2.244472296956650       4.199797666037331    
   2.137892734834745       2.278460744936135       3.375210572083467    
   2.276426791793244       1.860257676173649       3.063307453957147    
   2.644200217763209       2.186180962168153       2.906093906466864    
   2.349613232269574       3.126262480234045       3.636569648207028    
   1.214987480223166       2.236643633797351       3.121898275903162    
   2.605864917696706       2.665711926105549       4.412527136262096    
   2.520325668370977       2.114067811460434       3.345238748667509    
   1.600560990050059       2.576183108385127       3.461736584844116    
   2.028965760034362       2.558590219999625       3.282460757955155    
   2.010283780806918       2.312984917442085       3.850308415936600    
   2.592290984764000       2.162105105418586       3.093565836227344    
   2.263272082076142       3.059179329232203       4.071578990020813    
   2.506135952455046       1.747153963376381       3.015143846993670    
   2.156805540086881       2.107616588104876       3.602377515429346    
   2.741052749872698       2.007273876005663       3.129731560697956    
   2.741254780747569       2.603507182238805       3.362402965982759    
   2.481493444433561       1.720143473644378       2.827569626560625    
   2.846698714822566       1.506721666397522       2.600991151490954    
   2.953896617963501       1.733055458812354       2.818996261159333    
   2.741577233028373       1.709209633818277       2.890940220823158    
   2.087971828035709       2.703255360823540       3.768121604553584    
   2.105971263352461       3.552542525106068       3.938842253110238    
   2.032637028555521       3.082872578697309       3.690963521779484    
   1.685264558454181       2.222587153249092       3.286298919947416    
   3.124338552872764       2.144697909821593       3.098388706734650    
   2.483962985939559       2.321311021874772       4.206782077366151    
   2.419925095739625       2.042673039320479       3.207940535134479    
   2.088131730481117       2.124109953640349       3.588607602371753    
   2.828873363665732       2.222316304207970       3.470975898919135    
   2.811207180299148       1.990046689748380       4.397320880771446    
   3.260453207525858       1.631290662002954       3.438228801899518    
   2.731320579372543       2.013011240818623       4.105887053832630    
   1.882560348142509       3.120817121633850       3.576884867290400    
   2.256642620237966       2.249552149735951       3.254079442936262    
   1.889117550111860       2.445830455286730       3.310128330741202    
   2.267394905607421       2.572258608186334       4.126428939041427    
   1.844225515599938       3.143269074674244       3.795125161054678    
   3.277540117098356       1.899425348119865       2.826335827335424    
   2.516416792558149       2.844394969689675       4.448099533588274    
   2.101486863197450       2.194456765561256       3.183610388048035    
   2.046162203491797       2.300950723200466       3.180590165747987    
   3.197534272063124       1.764988641676019       3.234247846985696    
   2.398526763760814       2.447340249110280       3.601173778672852    
   2.003613103648277       2.112505746480564       2.959475865623645    
   2.136771934216200       1.727637171685632       2.865053755535578    
   2.210740627342301       2.096081041252164       3.070784783793008    
   1.986493212218107       2.305630004678079       3.479421442932621    
   3.509358575312245       1.525320851821018       2.382376991317458    
   3.069664688809667       1.654070891297089       2.613989316804545    
   2.440227163258791       2.939890241225578       4.331132168859959    
   1.550514784043105       2.531523061722809       3.258573902772067    
   1.940696801034463       1.736975060148833       2.865669220937805    
   2.823737718557807       1.938388928332704       3.784515475606955    
   2.135582777314618       1.970526775851483       4.001752049038881    
   2.625903710568468       2.367933413218511       4.390009432568093    
   2.160944617472614       2.757633427989254       3.281681880831274    
   2.103746846826741       2.129357608501492       3.681093787897298    
   2.585816914923215       2.974782311241578       3.966685548665490    
   2.361156628203379       3.245428543173526       3.996041577615044    
   2.933298404300985       1.691101160545859       3.604944979916171    
   2.522885898862485       2.476821897335409       4.249617677592328    
   2.840281150237836       1.847737243177805       3.561051344625068    
   2.760269851790482       2.771194528017061       3.531970844252483    
   3.486992156334123       1.507089353735978       3.477028560916077    
   2.165551981025741       2.173189373652847       3.232527764197217    
   3.292372890350352       1.993961539995527       2.919859900413492    
   1.980912054415362       2.518067839716556       3.805813802580540    
   1.976968558082792       2.393723055004350       3.504229781320489    
   1.937215202462083       2.272783209111148       3.562509494653018    
   2.344555386071490       3.230712730945650       4.182566784916085    
   2.002327498980828       2.568329929556024       3.506188076505786    
   2.630331051383277       1.956550307606733       3.161921035459665    
   3.640712459783410       1.347566544634669       2.485081802893804    
   1.780088686293464       3.139224189232747       3.746849092550364    
   1.910837803517607       1.895214686179741       2.964329387872324    
   3.275717539826624       1.785603841265319       3.795318021661815    
   2.851075737209970       1.724020501792078       2.847589589021243    
   2.099532033876331       3.319726524795438       3.657606315964999    
   3.104182895315985       1.768334285313240       2.979533708540326    
   1.986667222803542       3.058820069220590       3.942527263656085    
   2.520752669527067       2.844972450063790       4.114768317947983    
   2.874829837016605       1.618441259278142       2.636259965290050    
   2.823673528546309       2.324569660891375       3.201845994196952    
   2.610076563271822       2.265799431081679       4.406540812468341    
   2.146783346370861       3.342213009467051       3.978792283675259    
   2.270521959920047       2.238874516135618       4.081969593061421    
   2.560716055099459       2.059216378694004       3.839616452532067    
   1.859832504293450       2.061622259285297       3.695227352152445    
   2.558247486412675       2.674888711754112       3.277720963125831    
   2.293919007880894       3.000381820264101       4.037009935164544    
   2.665942410334856       2.604273225948741       3.388994708246642    
   2.584634202360975       2.920959299186479       3.956744771740207    
   2.094045355489191       2.657026221675725       3.302835972226160    
   2.826589823576106       2.012526235495579       4.404398840342250    
   3.232598927846588       1.497443545296650       2.690516162588704    
   2.355560431869354       2.217244649290067       3.520082118257174    
   2.881958596359630       1.943852596480200       3.314247255237735    
   3.197200348216503       1.557602295776684       3.291156067061911    
   1.780570302586442       1.777661097196964       2.887622281757022    
   2.691894637706441       2.090726301471579       3.609838235962235    
   2.284050231916761       3.119513917192472       3.657082451154729    
   3.048539275323524       2.105046702126572       3.981796640482365    
   2.868525298670900       2.077380798270579       3.257111034769521    
   2.365073101280113       2.054832129243418       3.616842231809562    
   2.752454536864774       1.739342006588740       3.316667867849611    
   3.383523034555860       1.267061221629147       2.313269323745931    
   2.456682911796922       1.692603909696496       3.016336947527911    
   1.617757376591249       2.255992979742711       3.464886524027932    
   2.765350754741556       2.345486910690705       4.680818521751556    
   2.684961817097232       2.497594594071214       3.469435060485040    
   1.567813956518731       2.250501444253818       3.456080171362345    
   2.308577041321877       1.982537264049924       3.582789717842834    
   2.718478513299669       1.721822896444569       3.571225854232799    
   1.870593749864615       2.506696816224562       3.377302861304243    
   2.371773645953734       3.242505557003905       4.339402942434358    
   1.515878496026041       2.512697317796400       3.426931620593404    
   2.450335690990389       1.989858717240562       3.797379072513564    
   1.812981701431579       2.703564561781086       3.462404925927186    
   2.915953732473835       2.499181552943421       3.016147001029111    
   2.784757984247597       2.094696653580276       4.069547238841196    
   1.759963984089218       3.108591161247475       3.618635645286089    
   3.271686599183612       1.465463541121850       2.908322844203594    
   3.107330017249012       2.105725850848031       3.361025649790399    
   2.168989966746042       2.669109986027059       3.925842043754732    
   2.961923368206660       1.862798816827891       2.996710651605594    
   3.246338942189895       1.669701323295243       3.467909677041770    
   2.548274003248419       2.019281531279185       3.820613281568925    
   2.361687608265338       2.977716216808298       3.537894775741834    
   2.507740905252372       1.859418269135989       3.063606967086129    
   1.766927289733058       2.208816729572204       3.735248020793597    
   2.442799113408014       2.222944849157225       4.382881600102168    
   2.029144876701382       1.766077778258336       2.765983112419863    
   2.169982013415577       1.897217018328983       3.382178426306765    
   3.252659525773798       1.475735294829034       2.868899387094983    
   2.302145660566748       2.375373581579339       3.205382459056008    
   1.729779462271260       2.155105110374688       3.442578299513880    
   2.367050252593494       2.278933268621245       4.274671835525376    
   3.111288531729334       1.714282632687441       3.904170537846343    
   3.558055584962221       1.547055865398163       2.555294562254866    
   3.175753169299956       1.648718628940122       3.422395925572053    
   1.347117237942817       1.999912395967736       3.321612253970704    
   1.624264825964444       2.079425760577629       3.517867964546137    
   2.749996181887100       2.684423882278375       3.706495890061534    
   2.353061992355176       2.686221300389190       3.900012606036817    
   2.116435556307710       2.054245602361903       3.594726188459442    
   2.528944444129703       2.571346926685995       4.397404517931371    
   2.925311321774695       1.429942217832993       2.408509886886690    
   2.925875862098429       2.149557564003675       4.846365011233734    
   2.630646708216127       2.144423863391717       4.597345434630392    
   2.961475952512512       2.155602801242526       3.286339677882928    
   2.931135509134708       2.352790803635838       3.069849721079331    
   2.632499839027485       1.762934488146476       3.041714972007877    
   3.152889790076558       1.610724995059329       3.248930848200808    
   1.159914671149336       2.037106533602930       2.999038597928565    
   1.446051851204689       1.985129951958924       3.072864676030033    
   2.785976225887535       2.459361397850929       3.714193360814799    
   2.899231936275332       1.962325582106847       4.661415278094998    
   2.047595710978936       2.870427709326639       3.727338360044288    
   2.576545946590857       2.114125329889882       3.324158358881579    
   1.802331492223189       2.457768675023304       3.444051336267529    
   2.390377157116067       3.094968916421851       3.804781411069841    
   1.922347336975462       2.079314229989876       3.795508641454053    
   2.678561132734175       2.735742619406563       4.137121155756301    
   3.397479085881460       1.654741171657681       3.525441707688930    
   1.344719002736896       2.028492573967763       3.144143108698119    
   2.575583988159752       2.122539482648485       3.796945108789904    
   2.014611946943360       2.733657018584429       3.297659142171324    
   2.561874142148617       2.386937741244384       3.499567793475601    
   2.694535350766573       1.752756176001455       3.008156690178684    
   2.769000889119614       2.566248989379364       4.258581879444353    
   3.132952193784472       1.513990230964972       2.812085859294366    
   2.208746447832527       2.456545946842430       3.914520220382867    
   3.168713033734629       1.578045715456470       2.643619864460690    
   2.050598723369121       1.880207161264065       3.378429913171049    
   2.541835272029866       3.124022229107381       3.548038345627777    
   2.300355548163088       1.840310253084199       3.559000832566793    
   2.586754276193792       2.663296262436268       3.688871581444582    
   1.704589520977545       2.869645841778754       3.447442625939581    
   2.575085290945087       2.339105879456717       4.547986141632251    
   2.382528431405857       3.255517523217245       3.769494916682888    
   3.071801788203261       1.519631755392736       2.540981279391006    
   2.317007029559963       2.691071396407684       3.565273500799458    
   2.661902864324035       2.481249545275531       4.359605053895518    
   2.905521863514035       1.774113820254041       3.687705306927529    
   1.881391881503254       2.623841829908304       3.673985881903618    
   2.289219608184153       2.113645555445649       4.223072191115642    
   3.369939000032844       1.894190167340507       2.639747594694549    
   2.162244378708865       1.885190912062097       3.140582725823829    
   2.377939303561625       2.542915374159192       3.758047358033003    
   3.051979185982018       1.892270029425215       3.769205694246084    
   1.578973847320328       2.346483578582857       3.354019635143037    
   2.497708820064853       2.110450665977751       3.667302673597992    
   2.295396791945801       2.523463438788459       3.865322999442242    
   2.891913534975989       2.359092623556514       3.319324999089850    
   2.201112404135833       2.045153711993895       3.262754793281790    
   1.927880647149593       3.187753838977365       3.659271745388978    
   2.513425802611085       1.814242808378878       2.798854376000794    
   3.045285300836038       1.696753209638906       2.688130008288088    
   2.534052419696709       2.265308409986031       4.364397837719729    
   2.910140001643601       2.041325537812235       4.540411676344971    
   2.411223836000060       2.323691389709876       3.714268694821091    
   2.868689339553739       1.776260240684059       2.825693397605207    
   1.925370244278493       2.751987092867512       3.304091840695113    
   2.321144368219234       3.243983813916758       3.815259522989457    
   2.631288733128332       2.533118746823622       4.200798010070825    
   1.859153150575455       2.594545034313151       3.384860192013219    
   3.224919478501856       1.612851180442020       2.741164639590872    
   2.399918953587574       2.092094050705573       3.285665446851973    
   2.447523075859132       2.562084422986167       3.734060486044802    
   2.708500111355233       2.083497790654205       3.369484433231088    
   2.513609042137577       2.093024721354770       4.484585454210751    
   3.053814100123808       1.388697372804363       2.399331568386737    
   2.498936795422684       1.560501523441755       2.713797492682716    
   1.865884150841478       1.811926615399588       2.857749654747158    
   2.880922879043231       1.549172596406950       2.697342116155169    
   1.976670110175697       3.525073064242282       3.830537964827235    
   3.497016187909676       1.484691373738344       3.410267378214607    
   1.722037413042758       3.020507888771350       3.501543051146264    
   1.326441669145667       2.298550028064317       3.222724276581206    
   3.411525813048484       1.515359431717983       3.129153700440401    
   2.848703445285792       2.145557989320881       3.838256613284625    
   2.582931794053972       2.603711184416261       3.561205356507973    
   2.928442158188298       2.439702965913577       3.117160254513760    
   1.840041391485451       1.861293224042124       2.806438689347504    
   1.688730850687257       2.635499012813324       3.511793158746852    
   2.655159723336924       1.788358453626606       3.413864254551122    
   2.477784637611816       1.930247244396319       3.281351085508319    
   1.843103356181757       2.017783677985755       3.268056380567590    
   2.355783280184869       2.640269225569270       3.690375700306805    
   2.256460998831663       3.051564124381340       4.019284720127681    
   2.509000906518035       2.707196668135182       4.058858924876958    
   2.072533849191066       2.392771896084256       3.776046301400297    
   2.496456435673654       2.263484009237481       3.747382838482017    
   2.177689424842085       2.672215688372670       3.417555084984524    
   3.120904928123206       1.781582300513841       3.338724748265753    
   3.053222260925541       1.682452665097919       3.018191922823630    
   2.577575765841388       1.708483928535817       3.328660156142291    
   2.483440746752844       2.283771561004639       4.272160532996669    
   2.522169014241701       2.295607656669821       3.133182491125249    
   2.862585388480131       2.062345780870842       2.926552349047185    
   1.659898364776023       1.972304814896588       3.070396333337927    
   2.994434780904588       1.513576841299454       2.939870268441727    
   1.716894452396007       2.790603562118945       3.681337899449661    
   1.932876172913464       2.472612941779982       3.169939699494567    
   2.246526581389800       2.737262324321570       4.236246189973040    
   2.882465949180738       2.554577170116063       3.341315221955331    
   2.403735386892838       2.618968030227723       4.229443420337880    
   2.247773548224795       2.947973933822388       3.979129071804460    
   2.532051975592851       2.484832044838239       3.829566160401083    
   2.208199610141084       3.183860194013928       3.871544639368562    
   1.766855339476204       2.452718195534004       3.180777745756124    
   2.981993115912508       2.384244895593254       3.150490834026964    
   2.371240168963167       2.514986514273685       3.929355889318487    
   3.010057844225744       2.269088988303480       3.328295539374365    
   2.074879899651926       1.977077305254676       2.954662981731696    
   2.313898323699048       3.391535723119552       3.706338385464449    
   3.110263713215368       1.480242036999743       2.929978675751306    
   2.494450848753752       2.045089475310698       3.883062490933995    
   2.703049555245487       2.213793388550567       3.860390748305346    
   2.636328842340760       2.452982153051993       4.433676033767153    
   2.668464359637672       2.230498036824941       3.174223886927511    
   1.954069937613155       2.537570212258322       3.703388645244001    
   2.825506405367183       2.209634170022733       3.441493120797982    
   2.215739581410139       2.545857233739149       3.511877966219163    
   2.783887581810535       2.647338533162751       3.820420620264819    
   2.515296095263625       2.628840341386782       3.740458772410582    
   1.998973205272315       1.929491675737045       3.165059969723058    
   2.759818117035108       2.127233340510244       4.491328089076827    
   3.520166902551988       1.234437066587226       2.373497077365315    
   2.293761497071859       1.860468972003851       2.820798254392298    
   2.914180858490946       2.339386671297650       3.870317410465775    
   3.704943861584963       1.216851902283854       2.346112012900492    
   1.607770737098638       2.089658534604191       3.200106260756665    
   2.013798151636605       3.609097790066150       4.001920847688663    
   2.035066460792183       3.569343509800477       3.915878129675411    
   2.459609983731464       1.857081870542204       3.306875390487436    
   2.109680815232267       1.987177714700173       3.324747940765062    
   2.767080442883765       1.821110977717391       2.645541620400002    
   3.119502658020986       1.597564458628105       2.476824991961972    
   2.768917340224195       2.281217901617913       4.398788971112547    
   3.055140702076671       1.666603093670836       2.876784619718811    
   3.603940062474218       1.235909489599300       2.351479894319410    
   2.663813026483134       2.660283845032275       4.354599700763050    
   2.367119420005710       3.127277766714240       3.488987460055813    
   2.999133578501284       2.194820830678911       4.007589256912508    
   2.379312968556616       2.284682578111890       3.605640117223505    
   2.065076737278632       3.093819075768433       3.647624509570890    
   3.282972001534674       1.792951120856715       3.369039881968474    
   3.057081563834687       2.211497176007446       3.704615283424353    
   2.531826473579228       2.038862834753381       4.120723280481518    
   3.136567146108060       1.567238191016786       3.153426873921104    
   2.431616448044167       2.150861378250203       3.692276297010090    
   2.963837212349560       1.614794817488525       2.853234236586478    
   2.020741122370467       2.897354406727939       3.664245767687562    
   2.644665180093117       2.575169851828052       3.656356025186948    
   2.815616564230604       2.051414995369911       3.391810835088021    
   2.054588158690256       1.974961671809544       3.271663375671097    
   1.602704510912808       2.188766380225918       3.558701506475296    
   2.391162560070016       2.882104597884284       3.967411974949976    
   2.613329870466683       2.868892489878346       4.023132580649317    
   2.914187265990262       2.030111266778176       3.263631812976886    
   2.845843982353489       1.936872555435347       3.309918989915438    
   1.645251325703607       2.146338329086867       3.307802063434480    
   1.852153479579029       2.966758551062330       3.522425324766197    
   2.874136943731015       1.792059468379674       3.036971246426056    
   2.631998382304031       2.340110226569162       3.629657025761733    
   3.208334184337742       1.713711987649797       3.537898585316826    
   2.194654202687528       2.687511596646895       3.931816906227218    
   2.744248536722681       1.701795597850459       3.055205168532620    
   2.389805905734642       2.374566093760292       3.893972882798840    
   3.154982724703877       1.766683202553436       2.592527473484471    
   2.753453311874252       2.379574876022480       4.426177616248749    
   2.277089392002222       3.162755356703096       3.644155774891577    
   2.333336797680497       1.878925648415133       3.289740655998157    
   2.436398293590305       3.252743530138741       3.666547016621427    
   2.650026552181851       2.156519466557271       3.488658891102861    
   2.847495498019936       2.333379305465558       4.634027208929024    
   3.310448129323897       1.877535749229030       2.845750897487871    
   2.736744186213814       2.422537564887334       4.487144011994130    
   1.432079922691830       1.938208798228368       2.993689501549908    
   2.963439217753514       2.186163359705824       4.400052145595962    
   2.124367213393687       2.982099225578861       3.564211882936587    
   1.188132272698060       2.105251554856062       3.093663166623090    
   2.957625803001726       2.265217324775551       3.423342324344112    
   3.253317084215232       1.699463172586086       3.688597015442278    
   2.953230998872397       1.670551262607119       2.906248467311642    
   2.987802578078504       2.277116893852293       2.888296657037408    
   2.068418131238158       2.250981830524199       3.946907098383142    
   2.747689974802982       2.182673505995708       3.090594353499014    
   2.519055418884483       1.835541053501645       3.195248737598988    
   2.388410054773270       2.616156393810923       4.249228820773297    
   2.109013240882200       2.127337416739323       3.631221137630271    
   2.922169377011079       1.749699563510420       3.841057777804823    
   3.495608602389427       1.488926383508468       2.780254508638035    
   1.786714842454945       2.419506673303082       3.523154213827665    
   2.521432699385251       2.266465421304830       3.216876345828942    
   2.652744294466501       2.118030766592364       3.659459995738231    
   2.354898762622859       1.664333045396831       2.788671377853452    
   2.022338543149251       2.495079073846486       4.000116372322683    
   2.902705554344568       1.520297724397207       2.886887952067425    
   2.975097417821139       2.118186332799862       4.087331590797186    
   2.207450098962192       2.555420934451959       4.104090634363539    
   2.264978290644913       2.274321164530642       3.050077123895446    
   2.263500538297758       1.987028514855444       2.938763339099967    
   1.984861255204273       2.073712134817014       2.920280150930681    
   2.487480032459005       2.727075487157006       4.020870134963230    
   2.259997113302294       2.425454259560084       4.191401575358147    
   2.149249180281689       1.698981334278243       2.807669406984658    
   2.987132140429965       1.814027131045452       4.139076462380239    
   2.490722581946802       1.924596594044210       4.116209706339537    
   2.460757505804547       1.986232659202574       3.485111156731600    
   1.789948857302665       1.917729685927602       3.418914227295372    
   2.956044089962275       1.916583438887909       3.420653393560212    
   2.945687681879776       2.271526478395845       3.703979510533378    
   2.527351581762046       2.177767683201263       4.216342787189296    
   2.629409917942908       2.207706482701079       3.262533089825642    
   2.364027000235448       3.078730139448217       3.556348151185818    
   2.116152617249796       2.438675627759169       4.065881748763736    
   2.783820690032247       2.444309119318587       4.360836212725047    
   2.713653593618775       2.221632944405918       3.697030867324850    
   2.115638099245673       2.280948756897103       3.010363821770289    
   3.568171976368766       1.456128156106515       2.868178966295167    
   2.165874392846797       1.771649910508438       2.949943455486710    
   1.953801392092853       1.942489315160690       3.579351339781207    
   3.627186706495816       1.328400432267774       2.377605079257905    
   1.758652500295716       2.361384614107093       3.165871974975039    
   2.708163299424522       1.769377398103854       3.100905809645923    
   2.246398532917640       3.309994399930090       3.660390449389268    
   1.823698195556031       2.054379066834928       3.083484206901572    
   2.729426893759564       1.781249560378212       3.518605603479367    
   2.272130262219013       2.237613988101469       3.096351589634448    
   2.878499234923589       2.330323612813918       3.876605086443290    
   2.559460626733209       2.063365457447302       4.144529440807219    
   2.860887498537385       1.963572436515733       2.852032514122361    
   2.399668637415263       3.257936058206809       3.761921032540894    
   2.626268367594403       1.700702905118458       3.309278369437677    
   2.362637513519677       2.030491524441349       3.943157867346676    
   2.631789345607872       2.370665993747303       3.182025677959754    
   2.223931411373684       2.810990959687954       3.300392632804010    
   2.820152394812174       1.899234466573200       3.021063284544288    
   2.497290850409435       2.648429747007288       4.233506192136739    
   2.309716986672935       2.856339296266727       3.334781370624027    
   2.601706973525463       2.012547505971869       4.308744016019782    
   2.567238624441875       2.567946888222459       4.501859233710709    
   2.717993715195898       2.196602537430670       4.657986820788747    
   3.140423176349677       1.778440406867397       2.759792914822214    
   2.199474482413784       2.157324806746461       3.714322472338893    
   1.558810991571367       2.147779544463559       3.073249227292016    
   2.624258193445157       1.969236390599687       4.406970581928000    
   3.218100838866096       2.043855200952632       2.851781499818210    
   2.211763489613197       3.116624196933907       4.104325336701741    
   2.669772436240318       2.015339854645357       3.001130501380055    
   2.047048827239810       2.014473684656521       3.347265812606176    
   2.561478162416179       1.937769491147003       3.306078819060382    
   2.226065265573766       2.313206830551381       4.131423328591755    
   2.407098173850359       2.565509985487331       4.023285436760906    
   2.465668261296226       2.196032535884140       2.918868244952223    
   1.407306549413057       2.319909819068223       3.140704947687435    
   2.002060061374298       2.291868852571950       3.477228374988698    
   3.072514452483012       1.744272290983494       2.801255439844512    
   2.799705138294518       1.859433144220157       3.654009399115952    
   2.390606124168114       2.096930893019718       4.237450607060675    
   2.463234665529209       1.921664228990598       3.236524678917167    
   2.493431957229438       2.433554049294632       3.062505404596276    
   2.047393027246939       2.379713965683858       3.257790732145546    
   2.343963873767446       2.624066228611984       3.608509591460612    
   2.309563712344725       3.444555593679707       3.783627717666400    
   1.894537122929397       3.199051044910743       3.691377744003998    
   2.727912024948166       2.657842889699747       3.666577679020225    
   3.056344471376671       2.044311989064298       3.044628786248857    
   2.266614759916623       2.857385478696548       3.424207572121860    
   2.859658575558833       2.347169188925911       4.016610092077442    
   2.008731650192170       2.451628565456290       3.344558111841530    
   1.822483554874829       2.830867690790133       3.618863845341211    
   2.343736183040204       3.270766706212129       4.129935292369590    
   3.039595783238815       2.060496888614092       3.569443104663678    
   2.868290493157630       2.399615498837532       4.205300710503298    
   2.603542189881430       2.948775905576175       3.540031194084102    
   2.457806402127848       2.841112680667603       3.515733404658067    
   2.358706945754308       2.809710481380050       4.286776656244978    
   2.658908068992929       2.046507376107003       3.472124817870511    
   2.191556602382659       2.089989950970347       3.363540454812172    
   3.243763331890167       1.552270019549393       3.215018985310540    
   2.030624372897275       2.939527639057336       3.602593972903782    
   1.939578578369590       2.012885441543267       3.429298283815078    
   2.007747719120339       2.725225007979373       3.958115640852043    
   2.490867600100385       1.941828803653725       2.882544470331236    
   1.629137556846801       2.531922684165147       3.351786244392983    
   1.605659115431066       1.982788994848443       3.029247726167493    
   2.858701994065831       1.989789527731128       3.432039064120697    
   2.055448986147141       2.399680193160205       3.599509635098042    
   1.840095852954115       2.672206406135088       3.775904762773423    
   2.391626436943462       2.284032538703266       3.561081487811530    
   2.185170291586562       2.782497381183225       3.449647428759088    
   3.170294510270931       1.849614870259546       4.293463080618594    
   3.481080159225126       1.428976447964250       2.414524035593881    
   3.293337910557206       1.826303448974781       3.504450950874277    
   2.143733582984396       2.597799102917001       3.672602723683097    
   1.885047050663937       3.034299291007685       3.866444899021426    
   1.887777711684116       2.647538939652700       3.245567898420191    
   2.662392526207169       1.924558613312618       4.233362178414552    
   2.094032106081362       1.784675770815967       2.892379807835113    
   3.327606961213573       1.652049579408384       3.754789608895120    
   1.593038587662936       2.142570404341936       3.282955894670831    
   2.155611963594019       2.092018174098311       4.051980958648970    
   2.106941036511293       2.140796416804556       3.216719866714182    
   2.735460338952063       2.441579401104160       3.292602664964641    
   2.482413614886386       2.416112160069075       3.947970535891972    
   2.367256993632289       1.862262531179576       3.519453258828197    
   1.761997764366202       1.770314309079965       2.806913546259587    
   2.954269667084375       2.013178259034165       4.640618827924133    
   2.037881010227644       2.156230370938692       2.951138964421130    
   2.014445428742472       1.993166844252140       3.961255949905909    
   1.925658121727146       3.464224364123395       3.780820980419221    
   2.423941688321478       2.193494832583169       3.921864352622405    
   2.347992316550529       2.965566785526215       3.996433694221441    
   2.977040964116478       1.731682472698737       3.650934366619721    
   2.617410585591932       2.302531154019869       3.622283399001906    
   2.599183961117927       2.788415497801725       3.986149125568409    
   2.844139403080779       2.237068440291792       4.611163016661017    
   3.036503945958040       2.142934633996378       3.487761160920265    
   3.621714131231997       1.313067401475708       2.611531991456763    
   2.481982403686597       1.799641478258349       3.374577573295136    
   3.468784324552699       1.440006475717219       2.438891435170448    
   2.865998361670034       2.352364053936843       3.100089683598856    
   2.825805931280158       2.273583318738232       3.633626647449609    
   1.948151611235937       3.149178615261596       3.937340863277683    
   2.182620730792135       3.128346692718142       3.560651769934706    
   1.711232914935781       1.971642994204606       3.160943972997392    
   2.413362334705824       2.813440871813608       4.267914506559020    
   3.613054464305848       1.283772226487404       2.243012379129498    
   2.184354989452665       3.027635363407667       3.997478256308336    
   3.064591857631351       1.776218462230143       4.124568689973273    
   2.506249526777406       2.296872283507406       3.146268637340041    
   2.545640820449751       2.035314851973515       4.205943192747672    
   1.095652066316231       2.050183517000567       3.020454082540901    
   2.350865738198370       2.418016441180637       3.341017560137275    
   1.478460603643944       2.067660173789264       2.983880586036975    
   2.086024439516303       2.261317573182774       3.827249735829779    
   2.464285022305165       2.045730770066005       3.661315601433763    
   3.105363445865652       1.463891161902815       2.616356316224270    
   2.105890008717422       3.165566262646291       3.625198718778613    
   2.760005511657268       2.365345768210117       4.525127677463741    
   2.344393120289480       2.308031683396437       3.164718335869715    
   2.914405260665392       2.062781173137763       3.644268998570988    
   3.123857447928664       1.475844293203490       2.950239087328860    
   3.738841271332973       1.354777644894950       2.393860597738931    
   2.025689457606585       2.643635876795291       3.361791387709824    
   3.017912331044619       1.741663735094893       3.688098730697945    
   1.990719312850910       2.235315057080538       3.832419212891147    
   2.272397836835531       3.418894007509300       3.796762292962399    
   2.395169576380276       2.319724070558713       3.758905801198526    
   2.603839288714990       2.757784834391686       3.646023763917728    
   2.297055529140279       2.480639999930820       3.269300715283249    
   1.818236208964229       2.530364035900496       3.637474673957800    
   3.194236741481451       1.753480319763266       2.840890895615162    
   2.460301710482745       2.156827851157796       3.669554462519946    
   2.345235734907657       2.688659912312381       4.044349379231809    
   3.481115893141006       1.524007105019227       2.795829444415361    
   2.206809480294290       2.146599267098714       4.144782783989037    
   2.130009597221051       2.401134136711392       3.422992031571912    
   1.432573854223310       2.337539955594542       3.201764696202629    
   1.666537840765757       2.390959477055157       3.461707138075802    
   1.959517025890508       2.748431988835146       3.648119836487510    
   2.126356929127143       2.764287319709987       3.982914452899644    
   2.223808315262102       2.494239723979596       3.689670423436073    
   2.374023785969069       1.842912797180010       3.164701521051762    
   2.749562207040354       2.579824772744457       4.120932037833688    
   2.168054740945345       2.592831266251824       3.693351607643119    
   2.677354655042558       1.682280814038398       2.730510873661569    
   2.509712391277745       2.849994029629480       4.365505265688558    
   2.687329589207386       2.616679431606747       3.564094923511190    
   1.993651020390784       3.791124044778500       3.951985425137620    
   3.514759996134349       1.324745589017207       2.354862073222801    
   2.197071327962022       3.424718720548123       3.752688831389258    
   2.855563030052900       2.356429915864005       3.314868684416855    
   1.944118465792297       2.613221417487163       3.737744762761244    
   3.503057602482234       1.244607513871454       2.408872816774910    
   2.388795766261443       2.314352365858887       4.062900875562667    
   1.757455901608313       3.072733841708129       3.625461931651419    
   1.963807802219533       2.637807560469426       3.573954871987080    
   3.155127361480865       1.779485409364300       3.763385975011692    
   2.893591188263287       1.775398497737083       3.541186114583720    
   2.956937604978897       2.130900064950207       4.604491482527254    
   2.259429508980073       1.851817928711869       3.353627133689279    
   2.576568941876556       2.802650054782474       4.035492257282520    
   2.905395083968884       1.955708837065555       2.706847496051349    
   1.544959969683501       2.250058333958366       3.419026544130517    
   3.118027481246411       1.961955906754786       3.295503245630276    
   2.497846592476018       2.290970302772703       4.278135055843723    
   1.883372074410595       2.057784728624172       2.909218041241570    
   3.449274859110987       1.639049706418681       2.567674073572258    
   3.256883021550143       1.519717390503508       2.710838972365907    
   2.533386160426903       2.611409403170508       3.269992662810765    
   1.864637403280164       2.318409279638748       3.107399415163564    
   1.961818454771371       2.983725371192611       3.543788851770613    
   2.844241829937577       2.547550008339868       3.325699220853261    
   1.600206303763612       2.403629993307977       3.508846215076958    
   2.369444062207323       2.814582552631500       4.111589710327003    
   3.456120906586022       1.561800095071770       2.532066308805633    
   1.991218071945742       2.688383669718304       3.872773655013710    
   2.017815626286506       2.650197867625322       3.910155202066655    
   3.210214382589974       1.336713542009356       2.324044895439390    
   2.155396256712794       3.222794619269727       3.931223278678468    
   3.116520363419928       2.008943021766808       2.849539261820401    
   2.511998452044705       2.426383277884680       3.456165653736214    
   2.198969578918263       2.360387079048055       3.638310395286370    
   2.104876716251645       1.943654465984272       3.151045640887328    
   2.632419627886606       2.649288301052983       4.441090124375695    
   2.369456470683651       2.326798661281241       3.514034247343649    
   2.682024522500445       1.998596860921033       3.460281471033329    
   1.874257073272888       2.869355386069121       3.629258657028537    
   2.302404605029840       2.844124353215275       4.197708094415830    
   2.761059848493032       2.176388806323404       4.504027571113237    
   3.694122641168274       1.386510835294335       2.361028577297344    
   2.250088331911291       2.906149431971570       3.872507497202751    
   2.968073828598341       2.015188184107406       3.932520300174842    
   2.641753558387217       2.051919671262631       4.061257688406701    
   3.346986855523500       1.656453464091173       3.196791263272882    
   2.990888035386764       1.667511943124794       3.562194671353873    
   1.943041838216362       1.993818368241734       3.507997223227449    
   2.528565125345255       2.843648645909512       4.493240263103826    
   2.481003718236384       2.536993688035786       3.517259062375835    
   1.911730539070019       1.935128200306781       3.503086844306797    
   2.044237445179641       2.584918850395814       3.604205998270311    
   3.568217178575605       1.258292403749992       2.423410322639189    
   2.036434398566213       2.777259368304700       3.711229595754908    
   3.540831307585432       1.310913412960093       2.590399763685078    
   1.866158994790786       3.263003411705831       3.864643362083739    
   2.282086448913191       2.922825855891294       3.667302533688468    
   2.269233971945344       3.478075707370333       3.753057895126310    
   1.951103378585540       2.456664534474211       3.175634760587679    
   3.236952938237271       1.754105593494760       2.906811647904417    
   2.904826638715162       1.540907011485140       2.834360124835013    
   1.772676895744374       2.130370961037576       3.746989597716487    
   2.352690906409506       2.617866378892735       4.032412278479310    
   1.692647510599737       1.946081077965038       3.082087769101409    
   1.885452169464803       2.112371632462827       3.062637706207498    
   2.760899071482942       2.307952345994487       4.418863146114779    
   2.654235916535105       2.083812728558812       3.608202082927324    
   3.138214106728578       1.720002424629256       3.658008000048210    
   1.928586068999339       2.448366788813932       3.410299395222091    
   1.936618651755693       2.995516679968038       3.754815933500671    
   1.705676759524454       2.931360672199698       3.654643197242976    
   2.245898989183539       1.728291196689217       3.022640288245569    
   1.844981843075973       2.246831839487654       3.707929554529312    
   2.952258530518818       1.925519629869291       2.734672412526812    
   2.057143358590090       2.878308942956898       3.966294759712207    
   2.225841939129678       2.945798312757137       3.694797354931632    
   3.480691630538948       1.625233887434475       2.498787707495016    
   2.884695724536555       1.549618737638939       2.807164735906904    
   2.072223633091914       2.548407314931757       3.361935955674510    
   2.117269423425817       3.438726112427653       3.790457068231957    
   2.386402714225744       3.191417431845171       4.084410286543352    
   2.733850794268781       2.395110940310954       3.583998083738188    
   1.868549976962062       2.086858704309150       3.430951176283599    
   2.424728149310656       1.809716423016339       2.864230056131683    
   2.716249778283953       1.983605694537432       4.645356298532404    
   2.994386263655044       1.957324596157072       3.236840564284141    
   2.956781628936681       2.111925219126292       3.982020693823722    
   2.457053997795377       1.989628027241750       3.059133865323720    
   2.012595692707469       2.694861401001008       3.279399377769335    
   1.939872942892854       3.055885687440726       3.519195718545025    
   3.590831339084778       1.312523160724480       2.424305981094717    
   2.822599507276600       2.115222000924616       4.050135959891813    
   1.528001097767383       1.941475145907493       3.147925711605277    
   2.829445976227885       2.356283565717400       4.038051077022066    
   2.602870101876504       2.283579630428662       3.296199042577916    
   2.785412056282972       2.040670163480593       2.915654442343825    
   2.685098632108790       2.238841931275887       4.628881352589249    
   2.376556414387760       2.497688049031986       3.998099357661909    
   1.938370835010594       2.609325092897540       3.218814303775953    
   2.573553859545799       1.681340542797652       2.623001639004344    
   1.625312143369177       2.065998661411866       3.470919546760074    
   2.489222211086713       2.303217835902330       3.816866994601471    
   2.924018423041623       2.084515860180778       4.097325535838601    
   2.626701954545297       2.359967286741573       3.738589666210218    
   3.047949678284355       2.196334834133284       3.081624964180246    
   2.972543095692832       2.212583461240132       4.263991909983571    
   2.893388795156718       1.984008702495683       4.329996550433584    
   3.099862667773172       1.795620945970866       2.872096085762553    
   1.744919835071633       2.597876592786101       3.685823904739130    
   2.021980445428213       2.162344609507032       3.695080801094688    
   2.155911672511880       2.207817424640181       3.582775348212301    
   1.898791002586306       2.173907223536695       3.716889005344790    
   2.159040784528950       3.021816581803971       4.066506469649713    
   2.639501005675183       2.315644919431376       3.837775980986732    
   2.879144670391848       2.589949819810230       3.447610127818847    
   3.315513189080985       1.617056119150397       3.527402183153160    
   3.079782875287691       1.736648070104352       3.473659745507529    
   3.323633367276562       1.858447194401075       2.903363219475221    
   2.500076718887660       2.370525178652501       4.283211752942047    
   2.365844937245235       2.220554671341346       3.524477543165783    
   3.112250363500568       1.897308525639727       4.002535836148163    
   2.281102596485332       2.562430208781118       3.670795580754739    
   2.049919311909126       2.224224433808333       3.729850797591292    
   2.423759809922929       2.206237594989500       3.312245522183433    
   1.795423752130926       1.841483060205100       2.948627395639735    
   3.148228513085317       1.931037601467921       2.897320410967291    
   1.676917822898152       2.067410826658092       3.608623003214398    
   2.747253290738866       2.697877559475000       3.429895315856886    
   2.745262077438710       2.143895856937172       2.865656183405862    
   2.152773873996367       2.476215588178293       3.170757045468638    
   2.210286768705794       2.851482406557356       4.094725439618609    
   2.916261450765840       1.741712393958253       3.662854687171555    
   3.087323203718953       1.798206911646304       3.848983601911944    
   2.271912752762945       3.264504387925593       3.597731423398168    
   2.421351108874004       2.209132316090201       3.788087283893812    
   1.282448778151134       2.048882096613149       3.202422451205910    
   2.804401168984628       2.182306180370504       4.232441637602649    
   2.206661108553684       2.802889351185986       3.317552658754797    
   2.624374284253900       2.322324341761781       3.322934683651214    
   2.632595554255363       2.234291052024057       3.667102088803156    
   2.639732768610385       2.106731372050935       3.159903098789542    
   2.655276899549343       2.573330443641960       3.108773701297928    
   1.203609320471940       2.304554670603631       3.172391806853099    
   1.707479667781848       1.840723391556543       2.952314615801175    
   3.461526654385594       1.668390408021389       2.673359172855081    
   2.270106469392538       3.180263675252498       3.950627696468872    
   2.710052573933694       1.878580320163489       2.818753386667274    
   2.555198588637758       2.089986005782351       4.453112018270573    
   2.430108774630984       1.945068170706714       3.905336508277176    
   2.589745064509518       2.268171855306448       4.580019426560429    
   2.591517854313282       3.061447716343441       3.381011129408662    
   2.675738992035619       1.968989800701783       4.183724084320868    
   2.727771282083648       1.756697465617969       3.107802654555475    
   2.163431057773952       2.563476435501546       3.675879388913801    
   2.703096815209555       1.885473819815136       3.812052397234338    
   2.033887015256751       2.220811299446840       3.714529345932802    
   2.865812221486598       1.994312261747341       3.739445652081128    
   1.890783064540716       1.788066213915797       2.775543913046960    
   2.658521238107807       2.029997276927594       3.391422087848347    
   1.957444933225526       3.731834474163510       3.893925725438609    
   3.561683480859741       1.621241080936756       2.435894189063986    
   1.859064952930619       2.477377743710121       3.350560155736336    
   2.798659897791912       2.058494431456487       2.787764292693943    
   2.436973796924946       2.477973131660276       3.857141235371440    
   1.431127752460989       2.021523653072810       3.048892126544405    
   2.413900503181078       2.878338095470664       4.041972043783010    
   1.941299976809559       2.790793731722286       3.816739834611049    
   2.057489870139850       2.614290921165585       3.556858973394655    
   2.984113552548252       2.296489851566113       3.791588172696164    
   2.633949889597524       2.669048256929897       3.407434232542845    
   1.784663348422584       2.993491373953517       3.566795226780623    
   2.296453445859348       3.384423320806048       3.801462996045084    
   2.504513288177866       2.601763265508648       3.279301596349540    
   2.625166477946404       2.853770800129013       3.677143064967207    
   2.044780628361301       2.484689296730648       4.029781478776757    
   2.774959391302948       2.472943862576960       4.320694681178280    
   2.831294215680295       2.158031508910224       4.089870632504868    
   2.833290069760842       1.785677355159992       3.917717442866601    
   2.615655595225221       1.545625824188079       2.670493134214169    
   2.792967341289127       1.499208876498004       2.646603385200703    
   2.503608906902316       2.261427878097234       3.590544547558248    
   2.505976077896531       2.415452958308958       3.427025564085652    
   2.744358438892912       1.945636314370275       3.022355540559214    
   2.060282823707351       2.299792636151309       3.568008594809527    
   2.208892011222694       2.218412797364217       3.052256836006244    
   3.538380824664608       1.318646746300707       2.617410741175587    
   2.212692000059683       3.409665766701345       3.667150981375699    
   2.974208561227253       1.680560889109096       2.622155903111342    
   2.069040511350412       2.908730155285017       3.831208031862173    
   2.304064689848084       2.619928495124726       4.161302784831709    
   3.513924153268183       1.188002055694069       2.247859457557281    
   2.566479964468452       2.331489103824762       3.711323184614994    
   2.505640248976799       2.437786576466080       4.229387122089960    
   2.123949772316615       2.853917172118312       3.933485307079257    
   3.022854063669342       1.661220183974586       2.927839376828313    
   2.510513990449719       2.555117121713956       3.388625436051686    
   2.828832526620587       2.034596075836582       4.383512868080278    
   2.256143775461457       3.033790959779427       4.121837998166664    
   2.843469939595654       1.594750635677036       3.017623529205526    
   2.529814391668472       2.588633810413028       3.449924035754814    
   2.277025438546658       2.487385094832693       3.329238881598518    
   2.833103066241379       2.407453807080726       3.286104527314643    
   3.137691662650895       1.682522795444893       3.688300917050903    
   2.805588535418559       2.378723410580211       3.740479354692274    
   2.788237514818200       1.857226560299010       2.838532671371262    
   3.224324799648273       1.570934652533784       2.509704325664152    
   1.997688930067842       2.407073953664336       3.866434690794681    
   2.120025883065431       1.921650253045592       3.513233678521751    
   2.100504893903838       2.400783640032333       3.119646204324808    
   1.955748121235875       2.249690005087611       3.623639711023449    
   1.982423174240519       2.186340809411005       3.878869627605171    
   2.796832917121476       1.953768509781129       2.780707060321662    
   2.376655963457801       2.023283320023046       3.490567452116714    
   1.371055521329726       2.218680630835626       3.089187802678146    
   2.633213239104855       1.864796592174127       2.705344642750936    
   2.852201007711214       2.069305954116771       3.088743483113114    
   2.846869968745964       1.856934678734516       3.957869354925390    
   2.831903528352714       1.819320761111172       3.128170170768599    
   2.364494688028087       3.107000349028112       3.504772183069723    
   2.321155308465522       2.929332289604437       3.585803657906453    
   2.213800315886232       3.073620743148623       3.668243064249767    
   2.974211863178658       2.077745500465659       3.076496884100029    
   2.821413115524527       1.878543613946841       3.595612457162416    
   2.546718597172176       1.677152253448516       2.700555517267367    
   3.475176811880112       1.447398434472259       2.757146639077909    
   2.882098047945398       2.322783576044975       3.049397155557336    
   2.881659538901911       2.174575882157376       4.246635091434520    
   3.150196375852996       1.856008077033648       3.398662311549655    
   2.122080253540350       2.915707226131040       3.832437077309643    
   2.235698105399022       3.563643512443194       3.964100740158351    
   1.951872888466962       2.831503959663164       3.736829782982006    
   2.746413740171960       1.648510904731995       3.235540131257006    
   2.567288085173973       2.173041402020855       4.496318780863657    
   2.800284969537949       2.626417991963872       3.283654330520987    
   2.644188015056386       1.774727817426229       3.399378882473084    
   2.712145111351936       1.653807485693294       2.748164441385336    
   2.655309176395825       2.295123003079402       2.995202060426796    
   2.589237512851040       1.906132453855458       4.149910861064148    
   3.377797946955531       1.681750496252358       2.680546080201615    
   3.239000351732554       1.484417538411385       2.520351684094141    
   2.118897391585062       3.221933437391818       3.780844311912370    
   1.990166453174912       2.173096051405542       3.791326393752816    
   2.712825319611178       2.000126952147135       4.207300154885156    
   2.878728977354465       2.167779387351451       3.732017807859151    
   3.241050740803465       1.405050254488563       2.593951089965771    
   2.649506367598304       2.369329411741727       3.671488030985307    
   2.767333750516972       1.869743267538893       3.725750031143789    
   2.915406845887957       2.234790318224031       2.892290354969184    
   2.503541020005856       1.747448827554206       3.480659420229247    
   2.721235753853263       2.491066708897893       3.271262104840587    
   2.414900936823278       2.854440305216346       3.957587765766764    
   3.224302689171805       1.839920434103378       3.319582501198195    
   1.977936798750326       2.698327268762127       3.754844741847361    
   2.875790469762808       2.269418020431060       3.484139861167666    
   2.353568616521938       2.070146218955307       4.208545471469334    
   2.363609042168778       2.464792356034160       3.787492997645478    
   2.454220121035393       2.206938534647615       4.306957158228429    
   2.509402119817684       2.284539522307757       3.490476986955932    
   2.615663492893441       1.935049254262052       3.651337080798483    
   2.565294406662961       2.471282318429025       3.893831427218029    
   3.059807806713355       1.939646249040859       4.389181223858644    
   2.400425397077757       2.261095858128479       4.104249991361225    
   2.292911711735515       1.949693036657777       2.870683503125460    
   3.138099596374246       1.679919124343197       3.441078424222970    
   2.235418595936491       1.893470701611991       3.216254536204550    
   1.935788525294708       2.571171600141762       3.925486419371929    
   2.453594374192030       2.146702559154186       3.525059048355974    
   2.994853869491296       1.812351856250441       3.325338754313252    
   1.756094402585689       2.449392366927027       3.247502480164514    
   3.420127310963583       1.595869435296245       3.293379223200880    
   1.429787995989632       2.510141581401978       3.386870397933000    
   2.687095086373953       1.918165219395462       4.310348772360829    
   2.323151609115244       2.665463992045247       3.849421128410114    
   1.832338891441327       2.462634906829424       3.275832464206625    
   3.057006676186431       1.791251270892825       3.882030177601608    
   2.130474001741520       2.505734997597412       3.170491060206880    
   2.848454051588491       2.376339287959793       2.953774819025913    
   2.658699085795035       2.565998604754843       4.620551226503943    
   2.340375719266847       1.705197719216934       3.007126300440290    
   2.235047725126336       1.866004437978606       2.792759795174750    
   2.490509027870494       2.026613436703081       3.437001010012235    
   2.620277611381989       2.555633954054678       3.931821593362600    
   1.909822863542195       1.900288113404505       2.843623493162283    
   3.154766542848139       1.584560949596716       3.226530286418642    
   3.149396614180462       1.586127811819170       3.070275522639159    
   3.005737114234402       2.289829759354198       3.777958941395891    
   2.941633325511706       1.771175187970729       3.394859719613285    
   1.375803008936304       1.951242627608647       3.060377061286395    
   1.745000576547933       2.040056397276404       3.080365908725443    
   2.441769581057619       1.821955200676870       3.679228664761848    
   2.536475531565499       2.264086511868094       4.047147895536265    
   2.417770186198767       3.040649581506209       4.394707854376130    
   2.954677374549124       2.217983858802648       2.879752602738643    
   1.499702260675731       2.331958908777537       3.216800984444804    
   1.469528912400367       2.391579844060881       3.259992974346417    
   2.478556218341768       2.462829024309162       4.258834988292975    
   2.824503778354750       1.652373561439302       3.169962933198845    
