   10.44060450483553       7.191191378852603    
   12.81649699189645       4.206956534188560    
   11.38523271728432       2.461762539598552    
   7.722584414024063       4.070123534083882    
   8.761835458557989       5.729027614175693    
   11.96253903925686       5.865695150213105    
   9.920385106691821       6.670872826523712    
   11.97741464342151       6.634955659607384    
   12.48356693080884       5.701769292380433    
   8.957402048523534       3.832784251116945    
   10.97872699547674       5.399845610088776    
   7.966660216685510       5.667190314542175    
   8.463288541298194       6.097329501689300    
   10.03317693913921       3.870488618346686    
   10.76355781305882       2.506143134438612    
   12.99514320453910       5.034597918669318    
   11.54773207393105       3.837991640246772    
   8.728592791025688       6.732658587355278    
   11.31259010716404       5.886557330338245    
   12.93718571008630       5.251913103392648    
   11.74189343419584       2.869916496809294    
   11.46328474444241       2.721144423813792    
   11.89411505824397       6.849513422597861    
   12.77253077902698       5.130965098462343    
   9.863504366317340       7.105561953968223    
   11.51009410753806       4.074400483037512    
   12.07678140000136       6.800173870429603    
   8.786630094660202       6.634619331160693    
   11.11476447376083       2.738429979056871    
   9.820174757897917       6.664078680220507    
   9.076675644967363       2.576477264790154    
   7.785772578239541       4.096458556289886    
   11.35396558981562       3.388560288366125    
   7.231200176211530       5.827217136968848    
   12.00224803879278       3.763952620620796    
   8.545721316217636       3.972214557202764    
   10.87961702983426       7.179722769326959    
   10.13081611785625       3.191460689799361    
   8.014574856111821       6.500701961547560    
   11.17832043157762       7.737749941446458    
   7.710241574798561       3.844778496582095    
   8.282819075686302       6.898469180386099    
   7.838005543400053       3.040053676497625    
   8.734670121729057       6.499951162432788    
   10.47852160790056       7.017179420513790    
   9.439303953540723       2.530164287551980    
   11.03745466991462       5.946479006730399    
   9.415857366010512       6.823929810304426    
   10.47849248084448       4.060948728217614    
   11.17462521860530       2.682444716442737    
   12.41520779269685       5.989083596664873    
   9.568201915510302       3.283350685416256    
   12.39713209922867       6.485242497748379    
   10.44325835477396       2.505975904941135    
   9.925525143954454       2.477161317447829    
   9.377338961228485       6.611739549805968    
   11.08383550764110       4.206005876967390    
   10.18522377546962       2.827527684197682    
   10.17322598848926       2.654022692966250    
   8.044688140908542       6.293747573407260    
   12.36974169791360       4.040146345009580    
   7.876664563496085       4.126914014327477    
   12.19570552207050       5.246877982780235    
   7.358977550129799       4.981692748068723    
   12.03699792574664       5.549141079096351    
   8.013434059173326       7.146332103156110    
   9.749370943466074       6.824781632732753    
   11.56352662219961       3.075128508524041    
   12.91342209598084       5.537507728243897    
   12.00748205822897       5.220891181643469    
   10.81548818802453       6.158523223935591    
   12.25387348969717       6.969973085281937    
   8.621230038264661       6.802924917890702    
   12.07212164202024       6.928961937820458    
   10.71597510052950       7.563469798286278    
   10.59978656460625       7.527937428468769    
   8.337040794641830       3.571591663552330    
   10.80090761745736       2.959142146460573    
   8.870428988245743       4.311797880675756    
   10.55827039170303       7.534306403115579    
   10.18383189392458       3.386600965096568    
   9.541195974800358       2.291177330253362    
   7.165401658992954       5.960184504679193    
   11.32391270241093       3.297116378666040    
   12.21334340961783       4.203422181605061    
   11.26967587784575       4.183645713466766    
   7.033450299908702       4.630430473516833    
   12.43307227082900       5.467217672722156    
   7.649910915756525       5.280892461325230    
   9.267310825607813       7.690685401418680    
   12.26800298077939       3.408996106422750    
   8.798506119646234       2.883014845439905    
   8.508188441424183       5.917047587298082    
   11.14391913062751       6.728368748651501    
   10.64585927438968       3.880499236543538    
   12.11044742181122       4.519956378885333    
   9.867880291444219       2.719453529959941    
   8.398063470476881       5.453435520003127    
   8.901989272932511       3.415328426136757    
   7.882934940435566       6.403503501953704    
   7.798216466940994       4.426728796553089    
   10.89480696754888       3.426207087566500    
   11.61207847421649       7.098782793645030    
   9.386341999860161       2.071218477639190    
   10.19964345471630       3.772018654239199    
   8.189113316161437       7.126717697499342    
   7.552202648208365       4.515327321757334    
   8.404191619385934       6.499002521596634    
   9.652749353375825       7.851706008111579    
   11.23916263941729       3.797926508478588    
   10.19197495920412       2.297024538015616    
   12.20645421054260       3.670189549674785    
   11.19505150170137       6.369231494520808    
   9.590259615214192       6.547492955864096    
   12.08109174505332       6.910711131376573    
   10.37207856653303       2.298176850905475    
   9.500504647731352       6.050616510270066    
   11.19156556422159       3.844028226057065    
   9.168624019727838       3.248236646593566    
   11.33652190371909       4.558070337424685    
   10.43616077980785       3.438902241791774    
   12.50701482037057       5.338598309467237    
   11.37961604597352       6.032843029123139    
   12.92103600717514       4.842120177128077    
   8.748647881119767       4.474661802361058    
   9.299328523673582       2.614726071689556    
   12.27810431670643       4.916163103832606    
   7.700549674583767       3.231719225863520    
   12.13202015736311       5.636079777331553    
   7.649741364815531       4.034629581973208    
   12.46831503522015       5.335727232940534    
   8.051083138322712       3.405481315991476    
   9.759816303263415       3.208526884222282    
   9.972496834521726       2.252978991735425    
   8.470591726614119       5.295398963226019    
   11.57225353337762       6.787755506539505    
   10.88150738932602       7.855667160295010    
   11.83572033649729       2.784405096600402    
   12.48843274172144       5.649337427933960    
   10.23403411830573       3.458001376800132    
   11.31390079278659       6.958143437740765    
   11.59177136120071       3.776903612571147    
   8.916352070823498       5.087838698798231    
   11.19136412924630       6.611530560132294    
   10.88870506229092       4.295724834594535    
   8.015642133461007       5.711494299785653    
   8.683589026216227       4.051796418558697    
   10.34017345217427       7.525257564038126    
   8.233795740056109       4.137501215965355    
   8.453121665567428       3.139247848925817    
   11.55056426937537       5.682407821794031    
   12.21640480000627       5.029523851156513    
   8.591338302752050       3.511117993098473    
   8.840603535782108       5.707060849786147    
   8.551987932898973       3.488815649528645    
   7.279974535068322       5.521013839613210    
   9.852800671217551       7.750758406699254    
   10.05066351829975       3.205940497079383    
   10.25905786073072       2.782994716871142    
   8.770679117355455       5.847034857077263    
   8.968215439062380       3.368829277276918    
   8.056510826067301       3.862156155825780    
   9.293190064543648       6.973536886672155    
   9.288030746544630       3.373147619431869    
   10.36973823690210       3.113356688344420    
   11.42934932054870       4.103933247280914    
   11.03039217933670       6.114401822924924    
   7.880844218987479       3.548997600783968    
   7.034976695963325       5.180507985960531    
   10.87493507605005       3.859647143518356    
   11.13920128520936       3.402236989689294    
   12.36932770374933       6.364156115238785    
   8.471193789903875       6.365481085297260    
   8.023021909764880       6.235331867418132    
   8.301347624813225       4.264596176278284    
   8.683297418389127       6.029426289983549    
   7.414779486564415       4.370123395693392    
   10.36711778114602       2.704799561041692    
   7.654185469697627       4.855287986574845    
   9.018913493830301       7.707752825670550    
   7.727405408551965       3.673745412673437    
   7.439777723591890       3.990458159728591    
   11.00165930593112       7.783819280776614    
   10.67347824712560       4.144076253811921    
   8.575513906568023       4.732879152243293    
   9.353171263616765       5.960935977840486    
   8.843426298931641       4.778611570161725    
   8.367290332404810       6.091074986972943    
   9.220883330290771       2.925767480735739    
   11.31917302344762       6.268840562724493    
   11.32232245938516       3.380375256254800    
   9.594538181890071       2.686906240618969    
   10.99053067981174       5.544516099636716    
   8.146612170610901       5.092251789244506    
   7.632270685985810       5.503635656655669    
   11.97785168594628       3.103927030876433    
   8.277752235810725       3.992662657883294    
   10.96803602642224       6.864346796031241    
   9.541940509979677       3.946371871416221    
   9.727114953973043       6.528871736377360    
   10.38226053863587       6.705832730655902    
   11.81533227422665       5.837865759668230    
   9.238364723899926       3.397796118962707    
   9.803533482466419       7.834960554968894    
   11.40416230523526       2.422221491973031    
   7.822287801640416       5.828239089937203    
   8.629874934185572       6.848379027391938    
   12.40137278441847       5.501422515780395    
   8.847531739287367       3.790376760735184    
   11.83025138404099       6.109291133277249    
   7.206868471048262       4.700733876523488    
   12.10597289329439       5.145819915041522    
   11.84640903970972       3.971363915487657    
   8.361305327651070       6.239887958311040    
   11.37172380630868       3.561657350360740    
   9.597356104781376       2.731046307815490    
   8.137124993314051       5.536097322316056    
   12.34082048770535       4.504557374770041    
   11.86010461543967       6.000355938420675    
   11.53909225908180       3.376424894970801    
   9.096490317564504       2.791873504982235    
   8.720670373661234       7.090001408772183    
   12.06833179462858       5.480196273064766    
   10.29717843942742       6.302940619865603    
   11.39982252271045       4.091017220275366    
   7.615191009090520       5.678093722062333    
   7.853300534865776       5.349114154373748    
   9.871262035367044       7.538274262192642    
   9.259004372955777       7.179369508892631    
   8.809956373997203       5.520837513710788    
   11.81450332284566       4.669689889144744    
   9.048163931071711       6.599877918204921    
   8.175245689890724       7.242893501879518    
   9.069101538796556       4.170528809163218    
   8.721004758908162       5.657478259031283    
   8.032797292255353       7.189944174210311    
   7.525139475472878       6.000260917144133    
   12.42252168517424       6.295799362631859    
   11.68558325318385       2.660029469622732    
   11.82992293758654       5.798831498850769    
   12.70152776103030       5.065668004570072    
   12.85997646242095       5.150344129864259    
   7.525096130949446       5.209486184745666    
   8.400402600541668       3.454235313066730    
   8.229256175501419       3.740499414931023    
   9.596924597408075       6.548433623570697    
   12.27800054877911       4.170438647892357    
   11.31501606554028       2.408403787195208    
   9.506927973030795       6.896793556221550    
   12.12048928286176       5.529058280984460    
   12.50545809470162       5.546544247507762    
   7.691626578302946       4.850344023997962    
   8.752414672226307       2.461401450858156    
   8.869782849306359       5.847686932156388    
   11.18509079814466       6.661789743326681    
   8.990226191838323       3.358003719296581    
   7.912219639691937       6.003272429763876    
   10.11886871212809       6.402815482644639    
   9.067626269577540       4.020994470968876    
   9.154835663736742       4.187737540428028    
   9.438510172804635       7.780399984105548    
   10.27997878606823       2.702792332395897    
   8.869857464319001       3.136774037029321    
   11.23925854584625       2.529610092939880    
   12.77391504960031       4.766487159836827    
   9.234529278897035       6.044764597384747    
   11.06620152682621       6.498057545217063    
   10.58170726014241       6.221356046172360    
   10.37380006611831       2.127906243023093    
   7.707847196066389       5.877740687898311    
   9.797331417254872       7.436247941002860    
   10.19915970060718       2.362726965395761    
   11.50412185074475       3.394079405208150    
   8.648037448441860       4.015864480875527    
   8.074805144674755       2.966371142443172    
   8.796673188477047       3.813243610023248    
   10.54623561310656       4.008254776615441    
   11.62165134537735       4.105434567319332    
   8.727897716007904       4.368755863159531    
   7.829666446998939       2.952696515016088    
   8.263671509099868       6.877725405130782    
   11.81301896956039       5.280105120454582    
   12.40285531147885       5.358740758241575    
   8.236382697072568       5.818934947990863    
   8.681411277486959       3.119647606627987    
   7.909161097370159       7.119376834192044    
   7.072294274255574       5.110467848854585    
   8.594476959309763       3.709758088174147    
   12.51804739277801       5.907570590877121    
   8.978035257323814       6.567085786026269    
   7.734648455263335       4.528887889929138    
   12.54353597432073       4.503980407256161    
   11.22732608464697       2.599473681365372    
   8.716677292723356       5.120878740572213    
   9.403755264518763       7.638128575845997    
   9.041332806884572       7.038230694177999    
   10.08336954667577       2.338579217897533    
   12.33417310377246       5.219633427406846    
   12.62139941971789       4.269548692843403    
   12.31442889615854       6.191714655457133    
   11.57791631867842       4.226401546474141    
   9.427299214043725       3.483050883431576    
   8.366142544861869       3.278370880417680    
   9.030227272127163       6.801048856013262    
   12.51205877771136       4.617737864859639    
   12.20220774298042       5.784492018350716    
   7.962562671211467       6.602790517865783    
   8.413116000675448       4.922030895569701    
   10.82992699016784       3.301375151312393    
   12.59900004767653       3.890470724313038    
   9.528086194832783       2.983356552211703    
   8.161193307775550       7.267901047560098    
   11.01980082271076       6.289839548309670    
   10.43529781264355       6.598922339051577    
   9.999538378091360       3.374873255688982    
   7.573296963007980       5.149876997114142    
   8.560746294304463       4.977467626952771    
   9.164515580116193       5.846063913569488    
   10.61813719026491       2.917839561177581    
   11.05042988733635       7.770993876390361    
   7.581405172044869       4.823183034733174    
   9.665480016750129       3.739366004096847    
   7.389889411502663       6.266270489773812    
   9.783999999895665       6.911169153775280    
   10.67025029928853       2.470037672985956    
   11.00872920602670       4.926561525065282    
   8.766499860885737       4.090956658137862    
   8.426206841103239       7.093445663529221    
   12.19820007386937       6.445500587803059    
   12.09577316919439       4.562660856472546    
   9.337715282632313       2.772465394593587    
   10.63721348706945       7.885532449192924    
   8.182787431328943       6.763985566579339    
   7.882420471569794       7.010986918100802    
   8.690492512956082       2.563827568687742    
   11.67242530166524       4.304601083692511    
   11.54371856665385       4.346891666016949    
   7.880335772334140       6.657859490026525    
   12.31736258780449       5.303655580369127    
   7.171745187826772       4.605451397721275    
   9.870447512939203       6.386830792141483    
   12.50565305034407       3.355320885294449    
   9.685853983959825       7.768221369054620    
   12.33943630473198       5.212834178002571    
   9.288715879271813       3.297010936563628    
   12.63857798432872       3.856463328336562    
   12.52399665740312       6.285354754963635    
   12.58501067618814       4.123108313361014    
   10.56698943442877       6.523174915008497    
   7.569827789834973       4.338519705378916    
   8.293562408181558       6.678114481822609    
   12.90271650791286       5.166434468034337    
   10.75241441411658       7.606892668748558    
   11.88041601671483       6.970030402959026    
   11.32133699310821       6.227706456962402    
   8.709013065858736       2.814847116412446    
   11.64230185328265       2.495571206416237    
   10.81012473625187       2.834946635324656    
   12.54842889655569       5.221160900983740    
   7.202413151405373       3.936668744148932    
   10.85789448515107       5.587513853121711    
   10.45776923373896       7.184152040908772    
   11.77716403653354       6.710378652724986    
   9.069729551859009       3.585558298489256    
   11.70287124358881       5.881053719755858    
   11.28616069619775       7.704985916780375    
   7.953333839713018       4.742839255595992    
   11.05158302487712       3.502491304963725    
   11.71984279770971       3.292845782495558    
   12.89259107921296       5.531714533173518    
   9.736810701480808       6.782722918416101    
   10.96455718302569       3.099821459253152    
   9.570662408841940       3.203617749476019    
   9.352357039862033       2.236834959207263    
   7.890785858413837       6.382020215127298    
   11.20724355081451       4.459653421742206    
   9.697353356385134       7.065446190937111    
   11.01379469962248       4.537866251591799    
   11.02908080493208       4.485247730232158    
   8.671240019305525       7.078277276650741    
   8.090254427254871       6.500257308323548    
   8.956223897503390       7.630257136271453    
   9.817892195242971       6.932950048021343    
   11.80411770021091       5.211989412473641    
   11.65785338573464       3.369929229192056    
   9.648955617015741       2.562799185678788    
   8.883294831364640       4.213425908249465    
   12.65987778892726       4.513881226704150    
   8.489963458771618       5.297818619857770    
   7.931282385914449       3.017990802978333    
   10.72830764190380       5.732152420081182    
   12.17839245243365       3.746879709500433    
   8.363301808203760       3.166780795877468    
   9.527844466944728       3.208288982327699    
   12.64645319703415       5.321354391003426    
   10.14055199771640       6.022920844045716    
   7.117792147645702       5.062778143934531    
   10.05986339516254       7.456749343663288    
   7.734051487394963       3.690008314319249    
   8.607864286539286       3.547097583340644    
