   1.000000000000000      0.9126351530178594      0.6590184678654012    
  -1.000000000000000     -0.1693858370480775     -0.8677625301679374    
 -0.4848444152359102     -0.7800864129350588      -1.000000000000000    
  0.2679314246048250      -1.000000000000000     -0.1009220793856475    
   1.000000000000000      0.5093469728428204      0.5945739082125123    
 -0.9963232576831896      0.7950081217994622       1.000000000000000    
 -0.8109104995766396       1.000000000000000      0.7181937105597136    
  0.6816949013113363      -1.000000000000000     -0.9849752718520716    
 -0.4793940044652701      -1.000000000000000     -0.7726719071150014    
 -0.2967426801922077      -1.000000000000000     -0.4657354594796413    
  0.3841329995669593      -1.000000000000000      0.7224315812472195    
 -0.9241244997609910E-01   1.000000000000000      0.1958337542881639    
  -1.000000000000000      0.5229841123103853     -0.2060230482816805    
 -0.6293717658479623      -1.000000000000000     -0.2659466645443599    
  0.2344096540913381       1.000000000000000     -0.5741400046378433    
   1.000000000000000     -0.7645862641703669     -0.4013417025418961    
  0.6500059093641917      0.6493201476812194       1.000000000000000    
  -1.000000000000000     -0.8234333320723137      0.5559880171807534    
  0.4906061372354815     -0.3826501609071293      -1.000000000000000    
  0.5270734491543723      0.5234612921954931       1.000000000000000    
  0.8774989096749004      0.1241765716098002      -1.000000000000000    
  0.2206450742018751E-02   1.000000000000000     -0.2622988369995356    
 -0.4565527967727532       1.000000000000000     -0.9419268825782974    
 -0.9651154419263218      -1.000000000000000     -0.7713626575643567    
 -0.2921854813454761       1.000000000000000     -0.5866944816119709    
 -0.5741520857542863      0.2258951054359486      -1.000000000000000    
  0.1741792694856794     -0.5690167125397689       1.000000000000000    
  0.4465934453916813       1.000000000000000      0.7103522361798573    
  0.8900349920968491       1.000000000000000      0.3945144215674401E-01
   1.000000000000000     -0.3786609002711605E-01 -0.4153742322147096    
  0.8052796859297178      0.3356830222458944      -1.000000000000000    
 -0.6861030188024437      -1.000000000000000      0.9288083285606330    
  0.4815798296190972     -0.8780227750130154E-01   1.000000000000000    
   1.000000000000000      0.8107720360091575E-01  0.6645618795770583    
 -0.7084884716856910      0.4342566371297829      -1.000000000000000    
 -0.2754767524812390      -1.000000000000000     -0.2400464943266427    
 -0.4614294737216450       1.000000000000000      0.5225696048466399    
  0.8273500081245848     -0.7284118289869266       1.000000000000000    
   1.000000000000000      0.5435616864676556     -0.3587341687788368    
  -1.000000000000000      0.3589515291177245      0.8983510870873770    
  0.5867223615790071     -0.9572675339701173       1.000000000000000    
  0.9828123113876457       1.000000000000000      0.4090550538382183    
  0.9882911088703716      -1.000000000000000     -0.9077096413439937    
  0.1240580133146800     -0.9569692229674416       1.000000000000000    
  0.4575770102871373      0.4968131889249867       1.000000000000000    
 -0.7296123820171979      -1.000000000000000      0.7202404502431139    
 -0.9187512378804205      0.5479450157715378       1.000000000000000    
  0.7914544090574545     -0.2574538213023025E-01  -1.000000000000000    
  0.7866894991994657     -0.1095853695694903      -1.000000000000000    
 -0.5426224430997241      0.1445992286386222      -1.000000000000000    
   1.000000000000000     -0.9957601707411189      0.2588103577104022    
 -0.1743168445620272       1.000000000000000     -0.6024174353422918E-01
 -0.4829827461119688      0.5089865547315857      -1.000000000000000    
 -0.1920437632518023      0.3204717436669353       1.000000000000000    
  -1.000000000000000      0.3686893317911510      0.5616006280223780    
  0.8217565573822956      -1.000000000000000      0.1911096950322821    
   1.000000000000000      0.7083177936797374      0.6971598907861767    
  -1.000000000000000     -0.2320567487362334     -0.1777753286394186    
   1.000000000000000     -0.2112169886476493      0.7607249866896115E-01
  0.5504860837826191      -1.000000000000000     -0.3893515707266382    
  0.1681513390670237       1.000000000000000     -0.6099415596826729    
  0.7122067592656807      0.5900449722025658E-01   1.000000000000000    
  0.6020184929483752E-01 -0.1875179611517190       1.000000000000000    
  -1.000000000000000      0.7179416173711450      0.4447646808256374    
 -0.8400080818022340     -0.1583070826129518E-01   1.000000000000000    
  0.7567185375641976      -1.000000000000000     -0.6524442516694968    
  0.3694624990291095     -0.4437776028676087      -1.000000000000000    
 -0.8623574254466033      0.3587506409756518       1.000000000000000    
  -1.000000000000000     -0.1156837601288800     -0.2969557016047875    
 -0.9344762479615880      -1.000000000000000     -0.8265583402692427    
  -1.000000000000000     -0.9779949895946725      0.8382099017639839    
 -0.2061794219986358      0.7424551730719122      -1.000000000000000    
  -1.000000000000000      0.9336084405493115     -0.8429379723317649    
  0.7414991592728037      0.3763714429085863      -1.000000000000000    
  -1.000000000000000     -0.5713799798954118      0.8166782779669162    
 -0.8818059842639547E-01  -1.000000000000000     -0.4838695589184644    
 -0.3956762847789463     -0.1313177436728897      -1.000000000000000    
  -1.000000000000000     -0.2826065520587963      0.2316801841799472    
 -0.1511433949914596     -0.2670388684375783      -1.000000000000000    
 -0.8436545067752603      0.6987047668109416      -1.000000000000000    
   1.000000000000000     -0.9832823751425265     -0.2687900566364909E-01
  0.2445526742858244       1.000000000000000     -0.4189392018526814    
  0.8888349773710260      -1.000000000000000     -0.4190469549432864    
 -0.9221712164259485       1.000000000000000      0.2060775873480281E-01
  0.3546019611885085      -1.000000000000000     -0.6971901886777556    
   1.000000000000000     -0.1425909983179446     -0.5269079690708475    
  -1.000000000000000      0.2436820031621987     -0.4365717496259317    
  0.5386045367290258      0.3264501696341169       1.000000000000000    
  0.9732671667586965       1.000000000000000     -0.6968906697497002    
  -1.000000000000000      0.5411961438909618     -0.1164082573803917    
 -0.4735810083957633      -1.000000000000000      0.7395847139611822    
  0.2002890887969322       1.000000000000000      0.2477931962843758    
  0.6602510583922525      -1.000000000000000      0.1466199033971161    
  -1.000000000000000     -0.2624472665349262     -0.9512079981885565    
  -1.000000000000000     -0.1383765494618774      0.3053339585463375    
  -1.000000000000000     -0.1200473640300226E-01  0.2363961511739745    
 -0.8898861221514494       1.000000000000000      0.6526677540713677E-01
  0.9386952126952526      0.6504414889325192       1.000000000000000    
 -0.4292473408831023     -0.3600577159936529      -1.000000000000000    
 -0.9701366396497570      0.9134974329250842       1.000000000000000    
  0.8549048070072403      -1.000000000000000      0.2583243423680257    
 -0.3427767043082395      0.9519312743706034      -1.000000000000000    
  -1.000000000000000      0.1562709962041220E-01  0.6446642211909570    
  0.8715670153775337      -1.000000000000000     -0.2831387488936995    
 -0.7129520204595710     -0.5846076093761687      -1.000000000000000    
 -0.1963437960052983E-01   1.000000000000000     -0.2520026263486551    
  0.5918596216530616     -0.6153374647996110      -1.000000000000000    
  0.4174365574758336       1.000000000000000     -0.4641766862594123    
  0.5824345133281590      -1.000000000000000      0.2021601233006878    
 -0.2948066188836205      -1.000000000000000      0.9345158570051340    
  -1.000000000000000     -0.5691822020420884     -0.2452693392200492    
 -0.2417836018501456      0.3430043771820002       1.000000000000000    
  0.8726000309271429     -0.2112785462758890       1.000000000000000    
  0.4412028609112162E-01  -1.000000000000000      0.8151089407547190    
 -0.4640311251975527     -0.9711207197859857      -1.000000000000000    
  -1.000000000000000     -0.8500686678416394      0.8958997184787842    
 -0.6134298451511417      -1.000000000000000     -0.2473363342381332    
 -0.9817688725813457      -1.000000000000000     -0.7425930675919032    
 -0.7616867887734904      -1.000000000000000      0.6847512328502621    
  0.6139720088946736     -0.9724450753887969      -1.000000000000000    
 -0.8088633165836937      -1.000000000000000     -0.7560947927570634    
  0.3148183483471063      -1.000000000000000     -0.6412780516231156    
  0.3978668848142175E-01  -1.000000000000000      0.7511785484630036    
 -0.9421344287454587     -0.4533438736178490       1.000000000000000    
  0.4253243716730544      -1.000000000000000     -0.1846334241689455    
  0.8660407157868697     -0.4536881146559559       1.000000000000000    
  -1.000000000000000     -0.3189273492415107     -0.2119580978999313    
  -1.000000000000000     -0.4700995281013500     -0.9627683292920648    
   1.000000000000000      0.4544651234939676      0.1953318533766253    
  -1.000000000000000     -0.6198350767060701E-01  0.2431874122015514    
 -0.7491620256461182      -1.000000000000000      0.2680084477757452    
  -1.000000000000000     -0.9615364707847575     -0.5434644453205235    
  -1.000000000000000     -0.5077546944672020      0.1668505263675859    
   1.000000000000000     -0.1137002890166716E-02  0.8903933110069997    
  -1.000000000000000      0.2628229982776926     -0.7338668265212486    
 -0.9975310657257186E-01 -0.5504613665870476      -1.000000000000000    
  0.4151462098838454       1.000000000000000     -0.9705542391044516    
   1.000000000000000     -0.3585964643542198     -0.9307758323562437    
  0.4505856499477086      0.9930199579182564      -1.000000000000000    
  -1.000000000000000     -0.6227808276496548      0.9226300267990180    
  0.6428621166649449      0.5835962451082142       1.000000000000000    
  0.6760196944168009     -0.1369944499967710       1.000000000000000    
  0.6384117367922755       1.000000000000000      0.3393496978969917    
 -0.5496262570846258      0.4314975781688615       1.000000000000000    
 -0.1425098093411464      -1.000000000000000      0.1342025832299314    
  -1.000000000000000      0.1312293675742113     -0.4280181766920045    
   1.000000000000000      0.9709284453408402      0.3943825919350257    
   1.000000000000000      0.8789024053448447     -0.2872717023678413    
  -1.000000000000000      0.3536171257496716     -0.7569663244227484    
 -0.3330143575596715      -1.000000000000000      0.4377017241319330    
  0.4528787607737768       1.000000000000000      0.7380468945675682    
  0.3541585389527770      0.3425653805911451      -1.000000000000000    
 -0.7987184812415087     -0.6151404751832357E-01   1.000000000000000    
  -1.000000000000000      0.3842486884572258      0.6770812857275810E-01
 -0.2948213049187043E-01  0.4938336840479178      -1.000000000000000    
  0.8882964335727743     -0.4018392672155253       1.000000000000000    
  0.9442357168178304      -1.000000000000000     -0.7482007386985902    
  0.9901849160737313      0.3788621673371551E-01   1.000000000000000    
  0.5209994378260283      0.4375528913338673       1.000000000000000    
  -1.000000000000000     -0.8126117930905209      0.4335936937812206    
 -0.5907873472371945      0.6370553474181746       1.000000000000000    
  -1.000000000000000      0.1333563174143835     -0.6803722110188581    
  0.9842496895041910      0.2845332571952262      -1.000000000000000    
  0.6941553389197759       1.000000000000000      0.2313034222888437    
   1.000000000000000     -0.1760476228173103     -0.8323959595763099    
 -0.7889245039937243E-01   1.000000000000000     -0.5570488961447305    
 -0.3207971115586289      0.3629466366062182       1.000000000000000    
 -0.4306240899000153       1.000000000000000      0.9885843367144329    
   1.000000000000000      0.7005596866401820      0.3066548701182663    
 -0.5159676315221084E-01   1.000000000000000     -0.5048738185134708    
  0.5857326832627803      -1.000000000000000     -0.4242642556734039    
 -0.6093445921566463       1.000000000000000      0.6095726971640818    
  -1.000000000000000     -0.5609751910021250     -0.3100347832721867    
 -0.7546018435537902       1.000000000000000      0.3499430311829419    
 -0.5074737107210343      -1.000000000000000     -0.7895344131688548    
  0.2951180577037444       1.000000000000000      0.8535721738093824    
  -1.000000000000000      0.3639139240650968      0.3013229720079402    
  0.3351916918455822      -1.000000000000000      0.6367202109895609    
  -1.000000000000000      0.1670127310951834      0.9829725519559325    
   1.000000000000000      0.4034841513467924     -0.6418670693796420    
  0.1401652540131115       1.000000000000000     -0.9544978821462280    
 -0.2459051913262273     -0.9285499509128970      -1.000000000000000    
 -0.5919930290608864      -1.000000000000000     -0.2841545899237032    
  0.2138077873160216      -1.000000000000000     -0.2166952618051643E-01
 -0.1997256480578519     -0.7889661983646861      -1.000000000000000    
  0.6674984877363226       1.000000000000000     -0.4446959269734294    
   1.000000000000000     -0.6928255295975343     -0.3186756732854555    
  -1.000000000000000     -0.1513929680211403     -0.4616127784935017    
  -1.000000000000000     -0.5385062236296099     -0.6741001334558436    
   1.000000000000000      0.9559865816190225     -0.7335209938528610    
   1.000000000000000      0.6186589186243610     -0.1995532444167355    
   1.000000000000000     -0.3934403310819511     -0.5516439562674923    
  0.5200274099352429      0.1006801300569968       1.000000000000000    
   1.000000000000000      0.4809093518709031      0.6434782079687267    
  0.9382427882955111     -0.9534553978399986      -1.000000000000000    
 -0.9145536580701542     -0.9033311092826952       1.000000000000000    
  -1.000000000000000     -0.4124565401482660     -0.1570697507134727    
   1.000000000000000     -0.9305877973970287     -0.3891107903133879    
  0.2149477447742731      0.6267474989603969      -1.000000000000000    
 -0.1467793189191702      -1.000000000000000     -0.6470212413403358    
