  0.3974309920510559     -0.5803070672868211      0.7108391619869311    
  0.9306895237064797      0.3657524663535071      0.6491827118205160E-02
  0.5990489918454619     -0.2251269052420985      0.7684127679216756    
  0.9508539747925873      0.3096389523207911     -0.6616848349628446E-03
 -0.1307644142074720     -0.5658843497898615      0.8140488748471325    
  0.9437387300200155      0.3305643827246100     -0.9186856595471762E-02
  0.4776717390211001     -0.6125637312890247      0.6297581955400228    
  0.9567521740373325     -0.1276035550401232      0.2614241959267736    
  0.7251945874991828     -0.1506496905849785      0.6718612066405830    
  0.3905653124931213     -0.4480595326864160      0.8041774629060310    
  0.4678838682421518     -0.3289837012669362      0.8202770325563602    
  0.2358089297676591     -0.4265900073396981      0.8731638530537937    
  0.7117478207016628     -0.4788937384055312      0.5138830869394407    
  0.9110021281309871     -0.7677205614860017E-01  0.4051927614550003    
  0.6878754678388819     -0.2945282101626415      0.6633856149810832    
  0.6764048768595614     -0.2853871950753187      0.6789923353379209    
  0.7010911916598580     -0.4731680181952614      0.5334633703771317    
  0.9658959516711670     -0.8801022006158971E-01  0.2435142946727379    
 -0.8316194182533881E-01 -0.5680545644550721      0.8187784213287483    
  0.9196178542302060     -0.2799945946652675      0.2755104882563711    
  0.8673946064038741     -0.3582293786815476      0.3453958729210594    
  0.6951560867911837     -0.2118657756925217      0.6869286047962876    
 -0.2318030344779845E-01 -0.5243897711594351      0.8511627584871316    
  0.5664745129639915     -0.3081545243755420      0.7642953717438644    
  0.2805672750742182     -0.3948549348634031      0.8748551791990751    
  0.9855720773464852     -0.9611598832341711E-01  0.1393176124671477    
  0.9864934399032137     -0.5576802933480490E-01  0.1540149990489135    
  0.4993116038452137     -0.5927253632161142      0.6319529777331900    
  0.9497227269849138      0.3125986938809111     -0.1757266150266627E-01
  0.9829581919982999      0.9119220838686137E-01  0.1596157069744717    
  0.9541737591744583      0.2935161855155094E-01  0.2978102076680498    
  0.9547016366918676     -0.6150763866528097E-01  0.2911384469349427    
  0.9870089634909010E-01 -0.6035451295424942      0.7911961891120434    
  0.8382071900790363     -0.1190177672559944      0.5322062359435525    
  0.1131190081059550     -0.5348441088393248      0.8373445343733925    
  0.2213421785933035     -0.6347837653330999      0.7403088620603578    
 -0.2991872306704672     -0.5646167854908906      0.7692170607479207    
  0.9612011508539258      0.2233302808338020      0.1619133510856461    
  0.8009067673779067     -0.2168317933863777      0.5581508069913713    
  0.1303520973558875     -0.4730698820155921      0.8713284211160995    
  0.9245770475625552     -0.3658044963885859E-01  0.3792349586005063    
 -0.3299312895435785     -0.6024822608281394      0.7267464960820418    
  0.5097818816908922     -0.3560041519438826      0.7831880214216826    
  0.6084455904111343     -0.3253394630428771      0.7238426605942886    
  0.1385943518735085     -0.6217675341555422      0.7708415784705044    
  0.8024103159066402     -0.4071905510313089      0.4362723232998225    
  0.6195230219782643     -0.2624455285364655      0.7398064407601047    
  0.6934797764070310     -0.3093859717622784      0.6506659052010986    
  0.4885193503999282     -0.6007621330513460      0.6327983120840552    
 -0.1881025303809134     -0.6106872458770218      0.7692064259920319    
  0.9599554175534852     -0.9640434796940212E-01  0.2630433386389178    
  0.8232339248099625     -0.4007731395350493      0.4020780964802793    
  0.3949730693499106     -0.6234935941854756      0.6747236563942220    
 -0.1770309239690133     -0.6374984669879080      0.7498371533518092    
  0.9496745948546510      0.2671216137643581      0.1635976997013696    
  0.7720383352533147     -0.4802873611597404      0.4162701762191277    
  0.2869006485389906     -0.5560508130680581      0.7800612226961792    
  0.1942710619550151     -0.4093428769973493      0.8914578865759187    
  0.9616279866098242     -0.1763245597098643      0.2101933990682349    
  0.9733974159208525     -0.1567753025818504      0.1670897219429607    
  0.9945900330461349E-01 -0.5555294264203904      0.8255270819559375    
  0.9265199372486912     -0.4238823824538940E-02  0.3762217939637017    
  0.6292301496401458     -0.5440372014837782      0.5550612058012512    
  0.9324449936199370     -0.2701353522007705      0.2399442130256138    
  0.7011618693644894     -0.5130469099705798      0.4951311958652318    
  0.9146031629330857     -0.2607610444243491E-01  0.4035109554025795    
  0.4692885515641934     -0.3140272686234592      0.8253212283297159    
  0.8225699824830941     -0.1353946504685448      0.5523105218464183    
  0.3637508711075862     -0.5160042726619369      0.7755158891751335    
  0.9286694122294430      0.3687779020632218     -0.3969863649131464E-01
  0.6115815188331788     -0.3338568376106570      0.7172918916329067    
  0.5428359783466152     -0.3846451508959554      0.7465769943580509    
  0.6028786718800294     -0.5290858952839406      0.5971644852163959    
  0.5679773316207526     -0.3040816813627224      0.7648111412790672    
  0.3777565032525702     -0.4690569545859027      0.7983016958550128    
  0.5909160724758120     -0.5110778097979419      0.6241936138906737    
 -0.1980827567185260     -0.6054157935215074      0.7708663557618224    
  0.8699141846965391     -0.3177515797886007      0.3772045132359949    
  0.1678709055435187     -0.6342077006917923      0.7547184584036810    
  0.9154950038539034      0.1215251668215727      0.3835368714315880    
  0.7461162536537334     -0.3284550960011619      0.5791612780086264    
  0.6619737889876871     -0.3219565051490179      0.6768564925340640    
  0.2174109712445437     -0.5955242837855830      0.7733584531148365    
  0.7776207469009009     -0.2317047236704316      0.5844817319797891    
  0.4564831346360242     -0.4600831466855471      0.7615422811169416    
  0.6458009303931646     -0.5352405500838058      0.5444802217246355    
  0.7311183358892697     -0.2733501450484045      0.6250965342477280    
  0.6661047390108490     -0.3346507423205732      0.6665683440815190    
  0.9016159449523786      0.3177775151140577E-01  0.4313685921767006    
  0.6431022340065493E-01 -0.5139489167004362      0.8554067489730287    
  0.9482070492385432     -0.1868543394355482      0.2568829453436720    
  0.1676223639566599     -0.6448443079972140      0.7457067530505376    
  0.8760926119738773     -0.6075546530451048E-01  0.4782996013801617    
  0.7478225678394216     -0.1866471141884184      0.6371218578852786    
  0.9780215058727755      0.1466735962179107      0.1481917346644337    
  0.7681405928802265     -0.1670958952909575      0.6180930280682089    
  0.4951988830017934     -0.3260806565300193      0.8052636038656705    
  0.9676009804898114      0.2164375336220727      0.1300120632662601    
  0.9349780358095946      0.9049997747145694E-01  0.3429662179155525    
  0.9517311095623211      0.2978016377057439      0.7431069688174127E-01
  0.5295626311816166     -0.2645073749060646      0.8059772132488026    
  0.5864290009369663E-01 -0.5108356178894948      0.8576759188435097    
  0.7134060801791550E-01 -0.6774855251133052      0.7320682214859374    
  0.8562396795376794     -0.3855839954305150      0.3437711355728582    
  0.6785824335750734     -0.2517441947529095      0.6900367680432257    
  0.9932509212039948      0.6400004385881514E-01  0.9672952968708878E-01
  0.4490690974822435     -0.3195551239176296      0.8343988665287553    
  0.8333639568472191     -0.1764641944101533      0.5237985333304417    
  0.7865666487734123     -0.3258700577930487      0.5245203642103121    
  0.6010172710937811     -0.1920012479198565      0.7758310129430263    
  0.5859743935884696     -0.4850970802876575      0.6490876926540936    
  0.7607373168142650     -0.2919116155154924      0.5797122937573151    
  0.9586873783699911      0.1013843767137565      0.2657813362755870    
  0.9286022083371159      0.1571929838254242      0.3361373298333458    
  0.9376229358777151      0.3456447887987503     -0.3732171073680150E-01
  0.4546057085368923     -0.5070639008119621      0.7322703396007699    
  0.7606495217415753     -0.2107268404725950      0.6140085535061790    
 -0.1493957702641170     -0.5389199564096439      0.8290031269003869    
  0.9709335174704617      0.2032279692916616      0.1264377204398432    
  0.9762379702998946     -0.1285088882694867      0.1744846439675498    
  0.6100710644881790     -0.3133896109607797      0.7277363863488695    
  0.8180088271047885     -0.3819577547187213      0.4300811927867589    
  0.8661335371279861     -0.1475742244915370      0.4775296264399571    
  0.3469264968497355     -0.4987289801611675      0.7942993202382663    
  0.5546823257888138     -0.5505334030220004      0.6238914085115516    
  0.3366902554688983E-01 -0.6015977423204193      0.7980893140204904    
  0.5761677524639950     -0.2033967198848590      0.7916189079100301    
  0.9771642926099446      0.7448334632422560E-02  0.2123545797935847    
  0.5171392679490546     -0.3379430916520281      0.7863596151569486    
  0.5897744057679551     -0.5361901355840543      0.6038760541728814    
  0.2499211473181425     -0.4384748646047639      0.8632955538128395    
  0.3438588209383292     -0.5000198106133680      0.7948215524613521    
 -0.2483677319197660     -0.5955765041398591      0.7639385429846930    
  0.3875960062694866     -0.5033348339836824      0.7722845206415594    
  0.9639986682376204      0.2427848940667543      0.1084530444436172    
  0.9883928850786577     -0.6710974491559879E-01  0.1362930183951132    
  0.6481929096919733     -0.2937585470655132      0.7025324674710858    
  0.4529275937417679     -0.5044733031268059      0.7350940628651694    
  0.9842953047685610     -0.5454324625476192E-01  0.1678921895102874    
 -0.4281271198379150E-01 -0.6705709547745636      0.7406089834084671    
  0.4368136615438153     -0.3632438921361344      0.8229506059992162    
  0.8717630312095546     -0.2122787933208320      0.4415505988248469    
  0.9493284992924717      0.2888939439928305      0.1237565737864899    
  0.9117069253757488      0.1508104190727893      0.3821605679828682    
  0.7972082754433812E-01 -0.4809727091438604      0.8731035692943085    
  0.7090012349237759     -0.2499067559682083      0.6594420840362004    
  0.9267070644726887      0.1964864270423252      0.3203234313074099    
  0.6526638646333955     -0.4132153829948669      0.6350456102188299    
 -0.2711173145693996     -0.6007527602752775      0.7520581910745421    
  0.6447882297878569     -0.2695269634334430      0.7152645347767422    
  0.9744695292401157     -0.1959403241705238E-01  0.2236631629844019    
  0.4601340218556477     -0.3828582745914769      0.8010594381865703    
  0.7134207449745384     -0.3037672458453315      0.6314715361689048    
  0.8169643613560257     -0.6105016719975737E-01  0.5734475646116415    
  0.3283503464702445     -0.5610193664838092      0.7598969143265261    
  0.8420465997541311     -0.1857264751250815      0.5064219587262371    
 -0.3415704639565432     -0.6158194430553665      0.7099972054223102    
  0.6927939322483216     -0.2778058091627914      0.6654776478855730    
  0.8006025809880351     -0.4533203868203410      0.3918368719356987    
  0.8108887281681874     -0.1062372342386514      0.5754764292228670    
  0.7768931598359068     -0.2970754491065004      0.5551425003891806    
 -0.1501953025465022     -0.6365998085193162      0.7564271642968241    
  0.5282121719783983     -0.2579219494271737      0.8089920700337856    
  0.9824131832841948     -0.1120320799792461      0.1493758694198601    
  0.4726656317655298     -0.6128215121259124      0.6332748177714024    
  0.9570798557191321      0.2856443012271501      0.4904572308671273E-01
 -0.1608545378075475     -0.6326472131219205      0.7575508705003167    
  0.8407054631946563     -0.4131637698426140      0.3500143189129522    
  0.8227748893670779     -0.3453875820344143      0.4513855332234444    
  0.9506032283670822      0.3072005402915728      0.4451213612765253E-01
  0.9753491209732928      0.4858041045777378E-01  0.2152534225892339    
  0.8601746046715941     -0.3438526869394470      0.3766496769713063    
 -0.6427235113164911E-01 -0.5570527752429419      0.8279862743271451    
  0.9829889801532556     -0.1175765706495020      0.1410971825784096    
  0.9847040274235382      0.6438257224279043E-02  0.1741164185818718    
  0.8592170004455775     -0.3431424128582789      0.3794725690258821    
  0.9895630540168063      0.5980904321912628E-01  0.1311024045322741    
  0.1413138479402595     -0.6298207854398857      0.7637775688040352    
  0.9455263750094732      0.2494328257156561      0.2091964139677072    
  0.5238218311746065     -0.5762206077281371      0.6273599448596464    
  0.1626863124103897     -0.5405007470038952      0.8254647819516835    
  0.1885543143912156     -0.6649430693496347      0.7227018645668113    
  0.4359186178985254     -0.6286409183212737      0.6440384727495907    
  0.6053146244004309     -0.2081280585107239      0.7682948110898068    
  0.8231805227030664     -0.2295226030017384      0.5193199416098064    
  0.9610060735282531      0.2692803585078244      0.6289209142418020E-01
  0.4772825227723701E-01 -0.5122753800864831      0.8574939935018844    
 -0.1261755797192477     -0.6596738981507715      0.7408846544375698    
  0.4708873442048030     -0.5059242352622766      0.7227072555620484    
  0.7531005215494437     -0.4827430203338118      0.4469885689376685    
  0.2240340652837540     -0.5508644336924418      0.8039633780746113    
  0.9944359023091304      0.7115454858860243E-01  0.7768054076651441E-01
  0.8362461803641128     -0.1620863119833196      0.5238514610975881    
  0.3699012922591488     -0.5078202734939138      0.7780048867543046    
  0.3566074568235122E-01 -0.6675235956390587      0.7437342001565352    
  0.1802983396854784     -0.4463926564828390      0.8764850854092465    
  0.9174101749860561     -0.2223529449473382      0.3300268757318101    
  0.6936620736489818     -0.4725815985648323      0.5435987125434556    
  0.8450360372224421     -0.5872281844903249E-01  0.5314750477574591    
  0.9904933639082830     -0.6230802011867653E-01  0.1226401511844476    
  0.9689677226841290      0.2127721193228622      0.1258156494049550    
 -0.2994362430189486     -0.6337717864591518      0.7132119313745899    
  0.7411586155384904     -0.3552519208246736      0.5696314416914223    
  0.5953207929780706     -0.5799593016165043      0.5560938427248208    
 -0.2703804613750463E-01 -0.5556265610742894      0.8309922193918695    
 -0.5600676166730256E-01 -0.5896607272896931      0.8057068135120443    
  0.8413716875784157     -0.1850944303230462      0.5077733108433682    
  0.5653798958993758     -0.2836059577788997      0.7745406600205853    
  0.8085792993331247     -0.1235355407582518      0.5752725326830055    
  0.3388476407256826     -0.4640540257567579      0.8184351761462755    
  0.1721706692276428     -0.6605411526221701      0.7307822154036595    
  0.7902137429755680     -0.1906931220138904      0.5824073948956507    
  0.7762142522157554     -0.2078682072804668      0.5952161313835006    
 -0.2058300208102493     -0.6512039195065455      0.7304570197845762    
  0.2010307146406169     -0.5326582699440968      0.8221081554340915    
  0.5802549461718011     -0.2207593792749167      0.7839448283554867    
  0.4672082629531115     -0.5361988054606415      0.7029987767065582    
  0.9568026187365180     -0.1205099775071578      0.2645866476226000    
  0.9671906574960768     -0.1913999824267162      0.1670577109245769    
  0.7494587319477524     -0.1670485979557963      0.6406296707367448    
  0.1312439215794459     -0.4866953702009565      0.8636565577087932    
  0.7840934395162741     -0.1524691228622060      0.6016233412037542    
  0.9375540940984243     -0.1988611027888685      0.2853884763561383    
  0.4649962870849876     -0.4630761367733161      0.7545455218529077    
  0.4281292265636837     -0.4273640781933882      0.7962821799035172    
  0.3080644349245276     -0.5824740983548885      0.7522102290452390    
  0.1373223676311047     -0.6701013835689997      0.7294564435846048    
  0.6313705544961600     -0.4825299223478293      0.6070717395450140    
  0.5317677507230937     -0.2400304521196037      0.8121628170177211    
  0.7188433438111232     -0.5188610795761464      0.4626525987817632    
  0.1030476527713137     -0.6417654898526470      0.7599462068413230    
  0.1245740725581041     -0.5340396901859913      0.8362313733365536    
  0.6240196812904726     -0.3960912556904386      0.6735808448343141    
  0.8776019188981876     -0.3356146588291046      0.3423122444862917    
  0.6508702372826667     -0.5244453062872214      0.5489308289146344    
  0.4212301238303108     -0.2979410827429546      0.8566191067165482    
  0.8911076833267306     -0.4087594261265937E-01  0.4519471805771045    
  0.1343153215086580     -0.4343163012072671      0.8906900386294127    
  0.8146902453239271E-01 -0.6242551996554000      0.7769609023270974    
  0.2421778483934169     -0.4570494911651558      0.8558362298788286    
  0.8347996440635302     -0.2867652492260626      0.4699736653342582    
  0.9518411241365464     -0.1717553660389380      0.2539656839797572    
  0.8485097725904914     -0.1300985729680689      0.5129381318737226    
  0.5482764394046913     -0.5224092813169868      0.6530555020728201    
  0.7926353580612959     -0.2081190143774490      0.5730756189244141    
 -0.3180619970970080     -0.6270006096056029      0.7111306501317920    
  0.8780036500447890     -0.3579914399356411      0.3177290031470749    
  0.5251624860621166     -0.3852415175635313      0.7588104746103632    
  0.7308667360892321     -0.1104989186139824      0.6735160005994016    
  0.1275647297620642     -0.5195893369890509      0.8448397248046580    
  0.9362308756282994     -0.7040662612730797E-01  0.3442595743296580    
 -0.7779717185394475E-01 -0.5489000386909413      0.8322597837073535    
  0.9926745399428061      0.5164998287052097E-01  0.1092224199457843    
  0.9543021408696970      0.2475471457694012E-01  0.2978164334581410    
  0.7385925941642180     -0.4413189579955906      0.5096258992235942    
  0.4812486596491090     -0.6189053812149473      0.6207703735594321    
  0.8835409604230573     -0.3148100875092330      0.3467707889328778    
  0.2765498782996684E-01 -0.6590345681465360      0.7516040444516203    
  0.3779616565349262     -0.5453188411215804      0.7481793553067277    
  0.2698403378896447     -0.5246259627479219      0.8074365555623663    
  0.5117788440358549     -0.5780994612032015      0.6355182355793516    
  0.8195767363922282     -0.3602230582460920      0.4455707816638078    
 -0.3250033148128751     -0.5530960880279373      0.7671098765945040    
  0.8482117568387770     -0.5646304474313601E-01  0.5266390985663809    
  0.6769425337422235     -0.3064164562100469      0.6692217579953115    
  0.9918821273293651     -0.3409679017387801E-01  0.1225040994596174    
  0.9835651443503897     -0.8544274297665932E-01  0.1590570479155877    
  0.7310348559673494     -0.4489275738133932      0.5138599739528437    
  0.5949934114048234     -0.4787248802309486      0.6456046231500473    
  0.8103632193951525     -0.3359769311761184      0.4800322430514449    
  0.9528676176826526      0.4953552497847574E-01  0.2993151097704442    
  0.2814015035604147     -0.6234917001370271      0.7294321720723438    
  0.7122182670173736     -0.1626953411568917      0.6828435883074627    
  0.9091630579147152     -0.3370972976649755E-01  0.4150737142270442    
  0.6971721016186239     -0.4010813620933544      0.5942093921388408    
  0.8424922892369259     -0.1869032056645866      0.5052464094762329    
  0.9016776604075702     -0.1274469281389460      0.4132005290774405    
  0.7846889935408057     -0.4167925926220804      0.4588541360293941    
  0.8532075737221881      0.5677260682188073E-01  0.5184724749277871    
  0.4031240819021947     -0.6003773646950580      0.6906793717437418    
  0.6031298772153357     -0.4503224691359266      0.6583646595934024    
  0.9172432636762793     -0.1111841924130504      0.3824955824554651    
  0.3722448797962402     -0.4275657151777667      0.8237847465630859    
 -0.4889543355691139E-03 -0.6489688248396530      0.7608148429873707    
 -0.2245356402767157E-01 -0.5857193560972885      0.8102028593848785    
  0.9425657274365593      0.2743667293549719      0.1905065544411673    
  0.9728392290258678      0.2213801873959066      0.6763613750731567E-01
  0.9852619879638057     -0.5640663580861177E-01  0.1614840750983340    
  0.7966246378040651     -0.2186347364562864      0.5635494995634656    
  0.5743506329992525     -0.4610922594227188      0.6763987571498121    
  0.9922875675099680     -0.3497577890906822E-02  0.1239078299142051    
  0.9814930871615410E-01 -0.6059863166701512      0.7893967932586783    
  0.7406826847044483     -0.3401818803241689      0.5793664202196428    
  0.9918167831304058      0.9350630752241168E-01  0.8692548046676402E-01
  0.8574120807303802     -0.2528022409864486      0.4482583527050324    
  0.4844944522110185     -0.6037114402196453      0.6330857941264094    
  0.2887880380984353     -0.3852299300084480      0.8764698340941021    
  0.4069418539985356     -0.5100088754912543      0.7578187609081612    
  0.8423658742836779     -0.2967035020748304      0.4498741665164007    
  0.4983274591811299     -0.3100173754799024      0.8096659621885020    
  0.7226912308061538     -0.3279696812803244      0.6084022296776771    
  0.6460239325589636     -0.4319988864746978      0.6293091773092722    
  0.6235885176036804     -0.4634522757938441      0.6295628235326092    
  0.6292147443816677     -0.4131802137336908      0.6583091343978863    
  0.3712704396441496     -0.5057131247681984      0.7787249168246924    
  0.9508885705908365      0.6143678707833428E-01  0.3033750937588764    
  0.7300085519496770     -0.4373654232154303      0.5251656887649110    
  0.4042251775121437     -0.5448336673822503      0.7346824353093544    
  0.9451866232444324      0.8657761282248705E-01  0.3148437139244599    
  0.8709235236566869     -0.2054000936507919      0.4464336652512514    
  0.9199982426718194      0.1582479074281869      0.3585538080614457    
  0.7183533075341828     -0.5132633936363583      0.4696053814721339    
 -0.3479153147157843E-01 -0.5790494019428186      0.8145497771453419    
  0.5635813905141358     -0.2433032525093173      0.7894172176894425    
 -0.1851679593920120     -0.6010667907239255      0.7774519534372775    
  0.5042817752556477     -0.4021773089349736      0.7641683736735220    
  0.8865276325313718     -0.9448041368035537E-01  0.4529262723546846    
 -0.7751047757489182E-01 -0.6473652957733859      0.7582283954682448    
  0.7156668360241036     -0.3752296440644133      0.5890871701459321    
  0.4121268939852942     -0.4341393619996791      0.8010458398971594    
  0.8753220937460104      0.5275518693307518E-01  0.4806538488889449    
  0.7988807331436512     -0.2607972582880187      0.5420095610607945    
  0.9221372761904503      0.1830494118207232E-01  0.3864295187849632    
  0.9732080873221131      0.2233766446171336      0.5448755280268358E-01
  0.3292515145398963     -0.3965588128235500      0.8569332226872528    
  0.2255944641389501     -0.6237456482700038      0.7483638847606774    
  0.9147355812554484      0.1179113436239046      0.3864656924360331    
  0.9673202888103394      0.6441518159647497E-01  0.2452389513021430    
  0.1841742468238874     -0.4433931838214888      0.8772014200555637    
  0.1766607961458245     -0.5739083033928675      0.7996375568980258    
  0.8593883556972742     -0.1344843574214332      0.4933210026958911    
  0.7602470077274709     -0.1020912106532342      0.6415620561947100    
  0.9922451496083042     -0.2975131905792239E-02  0.1242606601822841    
  0.7193850523301368     -0.5173498552965368      0.4635021830678026    
  0.7257180229702089     -0.2057059232972807      0.6565199343939409    
  0.6937787578724058     -0.2715916847542084      0.6670149862614726    
 -0.6455944187083951E-01 -0.6737818942768947      0.7361046375414062    
  0.6141002722536811     -0.1922099963766679      0.7654646777682405    
  0.6833154924604128     -0.2116202132518941      0.6987823860879769    
  0.2907655388501097     -0.5629698771263881      0.7736409495790051    
  0.9220956122308344      0.1141939854490582      0.3697288406277000    
  0.4171598086444873     -0.3902583330108728      0.8207777577196337    
  0.3550414518430778     -0.4358798097305895      0.8270153317456603    
  0.9605997971267313E-01 -0.5272026788133249      0.8442924941924184    
  0.9408265481313868     -0.7268709816834779E-01  0.3310014986235627    
  0.6513551839413616     -0.3245217556344574      0.6858732058279027    
  0.4007090979497806     -0.4470764295840481      0.7997217546938765    
  0.8342311695427004     -0.7094444196382160E-01  0.5468320052062244    
  0.3969438577338253     -0.6218875482135889      0.6750492213048466    
  0.1739673748608262     -0.6680547798165943      0.7234902650680481    
  0.9509419815357429     -0.7073515136821357E-01  0.3011741790289976    
  0.7708660608425441     -0.4039629221790133      0.4925235768424609    
  0.9759674363772454      0.2033628980300921      0.7830130800969970E-01
  0.4937600715059409E-01 -0.6788565354742022      0.7326089094201815    
  0.9364146885260387      0.8725639850850803E-01  0.3398732882001855    
  0.6093436752720722     -0.2047492323013637      0.7660143845111042    
  0.9348361324369483      0.3545110787066423      0.2008234459870863E-01
  0.7602717155087526     -0.4416891873512526      0.4763376747375421    
  0.5208261430939698     -0.3490414716315845      0.7790444016557191    
 -0.6137448860698452E-01 -0.6671623179253098      0.7423796964416246    
 -0.1611969947088366     -0.6363212668218470      0.7543943095537500    
  0.7012081021770664     -0.1696218487765175      0.6924851087632666    
  0.6376747712355719     -0.5214163526476148      0.5670060610975155    
  0.3330719930996723E-01 -0.6441434432479760      0.7641792034560790    
  0.7363590744087920     -0.5074987792762634      0.4474598334699210    
  0.3134503850569962     -0.4197544228932689      0.8517952104638529    
  0.4022279439609900     -0.6306967810137917      0.6636522067436799    
 -0.8331411975463959E-01 -0.5483128005551675      0.8321128710678969    
  0.7401267219420479     -0.4384778280776579      0.5098525568746503    
 -0.5857617061097620E-01 -0.6509614442248728      0.7568474287260423    
 -0.2779137941883500E-01 -0.5659206591873218      0.8239911690879859    
  0.6253253764461422     -0.4975605411235413      0.6011669331303405    
  0.2897408937870884     -0.3657158972551918      0.8844784321634356    
 -0.2655425245972975     -0.6418694113940971      0.7193683523391121    
  0.9891219423686237     -0.8098828539576214E-01  0.1227952798505527    
  0.8087580124149641     -0.1378614697954373      0.5717557979596170    
  0.2518105374406798     -0.6784700718747716      0.6901230432351020    
  0.8304124719332702     -0.2129965810231886      0.5148277216021956    
 -0.1159255162513514     -0.6540079892747687      0.7475525564444493    
  0.7977735544666298     -0.3239876875767366      0.5085167982400954    
  0.4252686791492521     -0.6183220255556150      0.6609269424433021    
  0.9259874554273826      0.8043891492845545E-01  0.3688859083188919    
  0.9648181242082776      0.2225394464810729      0.1400077924942696    
  0.9551994076514634     -0.2046132700711202      0.2138398964952435    
  0.2191645349655935E-02 -0.6298025519718667      0.7767521755491807    
  0.8618908978986032     -0.1958074611631422      0.4677643832875524    
  0.3889094743651700     -0.5130693478826049      0.7651857715694442    
  0.8330653956963610     -0.3949841485565757      0.3872848678715741    
  0.6675477063520852     -0.5331379687208290      0.5197537552075011    
  0.9768918054656672     -0.1563488491589494      0.1457307029445095    
  0.7357554216103541     -0.2230954862134714      0.6394469200818351    
  0.9442154693950168      0.3200437342606935      0.7764763689655116E-01
  0.1853018343819988     -0.4470331601505176      0.8751140405115827    
  0.6104096854070024     -0.2890467337216127      0.7374632205650610    
  0.1597739204092108     -0.6329724740408300      0.7575078491102927    
 -0.2168000697395251     -0.5801297978292080      0.7851414824294914    
  0.8153774210266904     -0.3953604125299302      0.4229063791006548    
  0.3159416471271419     -0.5866679459335037      0.7456551460459131    
  0.3045656854334244     -0.3616943789776572      0.8811452317708106    
  0.9379933481794358      0.5586140496114617E-01  0.3421227589724174    
  0.1037654279693919     -0.5065109569727069      0.8559669306841950    
  0.9545343128307914      0.7922028712121282E-01  0.2873819613982088    
  0.4544660167904233     -0.4880842512567608      0.7451405258458126    
  0.1671464388847768     -0.6362947057641222      0.7531209168418356    
  0.3677452125839791     -0.6482754740185807      0.6667101082236181    
  0.9456060303787815      0.2061619778115070      0.2516475197893485    
  0.6547074149799823     -0.1992056862108490      0.7291606786926280    
 -0.2900857040758459E-01 -0.6649707747108160      0.7463058164207252    
 -0.2606839515732323E-01 -0.5828945486659814      0.8121295364099274    
  0.8930491470384337     -0.2846394694080305      0.3484875800212121    
  0.1995844442464118     -0.6726325151592238      0.7125528395602867    
  0.5121777924507456     -0.5300419630672546      0.6758175984007018    
  0.6362397403442058E-01 -0.6405665316618083      0.7652623788236481    
  0.3269592305785952     -0.3737600298636049      0.8679868095863038    
  0.4304850448450930     -0.5421873250471708      0.7216062158289047    
 -0.1297289336934279     -0.6647819243345887      0.7356870237001381    
  0.1076367398139480     -0.6248515892247783      0.7732883186014732    
  0.8168115562873119     -0.7346165631509216E-01  0.5722082370666667    
  0.1564715924257709     -0.6495959726122421      0.7440038394589765    
  0.9295074042114014      0.1765190602311999      0.3238163165921021    
  0.7197766205065799     -0.4405763382360767      0.5364830908412836    
  0.8241738363450869     -0.3414036949999984      0.4518639225746728    
  0.8433553604527653     -0.3049282030053232      0.4424596331955387    
  0.7915241140961173     -0.4024182348089611      0.4599447152621677    
  0.1681528374100166E-01 -0.6279428186590496      0.7780777999192865    
  0.8783188952213066     -0.2898557142996603      0.3801836177231436    
  0.5538823616753434     -0.5530037948823749      0.6224155623621859    
  0.9801977494373805     -0.8120133878102903E-01  0.1806065186477578    
  0.7479994324016854     -0.3888681048092537      0.5378461175734334    
 -0.1484945532395668     -0.5609901423472881      0.8143951300488915    
  0.9531991582876018      0.2782114529828503      0.1183627985009591    
  0.9462895116612369     -0.5174578469389052E-01  0.3191528378165408    
  0.2617794977460041     -0.4404673712169115      0.8587549065089023    
  0.7035221910081306     -0.4533418771081318      0.5473003464453452    
  0.8866150563313326      0.4903563660686749E-01  0.4599013461919272    
  0.6793323073099634     -0.2365179887857548      0.6946703226895927    
  0.8559653136219666     -0.6974996873512551E-01  0.5123068648159006    
  0.7714751606970283     -0.1130260646435946      0.6261399085976522    
  0.3716826223773368     -0.5169688780358282      0.7710999982914557    
  0.9469821218932781     -0.2453750762557351      0.2074028272878567    
  0.9905653693716502     -0.2157799094979046E-01  0.1353315902078182    
  0.9535177076548861      0.3011618976767787     -0.1027095790531449E-01
  0.6483791957598859     -0.5411602330731170      0.5354904486972792    
  0.3455979393359581     -0.5537215478042464      0.7575978562694125    
  0.8356766994834297     -0.9144894781881924E-01  0.5415547468938964    
  0.3291510983179225     -0.3568925962485937      0.8742352253364327    
  0.5250597323770709     -0.3115166403206283      0.7920035733754406    
  0.5986495393731934     -0.5183219086920545      0.6107054347048901    
  0.4212819585155196     -0.4218015620686542      0.8028729374351656    
  0.6518453821769146     -0.1929217719941144      0.7334022004502597    
  0.1889796880294225     -0.6830607916267140      0.7054889314897783    
  0.5340653946201780     -0.2323292065364640      0.8128943929314131    
  0.6908104509426620     -0.1177146981197756      0.7133892140444558    
  0.6400362861144608     -0.4645438634100646      0.6120069864183412    
  0.4962647518549026     -0.3221561006492006      0.8061865434754503    
  0.6743212515363457     -0.5315900113073606      0.5125455195440658    
  0.3281021932303989     -0.3609079730353256      0.8729801749163235    
  0.9275887522374664      0.6668614157747943E-02  0.3735433526483308    
  0.9781899855956243      0.4770668368012265E-01  0.2021594034732914    
  0.9675180199184611      0.1096604133592862      0.2277794434863051    
  0.8096445999462853     -0.4084014170822436E-02  0.5869062468623691    
  0.7905367060467758     -0.1797633436310597      0.5854373208801222    
  0.7865277447219212     -0.3270253758033220      0.5238592467097862    
  0.8084563034817654     -0.1826749919534373      0.5594892784275772    
  0.2424763157641498     -0.6633600846493876      0.7079255853459470    
  0.7010708273020494     -0.3905723924523483      0.5966178855516057    
  0.3792465406095540     -0.6249239658720546      0.6823797317582263    
  0.5644379316058060     -0.4032789719580878      0.7202609889067900    
  0.6846104936571323E-01 -0.6042276169213104      0.7938652729962051    
  0.9188738280412492      0.1263403592700663E-01  0.3943491717716875    
  0.5341821307421133     -0.5643462984467115      0.6294145745256547    
  0.3242035720230133     -0.5098723620804450      0.7968200664353442    
  0.9025617632035652     -0.2734329829153515      0.3325908409094944    
  0.9821091379250502      0.1867909524764988      0.2389102921678331E-01
  0.9577086697492205      0.2796406264895391      0.6778808083812800E-01
  0.2689622129828389     -0.4780564006906313      0.8361348011810612    
  0.5500845533127160     -0.5230070020948170      0.6510535000800947    
  0.5336894813746572     -0.4461275667258107      0.7184328303170427    
 -0.1050977134617475     -0.5810080633448662      0.8070837013305128    
  0.9665431935783829      0.2054411276198324      0.1535844980119811    
  0.8806074413323746     -0.1754683760889033      0.4401606334768837    
  0.6250096059440795     -0.4732318759032266      0.6208176738034605    
  0.4408447780373249     -0.6264738264304452      0.6427957890923197    
  0.9643096473035850      0.2544930910218135      0.7307647185926827E-01
  0.9826025519416628      0.1268753214285678      0.1356277174110427    
  0.9487068686227689      0.3149903443541127      0.2713596122597978E-01
  0.7142984219250675     -0.9674883728648984E-01  0.6931215094909915    
  0.9832904703950012      0.9974968336139017E-01  0.1522821443888928    
  0.3173467273906587     -0.4171164599001984      0.8516483508436831    
  0.9405932133692285      0.3332587490666641      0.6498471462021715E-01
  0.7926765257900715     -0.4049223670811614      0.4557431317077322    
  0.9696542374155893      0.2441957010247691      0.1179489139474169E-01
 -0.2046377403452093E-01 -0.4917794774965799      0.8704792814682352    
  0.2330205280916746     -0.6191060654476114      0.7499394063615108    
  0.5351964612271752     -0.2748579832129300      0.7987601873866956    
  0.9309114890050372      0.3787736843348544E-02  0.3652252081771331    
  0.8234560626354119     -0.4225630443728504      0.3786298805421106    
  0.6472237421800745     -0.1583597414015525      0.7456699134748926    
  0.6480077537600195     -0.2893491196267872      0.7045303670091850    
  0.9334424677069656      0.3567517148881634     -0.3759485876400043E-01
