   12.10479082321764       5.751869389547245    
   10.20061440067852       7.919131224571515    
   10.76517273621326       7.788553347199228    
   11.56296961827084       6.899583629502287    
   11.14179370802581       5.872261326798150    
   12.13343297541936       5.222376512030839    
   11.53770758373525       5.658490638183181    
   12.52760789703283       5.440961449287023    
   12.57469699948610       5.177539292475302    
   10.85108677362762       6.313413261932317    
   11.05228664781496       5.102351621445600    
   11.62827721590931       6.388642105936206    
   11.52537268498528       6.113037427261057    
   10.42475609850152       6.047128897204537    
   10.81651994335678       7.477021958298204    
   12.99533053519109       5.008649660389946    
   10.31025386804411       6.910361363243870    
   11.83107099650655       6.125060477094602    
   11.56650823843364       5.234368573663176    
   12.94729448103331       5.063050370868722    
   10.60405755346658       7.684504225878543    
   10.67001109825603       7.624017932226571    
   12.59799189964249       5.508733568411004    
   12.77542898302495       5.032752677024535    
   11.93604627287079       5.838896316189325    
   10.24271985518636       6.754481618974867    
   12.70470005122019       5.488103042500880    
   11.73302879503227       6.068109582663479    
   10.69245614827178       7.424438754497332    
   11.52856364260328       5.681900404878086    
   11.20610679081609       7.295930469727416    
   11.51957130690170       6.846643782384351    
   10.45521265459513       7.054931191483517    
   12.18614517589953       6.889790974101958    
   10.32431038976056       7.330586429208983    
   11.05143993998528       6.437269445557592    
   12.24773694902289       5.687456237366511    
   10.66355382975505       6.687490328342474    
   12.02036174234303       6.453326463480498    
   12.85516814675748       5.855411383548766    
   11.58977681408576       7.012495974936455    
   12.14609247573592       6.395414863505611    
   11.65082567065549       7.406321721317461    
   11.65435775179691       6.055468436097507    
   11.95827563281520       5.680552929384856    
   11.09822364902922       7.282186083497930    
   11.38039154588584       5.258174131848833    
   11.70735968283072       5.867678214089481    
   10.28607496646946       6.014363573291309    
   10.70660012484779       7.500304613460694    
   12.59757576719193       5.253209748612445    
   10.77679670821244       6.590572641893519    
   12.79289070288669       5.389806490453134    
   10.86556514753720       7.380636707097496    
   10.98304651801364       7.324624930130847    
   11.52868003282195       5.805325091416044    
   10.21148407264259       6.326800875057168    
   10.79136713011794       7.031669725938643    
   10.86001384742491       7.189518885609990    
   11.88159945389660       6.398789028087106    
   10.24561130915118       7.544930222745988    
   11.45760609130984       6.773757874363771    
   12.20867544516849       5.061840568741594    
   11.86429055765919       6.870763334260771    
   12.10514972119487       5.138784457344426    
   12.44728300082564       6.601246904184663    
   11.67666707931486       5.762515859690581    
   10.54639143416250       7.418925827241845    
   12.95950953334455       5.135078456143155    
   12.01884028552100       5.055326574053915    
   11.37636266332574       5.335891149345294    
   12.94531581599439       5.534653540480408    
   11.92792365121683       6.197770955572731    
   12.78143401413999       5.527453393082081    
   12.52257813503609       5.848880029180776    
   12.45414915308198       5.852856083851470    
   11.25221439942457       6.799372888589922    
   10.64623240124609       7.094979110548478    
   10.79900704362090       6.054106527767523    
   12.44781287456127       5.861734823630214    
   10.57862082287835       6.517250326868578    
   11.15689809122133       7.491948674471674    
   12.28178650953147       6.936582650646788    
   10.48646708411431       7.101406016810126    
   10.20290886602158       7.343555687784562    
   10.21490018070918       6.494098078526215    
   12.04737943030320       7.178356313000263    
   12.47473942739655       5.117464016915434    
   11.72261693190696       6.623086622647454    
   12.49981931693245       6.235930717463770    
   10.42203611338267       7.738068010331921    
   11.21319561979747       7.110300944713719    
   11.39658544828068       6.056421833038440    
   12.00996547546513       5.505814487899464    
   10.33461089638714       6.248379633650659    
   10.12095409946793       7.160972073911279    
   10.90463073112908       7.097615565278323    
   11.25556347696083       6.093327384978130    
   10.99811506669793       6.649417432730742    
   12.03880446679503       6.514946498263722    
   11.50316581191403       6.707917779357105    
   10.47145283811125       6.747923299757969    
   12.57738783470779       5.600631477224479    
   11.28629369215492       7.701811593057554    
   10.42941232723812       6.167647527194532    
   12.35308594342169       6.505066539868583    
   11.67615819504477       6.848543530906786    
   11.81088166710482       6.230577317820722    
   12.61957799263557       6.179246076431871    
   10.33037334525962       6.694508240961985    
   10.99245120110057       7.521501803783840    
   10.34826117106698       7.552557575010285    
   11.77621167520712       5.384727256851281    
   11.43625487657778       5.706960791614340    
   12.77663550936520       5.521589040363827    
   10.95689942599417       7.553944846152389    
   11.01885882821730       5.561442202505041    
   10.31770536598874       6.629466948548961    
   10.93553657514286       6.698420496661888    
   10.11226334963343       6.403206886426204    
   10.51692850644733       6.536244562479384    
   12.52835244312447       5.084888444904369    
   11.70120567058144       5.275688997780862    
   10.03948773069679       7.925033010550167    
   10.85971584901250       6.050119519998226    
   11.11286374100145       7.223062420351536    
   10.02096349007759       7.279550051005511    
   11.68899503510227       7.358301182342366    
   12.21904144694513       5.161128803360682    
   11.61331790006398       6.962870614583021    
   12.48961984378688       5.084171975469137    
   11.45071219351276       7.058203318182081    
   10.74694661575839       6.645944982658737    
   11.05764118560748       7.535404497602908    
   11.15270739335455       6.047671646787271    
   12.32728489103941       5.501792746380826    
   12.83892768611915       5.934012741246021    
   10.62712832286096       7.808102561600196    
   12.56652310504211       5.163999258145149    
   10.54218496883749       6.462384074738277    
   12.28771400407453       5.571861566826925    
   10.32732828770301       6.980544629981787    
   10.78415453510432       5.753067152709783    
   11.94968206321008       5.463809321911484    
   10.18908417924434       6.118055172837149    
   11.61323965937316       6.356966500156956    
   10.95494019245966       6.311532352853545    
   12.38542377335424       5.895766243956738    
   11.22339575176561       6.538403222457313    
   11.29779584473999       7.042292117851829    
   11.68499515776276       5.175274946941372    
   12.21658913956570       5.007381167748496    
   11.12690901323638       6.712067020783708    
   11.08231304674517       5.820203435366160    
   11.15347507832028       6.746399819993620    
   12.04874390386251       6.863502714602666    
   12.53068917168580       6.088095478684139    
   10.67511014619512       6.662961990729399    
   10.79386111949269       7.086146668761682    
   11.20226036914076       5.885024229274761    
   10.98188664820804       6.661684662301774    
   11.36826559503656       6.788767185621987    
   11.86067694168779       5.965561725933058    
   10.84486936073062       6.561968197283361    
   10.64895988939835       6.809690694896309    
   10.23539613261038       6.670498059332497    
   11.48562870595943       5.310655458999084    
   11.52408736349520       7.067217186258794    
   12.13215504636104       7.068299104277047    
   10.32640040284926       6.399778125850091    
   10.46234506912459       6.907056171798820    
   12.71069501565804       5.356045231093013    
   11.68815040138955       6.162727502307122    
   11.86177528990278       6.402954012730235    
   11.16858144134781       6.435498551239136    
   11.36075589879265       5.970447092236892    
   11.76579834514513       6.990493869376063    
   10.80367322719670       7.181015787222833    
   11.63610051781110       6.687294423930086    
   12.55508288991830       6.328912157804973    
   11.59938674941241       7.089401692659317    
   11.75497620519827       7.119898901141934    
   12.82079331358858       5.892242251407088    
   10.24408493819033       6.061414599291262    
   10.97624496762957       6.071195566115401    
   10.99304569273851       5.596360310427249    
   10.79238249921339       5.871094448271574    
   11.57728896150625       6.169762804062144    
   11.02814126966008       6.962750330178016    
   11.79689310955738       5.348351822490060    
   10.45940637239007       7.039771257311346    
   10.99192503239123       7.128587972283068    
   11.12141918207183       5.141660963194642    
   11.32837834754952       6.295749900446866    
   11.79898978840381       6.619699577179644    
   10.52033837152507       7.690025645781137    
   11.21237358627087       6.584618619539233    
   12.02290738949198       5.566328895485710    
   10.54598501146991       6.010866507997388    
   11.40718297735351       5.657077699275479    
   11.64946771891564       5.579003168065943    
   11.98769104646826       5.215718800439907    
   10.85616540308294       6.553745916414532    
   12.60624100989073       6.132743677583349    
   10.77731780235212       7.830616690764719    
   11.79017000339474       6.491208157143003    
   11.95888690694182       6.206859482577519    
   12.44991672727398       5.126189613282538    
   10.91979459709924       6.394757818428188    
   12.12034855598773       5.290635421571782    
   11.93264160170172       7.038636895098477    
   12.11069996037805       5.036482217223266    
   10.26785248821094       7.096562324578465    
   11.66829700624057       6.199761425166783    
   10.39930117119336       6.947052735097043    
   10.97445521816670       7.088231306973015    
   11.46329286827243       6.271407728147294    
   10.12470660052549       7.389425080294680    
   12.09598839605438       5.259872714071451    
   10.45108401207902       7.191192441955470    
   11.12240211987069       7.105318466542276    
   12.11425597107655       6.238834884181481    
   12.11989064841750       5.121031037708599    
   11.26139035678461       5.441433632120457    
   10.23948225721855       6.651787225220269    
   11.87027617279396       6.627633882819544    
   11.59860568613799       6.474672555735327    
   12.33556403807156       6.002272576555053    
   12.04744387975847       6.051997877768375    
   11.00823946894756       5.819102387210944    
   10.08299730262132       6.842454484026330    
   11.60914810334824       5.936078862470115    
   12.44447171914769       6.544298406177678    
   10.70754791933399       6.026630577834732    
   11.13015645552143       5.889299091350948    
   12.46931611892150       6.602566655197228    
   12.05979189448857       6.697855668078972    
   12.72662282704550       5.336504476004357    
   10.67607602368649       7.803493213233125    
   11.98612299458788       5.205097955696314    
   12.70227588575605       5.016418517075433    
   12.86367854247672       5.037602238561854    
   11.79296142006611       6.718814407897264    
   11.24373006684237       6.844243972080712    
   11.28166728258011       6.754766193130207    
   11.43628982262662       5.705115602010131    
   10.21139786028980       7.415112726523024    
   10.79001548391438       7.796696929956608    
   11.75933828593670       5.863524530248240    
   12.18141076803103       5.133508518560014    
   12.56068153839869       5.137626079264905    
   11.60900591537997       6.661952083973162    
   11.37318260218435       7.472917565314193    
   11.14611429510510       5.826066562225162    
   11.98362316359282       5.480858082734295    
   10.97537925663820       6.662657582069473    
   11.81067736823863       6.444586400794639    
   11.31177157461270       5.511152017611812    
   10.74423515292929       6.128665865612899    
   10.65607251847811       5.971412326985310    
   12.56330667426033       6.214641425010058    
   10.82038574649365       7.163912756027234    
   11.09977721036751       6.881308913389758    
   10.75437965006925       7.658853019615574    
   10.05844239754579       7.783112903762489    
   11.10364087736005       5.677831323143414    
   11.78688117951629       5.433610141577406    
   11.29953422048559       5.375905224506236    
   11.02122911489014       7.710302590707629    
   11.88677592381550       6.569862989271060    
   12.23867780757805       5.982191558877457    
   10.96589380936030       7.462097234967793    
   10.44689747818042       7.154447990242606    
   10.98260001163288       6.353078962203259    
   11.53982065184125       7.339011312803313    
   10.94139486430721       6.403624541655156    
   10.29854807474930       6.092154284062227    
   10.23278428686461       6.837338258214928    
   10.88213921439354       6.112898821844345    
   11.67563460690597       7.468612556690204    
   12.14025304901727       6.400002218411592    
   11.83318215512255       5.070284056733768    
   12.42781994881812       5.089993753375582    
   11.51597946385693       6.217705508483022    
   11.19175962974252       6.963188816011953    
   12.47820103144583       6.649813665175879    
   12.09111404096758       7.052049226957164    
   11.07688116157359       6.574974975290427    
   12.66660769308384       5.231193557192308    
   11.60738135426117       5.957337442082100    
   11.55013750312653       6.717800326841529    
   10.12472645271144       7.588446252299530    
   10.73092564520222       7.595111486178985    
   10.93260957164389       5.889813591609155    
   12.43744446486378       6.172217832994033    
   11.97386594048743       6.085025529113861    
   10.99969105151538       7.467940206374521    
   12.34383866467215       5.054983950359216    
   10.18473765932020       7.714989139398714    
   12.58485014114383       5.308730761722411    
   10.19982977826949       6.745950324541346    
   10.75298964318798       6.436010936498848    
   11.30571461255028       6.982071229718275    
   11.77902694868772       6.009603506984536    
   10.09590675905407       7.539166307315552    
   12.32921501379607       5.199760080110776    
   12.11169669255227       6.503604133927949    
   11.10957707385091       6.137153782802661    
   10.52078699552697       6.817384409220580    
   10.28457069466964       7.811561128832924    
   10.90117944532893       6.864786594313544    
   12.46902424314863       6.558365971021556    
   11.60267715965043       5.367567273189632    
   11.56970634075052       5.531092116132445    
   10.62201564239607       6.501377263976088    
   11.74551382124660       6.692492908064118    
   11.01383958304414       6.021806359858047    
   10.98970319381096       5.659049277272563    
   10.68437074407425       7.061339943735874    
   12.82919850180537       5.881728897442157    
   11.68320037240688       6.745766790652983    
   10.57615324153711       6.170106462287312    
   12.26944233856511       6.807138541835139    
   11.75552213671966       5.785726136687854    
   10.84303339052425       7.477748886039073    
   10.01837470598230       6.011232016340491    
   10.89854719093488       6.241166925212648    
   12.22749337714133       6.377538713768530    
   12.60311551879638       5.381241537479529    
   10.11006114448973       7.138087287191531    
   11.04198263365547       7.077210546936035    
   12.78749902338037       5.980911687208382    
   12.10051202816700       6.414834201721902    
   12.41762880585335       6.638072770394331    
   11.36467532524301       7.405703063635004    
   10.17814320224075       6.802456945934386    
   10.16743936838892       6.667807413001711    
   12.19098931300065       6.562382909863736    
   12.33593289340558       5.076115651157090    
   11.94807504881040       7.087988861642581    
   11.27408286199933       5.562846652024353    
   10.43370591772789       7.965664474611881    
   12.54277695023336       6.138429905109009    
   12.34849359540698       5.053277045305137    
   10.87118964324406       6.626998910905675    
   10.29349911482722       7.860704138567804    
   12.81282119622710       5.332765519165154    
   10.22293133858173       7.720573624142785    
   11.55094565502037       5.485907826278226    
   11.65874734695407       6.895217768543551    
   11.98718969139349       6.333819552748177    
   12.90718601131696       5.041629953911301    
   12.57346344285242       5.859827160101104    
   12.66794839692371       5.546841417462844    
   11.77215982649825       5.335625003790088    
   11.27451579790267       7.194800644630623    
   10.73396693426729       7.903551531974133    
   10.69017302845716       7.206222869741283    
   12.55740841604521       5.055355022040921    
   11.91564105341191       7.299453171861154    
   11.02809217955289       5.155505452009612    
   12.10307595113945       5.746421029247431    
   12.42139944152790       5.469608233545700    
   10.86769998916496       6.453666111065459    
   11.90365366613304       5.228317429811223    
   12.87709857375205       5.832743624015183    
   11.41230743446810       6.503449942855569    
   10.43432995290500       6.777559180991875    
   10.47055610967437       7.377143605006914    
   12.93801800985615       5.133617626424271    
   11.63849144408531       5.750143585162377    
   10.57921099260493       7.050747100957817    
   10.80561386997074       6.662018727237987    
   11.23510812727162       7.555196736148313    
   12.02202838771828       6.506706796078449    
   10.13890147855731       6.315339421926037    
   11.89827388606167       5.868457950648337    
   10.11890557615508       6.107794546998527    
   10.13312163536222       6.142915496661630    
   12.12217395793868       6.257464598779982    
   11.97806545692440       6.408956064581259    
   12.50061331897099       6.324633603693790    
   11.77577983506439       5.784898157774522    
   11.81575312958947       5.053110823767806    
   10.44876614786963       7.281275413219648    
   11.02303940115680       7.239770156027959    
   10.80691191620070       6.102099085819159    
   10.12215229492851       7.701173843095425    
   11.13999710936048       6.034075856419016    
   11.60440515634601       7.373570542072981    
   11.01272884117651       5.202137284377438    
   10.32704394448514       7.491735619534544    
   11.33629612315996       7.062470919218109    
   10.81778883871085       6.662642665614886    
   12.66467621756336       5.080522197322475    
   10.96686520879529       5.362344567044290    
   12.04958035314683       7.027383430810053    
   12.27609974730829       5.926591012245169    
   11.59305105526934       7.076725599022394    
   11.10897256143424       6.679031606317569    
