  0.9791975984955839      0.1585985768835975E-01  0.2022882300446234    
  0.9826738527499471      0.1849980460236426      0.1130584313572284E-01
  0.9987591400182149      0.2308795463464528E-01  0.4412625727233576E-01
  0.9730072796555898      0.2009672725128778      0.1134415669671556    
  0.9697263173217120      0.1916512526314263      0.1513296628505978    
  0.9671828031413033      0.7832949958442025E-01  0.2417062572681667    
  0.9542873737476474      0.2289384857744739      0.1921530068385846    
  0.9537287184942651      0.1932245862632791      0.2303601327979116    
  0.9496921998662023      0.1919393611417206      0.2474752657495317    
  0.9898573857935169      0.1058646490520066      0.9473664481667100E-01
  0.9409168359881718      0.2360145161405284      0.2428428626189372    
  0.9791017165913121      0.1451281656605846      0.1424698006594375    
  0.9879110392560720      0.4608905910569835E-02  0.1549533365316642    
  0.9894066057115424      0.1305485789094070      0.6349517398274131E-01
  0.9985626042335188      0.1095648613937113E-01  0.5246599696804222E-01
  0.9615525786552689      0.9314187574029664E-01  0.2583432396347583    
  0.9971197886846122      0.7105207581477667E-01  0.2652790108481773E-01
  0.9609828276203901      0.2197165216083967      0.1680376599189191    
  0.9721244285689490      0.7389992425529995E-02  0.2343490631332774    
  0.9668531977654607      0.4415047833330740E-02  0.2552947342256247    
  0.9985396759160772      0.3985687087641292E-01  0.3646841736840972E-01
  0.9987038155197308      0.2989869267768066E-01  0.4119171084693180E-01
  0.9697274206909883      0.9010585379413272E-01  0.2269574071759576    
  0.9659733180855956      0.3018171819264385E-01  0.2568747022064349    
  0.9800667527283216      0.5307493914658359E-01  0.1914476717830479    
  0.9981905754251796      0.5570020299785550E-01  0.2265088338997812E-01
  0.9608271138684410      0.1555204502331386      0.2294006251397845    
  0.9637629162710218      0.2073657625276211      0.1678108511155153    
  0.9871726155786887      0.1529343291166911      0.4584013557089560E-01
  0.9802838850849411      0.5536203070937600E-01  0.1896801259977128    
  0.9767351673112908      0.1990891098282388      0.7969905448111679E-01
  0.9757842607483779      0.1870137731755089      0.1134500996844035    
  0.9924883840571491      0.1169468313369653      0.3591999654610562E-01
  0.9652500383877229      0.2197891939935299      0.1413685735804595    
  0.9692995303308086      0.2448252437937092      0.2278202146045884E-01
  0.9665370218083904      0.2344702387817892      0.1040667699094084    
  0.9686833652310943      0.1326222534612254      0.2099139724063849    
  0.9980616761286376      0.7889776427115967E-02  0.6173039827527863E-01
  0.9799225708292433      0.1240711074172496      0.1560708668639479    
  0.9746561011362522      0.7473378115015336E-01  0.2108562222768888    
  0.9662911229339024      0.2326923950460995      0.1101622214139133    
  0.9714496014351179      0.1716008738718393      0.1638255534340462    
  0.9892893949081940      0.1071946858775965      0.9907468113389431E-01
  0.9854195259951448      0.4051272326248410E-01  0.1652485311322357    
  0.9558274546701201      0.2118882720299876      0.2037087064290221    
  0.9656481023376839      0.2491234432000361      0.7390028754875286E-01
  0.9553262717405427      0.1876327363394056      0.2283542659467995    
  0.9764167632705502      0.1171477027717077      0.1813469606571173    
  0.9843864833203931      0.1700936057738018      0.4529256816494259E-01
  0.9933090597408103      0.1061962726966790      0.4538131225692003E-01
