    -4.00000        0.499340E-01
    -3.92000        0.536320E-01
    -3.84000        0.575951E-01
    -3.76000        0.618416E-01
    -3.68000        0.663904E-01
    -3.60000        0.712619E-01
    -3.52000        0.764775E-01
    -3.44000        0.820602E-01
    -3.36000        0.880338E-01
    -3.28000        0.944239E-01
    -3.20000        0.101257    
    -3.12000        0.108562    
    -3.04000        0.116368    
    -2.96000        0.124707    
    -2.88000        0.133612    
    -2.80000        0.143116    
    -2.72000        0.153255    
    -2.64000        0.164068    
    -2.56000        0.175592    
    -2.48000        0.187869    
    -2.40000        0.200940    
    -2.32000        0.214847    
    -2.24000        0.229635    
    -2.16000        0.245348    
    -2.08000        0.262032    
    -2.00000        0.279732    
    -1.92000        0.298493    
    -1.84000        0.318360    
    -1.76000        0.339376    
    -1.68000        0.361581    
    -1.60000        0.385014    
    -1.52000        0.409708    
    -1.44000        0.435690    
    -1.36000        0.462980    
    -1.28000        0.491587    
    -1.20000        0.521511    
    -1.12000        0.552732    
    -1.04000        0.585213    
   -0.960000        0.618891    
   -0.880000        0.653673    
   -0.800000        0.689425    
   -0.720000        0.725967    
   -0.640000        0.763052    
   -0.560000        0.800356    
   -0.480000        0.837444    
   -0.400000        0.873742    
   -0.320000        0.908475    
   -0.240000        0.940579    
   -0.160000        0.968528    
   -0.800000E-01    0.989937    
     0.00000         1.00000    
    0.800000E-01    0.989937    
    0.160000        0.968528    
    0.240000        0.940579    
    0.320000        0.908475    
    0.400000        0.873742    
    0.480000        0.837444    
    0.560000        0.800356    
    0.640000        0.763052    
    0.720000        0.725967    
    0.800000        0.689425    
    0.880000        0.653673    
    0.960000        0.618891    
     1.04000        0.585213    
     1.12000        0.552732    
     1.20000        0.521511    
     1.28000        0.491587    
     1.36000        0.462980    
     1.44000        0.435690    
     1.52000        0.409708    
     1.60000        0.385014    
     1.68000        0.361581    
     1.76000        0.339376    
     1.84000        0.318360    
     1.92000        0.298493    
     2.00000        0.279732    
     2.08000        0.262032    
     2.16000        0.245348    
     2.24000        0.229635    
     2.32000        0.214847    
     2.40000        0.200940    
     2.48000        0.187869    
     2.56000        0.175592    
     2.64000        0.164068    
     2.72000        0.153255    
     2.80000        0.143116    
     2.88000        0.133612    
     2.96000        0.124707    
     3.04000        0.116368    
     3.12000        0.108562    
     3.20000        0.101257    
     3.28000        0.944239E-01
     3.36000        0.880338E-01
     3.44000        0.820602E-01
     3.52000        0.764775E-01
     3.60000        0.712619E-01
     3.68000        0.663904E-01
     3.76000        0.618416E-01
     3.84000        0.575951E-01
     3.92000        0.536320E-01
     4.00000        0.499340E-01
