  -8.00000      0.171651     -0.642673E-01 -0.397150      0.223891      0.765198    
  -7.84000      0.207204     -0.101123     -0.401202      0.247007      0.773933    
  -7.68000      0.238143     -0.137578     -0.402746      0.270201      0.782536    
  -7.52000      0.263585     -0.173219     -0.401718      0.293446      0.791004    
  -7.36000      0.282769     -0.207637     -0.398071      0.316717      0.799334    
  -7.20000      0.295071     -0.240425     -0.391769      0.339986      0.807524    
  -7.04000      0.300026     -0.271187     -0.382791      0.363229      0.815571    
  -6.88000      0.297343     -0.299537     -0.371131      0.386418      0.823473    
  -6.72000      0.286912     -0.325110     -0.356793      0.409528      0.831228    
  -6.56000      0.268811     -0.347558     -0.339801      0.432531      0.838834    
  -6.40000      0.243311     -0.366561     -0.320188      0.455402      0.846287    
  -6.24000      0.210870     -0.381826     -0.298005      0.478114      0.853587    
  -6.08000      0.172131     -0.393090     -0.273314      0.500642      0.860730    
  -5.92000      0.127901     -0.400127     -0.246193      0.522958      0.867715    
  -5.76000      0.791482E-01 -0.402746     -0.216733      0.545038      0.874539    
  -5.60000      0.269709E-01 -0.400795     -0.185036      0.566855      0.881201    
  -5.44000     -0.274180E-01 -0.394166     -0.151220      0.588385      0.887698    
  -5.28000     -0.827198E-01 -0.382791     -0.115412      0.609602      0.894029    
  -5.12000     -0.137578     -0.366648     -0.777531E-01  0.630482      0.900192    
  -4.96000     -0.190607     -0.345758     -0.383929E-01  0.651000      0.906184    
  -4.80000     -0.240425     -0.320188      0.250768E-02  0.671133      0.912005    
  -4.64000     -0.285687     -0.290050      0.447786E-01  0.690856      0.917652    
  -4.48000     -0.325110     -0.255498      0.882416E-01  0.710146      0.923123    
  -4.32000     -0.357509     -0.216733      0.132711      0.728981      0.928418    
  -4.16000     -0.381826     -0.173993      0.177993      0.747339      0.933534    
  -4.00000     -0.397150     -0.127561      0.223891      0.765198      0.938470    
  -3.84000     -0.402746     -0.777531E-01  0.270201      0.782536      0.943224    
  -3.68000     -0.398071     -0.249223E-01  0.316717      0.799334      0.947796    
  -3.52000     -0.382791      0.305469E-01  0.363229      0.815571      0.952183    
  -3.36000     -0.356793      0.882416E-01  0.409528      0.831228      0.956384    
  -3.20000     -0.320188      0.147724      0.455402      0.846287      0.960398    
  -3.04000     -0.273314      0.208536      0.500642      0.860730      0.964224    
  -2.88000     -0.216733      0.270201      0.545038      0.874539      0.967861    
  -2.72000     -0.151220      0.332232      0.588385      0.887698      0.971308    
  -2.56000     -0.777531E-01  0.394132      0.630482      0.900192      0.974563    
  -2.40000      0.250768E-02  0.455402      0.671133      0.912005      0.977626    
  -2.24000      0.882416E-01  0.515544      0.710146      0.923123      0.980496    
  -2.08000      0.177993      0.574065      0.747339      0.933534      0.983171    
  -1.92000      0.270201      0.630482      0.782536      0.943224      0.985652    
  -1.76000      0.363229      0.684328      0.815571      0.952183      0.987937    
  -1.60000      0.455402      0.735155      0.846287      0.960398      0.990025    
  -1.44000      0.545038      0.782536      0.874539      0.967861      0.991916    
  -1.28000      0.630482      0.826075      0.900192      0.974563      0.993610    
  -1.12000      0.710146      0.865404      0.923123      0.980496      0.995106    
 -0.960000      0.782536      0.900192      0.943224      0.985652      0.996403    
 -0.800000      0.846287      0.930143      0.960398      0.990025      0.997502    
 -0.640000      0.900192      0.955004      0.974563      0.993610      0.998401    
 -0.480000      0.943224      0.974563      0.985652      0.996403      0.999100    
 -0.320000      0.974563      0.988655      0.993610      0.998401      0.999600    
 -0.160000      0.993610      0.997158      0.998401      0.999600      0.999900    
   0.00000       1.00000       1.00000       1.00000       1.00000       1.00000    
  0.160000      0.993610      0.997158      0.998401      0.999600      0.999900    
  0.320000      0.974563      0.988655      0.993610      0.998401      0.999600    
  0.480000      0.943224      0.974563      0.985652      0.996403      0.999100    
  0.640000      0.900192      0.955004      0.974563      0.993610      0.998401    
  0.800000      0.846287      0.930143      0.960398      0.990025      0.997502    
  0.960000      0.782536      0.900192      0.943224      0.985652      0.996403    
   1.12000      0.710146      0.865404      0.923123      0.980496      0.995106    
   1.28000      0.630482      0.826075      0.900192      0.974563      0.993610    
   1.44000      0.545038      0.782536      0.874539      0.967861      0.991916    
   1.60000      0.455402      0.735155      0.846287      0.960398      0.990025    
   1.76000      0.363229      0.684328      0.815571      0.952183      0.987937    
   1.92000      0.270201      0.630482      0.782536      0.943224      0.985652    
   2.08000      0.177993      0.574065      0.747339      0.933534      0.983171    
   2.24000      0.882416E-01  0.515544      0.710146      0.923123      0.980496    
   2.40000      0.250768E-02  0.455402      0.671133      0.912005      0.977626    
   2.56000     -0.777531E-01  0.394132      0.630482      0.900192      0.974563    
   2.72000     -0.151220      0.332232      0.588385      0.887698      0.971308    
   2.88000     -0.216733      0.270201      0.545038      0.874539      0.967861    
   3.04000     -0.273314      0.208536      0.500642      0.860730      0.964224    
   3.20000     -0.320188      0.147724      0.455402      0.846287      0.960398    
   3.36000     -0.356793      0.882416E-01  0.409528      0.831228      0.956384    
   3.52000     -0.382791      0.305469E-01  0.363229      0.815571      0.952183    
   3.68000     -0.398071     -0.249223E-01  0.316717      0.799334      0.947796    
   3.84000     -0.402746     -0.777531E-01  0.270201      0.782536      0.943224    
   4.00000     -0.397150     -0.127561      0.223891      0.765198      0.938470    
   4.16000     -0.381826     -0.173993      0.177993      0.747339      0.933534    
   4.32000     -0.357509     -0.216733      0.132711      0.728981      0.928418    
   4.48000     -0.325110     -0.255498      0.882416E-01  0.710146      0.923123    
   4.64000     -0.285687     -0.290050      0.447786E-01  0.690856      0.917652    
   4.80000     -0.240425     -0.320188      0.250768E-02  0.671133      0.912005    
   4.96000     -0.190607     -0.345758     -0.383929E-01  0.651000      0.906184    
   5.12000     -0.137578     -0.366648     -0.777531E-01  0.630482      0.900192    
   5.28000     -0.827198E-01 -0.382791     -0.115412      0.609602      0.894029    
   5.44000     -0.274180E-01 -0.394166     -0.151220      0.588385      0.887698    
   5.60000      0.269709E-01 -0.400795     -0.185036      0.566855      0.881201    
   5.76000      0.791482E-01 -0.402746     -0.216733      0.545038      0.874539    
   5.92000      0.127901     -0.400127     -0.246193      0.522958      0.867715    
   6.08000      0.172131     -0.393090     -0.273314      0.500642      0.860730    
   6.24000      0.210870     -0.381826     -0.298005      0.478114      0.853587    
   6.40000      0.243311     -0.366561     -0.320188      0.455402      0.846287    
   6.56000      0.268811     -0.347558     -0.339801      0.432531      0.838834    
   6.72000      0.286912     -0.325110     -0.356793      0.409528      0.831228    
   6.88000      0.297343     -0.299537     -0.371131      0.386418      0.823473    
   7.04000      0.300026     -0.271187     -0.382791      0.363229      0.815571    
   7.20000      0.295071     -0.240425     -0.391769      0.339986      0.807524    
   7.36000      0.282769     -0.207637     -0.398071      0.316717      0.799334    
   7.52000      0.263585     -0.173219     -0.401718      0.293446      0.791004    
   7.68000      0.238143     -0.137578     -0.402746      0.270201      0.782536    
   7.84000      0.207204     -0.101123     -0.401202      0.247007      0.773933    
   8.00000      0.171651     -0.642673E-01 -0.397150      0.223891      0.765198    
