  -4.00000      0.499340E-01  0.160386      0.279732      0.601907      0.828221    
  -3.92000      0.536320E-01  0.167828      0.288977      0.610364      0.832838    
  -3.84000      0.575951E-01  0.175592      0.298493      0.618891      0.837444    
  -3.76000      0.618416E-01  0.183691      0.308285      0.627487      0.842038    
  -3.68000      0.663904E-01  0.192136      0.318360      0.636151      0.846619    
  -3.60000      0.712619E-01  0.200940      0.328722      0.644880      0.851185    
  -3.52000      0.764775E-01  0.210116      0.339376      0.653673      0.855735    
  -3.44000      0.820602E-01  0.219676      0.350327      0.662526      0.860267    
  -3.36000      0.880338E-01  0.229635      0.361581      0.671438      0.864780    
  -3.28000      0.944239E-01  0.240005      0.373142      0.680405      0.869272    
  -3.20000      0.101257      0.250799      0.385014      0.689425      0.873742    
  -3.12000      0.108562      0.262032      0.397202      0.698495      0.878188    
  -3.04000      0.116368      0.273716      0.409708      0.707611      0.882607    
  -2.96000      0.124707      0.285865      0.422536      0.716770      0.887000    
  -2.88000      0.133612      0.298493      0.435690      0.725967      0.891362    
  -2.80000      0.143116      0.311612      0.449170      0.735198      0.895693    
  -2.72000      0.153255      0.325235      0.462980      0.744460      0.899991    
  -2.64000      0.164068      0.339376      0.477119      0.753746      0.904252    
  -2.56000      0.175592      0.354045      0.491587      0.763052      0.908475    
  -2.48000      0.187869      0.369254      0.506385      0.772373      0.912658    
  -2.40000      0.200940      0.385014      0.521511      0.781701      0.916798    
  -2.32000      0.214847      0.401335      0.536961      0.791031      0.920892    
  -2.24000      0.229635      0.418224      0.552732      0.800356      0.924938    
  -2.16000      0.245348      0.435690      0.568818      0.809668      0.928932    
  -2.08000      0.262032      0.453737      0.585213      0.818959      0.932873    
  -2.00000      0.279732      0.472369      0.601907      0.828221      0.936756    
  -1.92000      0.298493      0.491587      0.618891      0.837444      0.940579    
  -1.84000      0.318360      0.511391      0.636151      0.846619      0.944338    
  -1.76000      0.339376      0.531775      0.653673      0.855735      0.948030    
  -1.68000      0.361581      0.552732      0.671438      0.864780      0.951650    
  -1.60000      0.385014      0.574249      0.689425      0.873742      0.955195    
  -1.52000      0.409708      0.596310      0.707611      0.882607      0.958659    
  -1.44000      0.435690      0.618891      0.725967      0.891362      0.962040    
  -1.36000      0.462980      0.641963      0.744460      0.899991      0.965331    
  -1.28000      0.491587      0.665490      0.763052      0.908475      0.968528    
  -1.20000      0.521511      0.689425      0.781701      0.916798      0.971625    
  -1.12000      0.552732      0.713712      0.800356      0.924938      0.974616    
  -1.04000      0.585213      0.738283      0.818959      0.932873      0.977495    
 -0.960000      0.618891      0.763052      0.837444      0.940579      0.980254    
 -0.880000      0.653673      0.787921      0.855735      0.948030      0.982887    
 -0.800000      0.689425      0.812767      0.873742      0.955195      0.985384    
 -0.720000      0.725967      0.837444      0.891362      0.962040      0.987738    
 -0.640000      0.763052      0.861773      0.908475      0.968528      0.989937    
 -0.560000      0.800356      0.885539      0.924938      0.974616      0.991970    
 -0.480000      0.837444      0.908475      0.940579      0.980254      0.993824    
 -0.400000      0.873742      0.930252      0.955195      0.985384      0.995484    
 -0.320000      0.908475      0.950451      0.968528      0.989937      0.996931    
 -0.240000      0.940579      0.968528      0.980254      0.993824      0.998145    
 -0.160000      0.968528      0.983735      0.989937      0.996931      0.999094    
 -0.800000E-01  0.989937      0.994953      0.996931      0.999094      0.999739    
   0.00000       1.00000       1.00000       1.00000       1.00000       1.00000    
  0.800000E-01  0.989937      0.994953      0.996931      0.999094      0.999739    
  0.160000      0.968528      0.983735      0.989937      0.996931      0.999094    
  0.240000      0.940579      0.968528      0.980254      0.993824      0.998145    
  0.320000      0.908475      0.950451      0.968528      0.989937      0.996931    
  0.400000      0.873742      0.930252      0.955195      0.985384      0.995484    
  0.480000      0.837444      0.908475      0.940579      0.980254      0.993824    
  0.560000      0.800356      0.885539      0.924938      0.974616      0.991970    
  0.640000      0.763052      0.861773      0.908475      0.968528      0.989937    
  0.720000      0.725967      0.837444      0.891362      0.962040      0.987738    
  0.800000      0.689425      0.812767      0.873742      0.955195      0.985384    
  0.880000      0.653673      0.787921      0.855735      0.948030      0.982887    
  0.960000      0.618891      0.763052      0.837444      0.940579      0.980254    
   1.04000      0.585213      0.738283      0.818959      0.932873      0.977495    
   1.12000      0.552732      0.713712      0.800356      0.924938      0.974616    
   1.20000      0.521511      0.689425      0.781701      0.916798      0.971625    
   1.28000      0.491587      0.665490      0.763052      0.908475      0.968528    
   1.36000      0.462980      0.641963      0.744460      0.899991      0.965331    
   1.44000      0.435690      0.618891      0.725967      0.891362      0.962040    
   1.52000      0.409708      0.596310      0.707611      0.882607      0.958659    
   1.60000      0.385014      0.574249      0.689425      0.873742      0.955195    
   1.68000      0.361581      0.552732      0.671438      0.864780      0.951650    
   1.76000      0.339376      0.531775      0.653673      0.855735      0.948030    
   1.84000      0.318360      0.511391      0.636151      0.846619      0.944338    
   1.92000      0.298493      0.491587      0.618891      0.837444      0.940579    
   2.00000      0.279732      0.472369      0.601907      0.828221      0.936756    
   2.08000      0.262032      0.453737      0.585213      0.818959      0.932873    
   2.16000      0.245348      0.435690      0.568818      0.809668      0.928932    
   2.24000      0.229635      0.418224      0.552732      0.800356      0.924938    
   2.32000      0.214847      0.401335      0.536961      0.791031      0.920892    
   2.40000      0.200940      0.385014      0.521511      0.781701      0.916798    
   2.48000      0.187869      0.369254      0.506385      0.772373      0.912658    
   2.56000      0.175592      0.354045      0.491587      0.763052      0.908475    
   2.64000      0.164068      0.339376      0.477119      0.753746      0.904252    
   2.72000      0.153255      0.325235      0.462980      0.744460      0.899991    
   2.80000      0.143116      0.311612      0.449170      0.735198      0.895693    
   2.88000      0.133612      0.298493      0.435690      0.725967      0.891362    
   2.96000      0.124707      0.285865      0.422536      0.716770      0.887000    
   3.04000      0.116368      0.273716      0.409708      0.707611      0.882607    
   3.12000      0.108562      0.262032      0.397202      0.698495      0.878188    
   3.20000      0.101257      0.250799      0.385014      0.689425      0.873742    
   3.28000      0.944239E-01  0.240005      0.373142      0.680405      0.869272    
   3.36000      0.880338E-01  0.229635      0.361581      0.671438      0.864780    
   3.44000      0.820602E-01  0.219676      0.350327      0.662526      0.860267    
   3.52000      0.764775E-01  0.210116      0.339376      0.653673      0.855735    
   3.60000      0.712619E-01  0.200940      0.328722      0.644880      0.851185    
   3.68000      0.663904E-01  0.192136      0.318360      0.636151      0.846619    
   3.76000      0.618416E-01  0.183691      0.308285      0.627487      0.842038    
   3.84000      0.575951E-01  0.175592      0.298493      0.618891      0.837444    
   3.92000      0.536320E-01  0.167828      0.288977      0.610364      0.832838    
   4.00000      0.499340E-01  0.160386      0.279732      0.601907      0.828221    
