   0.00000      0.445967     -0.887610      0.894692    
  0.100000      0.518631     -0.876865      0.952447    
  0.200000      0.590599     -0.865967       1.00983    
  0.300000      0.660871     -0.854817       1.06653    
  0.400000      0.728457     -0.843319       1.12220    
  0.500000      0.792391     -0.831387       1.17650    
  0.600000      0.851740     -0.818948       1.22908    
  0.700000      0.905613     -0.805940       1.27958    
  0.800000      0.953173     -0.792317       1.32762    
  0.900000      0.993644     -0.778049       1.37285    
   1.00000       1.02632     -0.763126       1.41489    
   1.10000       1.05057     -0.747555       1.45339    
   1.20000       1.06586     -0.731364       1.48800    
   1.30000       1.07172     -0.714604       1.51838    
   1.40000       1.06781     -0.697343       1.54420    
   1.50000       1.05388     -0.679672       1.56516    
   1.60000       1.02976     -0.661701       1.58098    
   1.70000      0.995420     -0.643562       1.59139    
   1.80000      0.950922     -0.625403       1.59615    
   1.90000      0.896438     -0.607390       1.59507    
   2.00000      0.832249     -0.589705       1.58797    
   2.10000      0.758739     -0.572544       1.57471    
   2.20000      0.676397     -0.556112       1.55520    
   2.30000      0.585810     -0.540626       1.52935    
   2.40000      0.487659     -0.526307       1.49716    
   2.50000      0.382710     -0.513381       1.45864    
   2.60000      0.271814     -0.502074       1.41384    
   2.70000      0.155892     -0.492612       1.36286    
   2.80000      0.359316E-01 -0.485211       1.30585    
   2.90000     -0.870255E-01 -0.480083       1.24298    
   3.00000     -0.211890     -0.477425       1.17449    
   3.10000     -0.337539     -0.477421       1.10064    
   3.20000     -0.462822     -0.480238       1.02173    
   3.30000     -0.586577     -0.486019      0.938113    
   3.40000     -0.707636     -0.494888      0.850161    
   3.50000     -0.824841     -0.506938      0.758288    
   3.60000     -0.937055     -0.522239      0.662941    
   3.70000      -1.04317     -0.540827      0.564593    
   3.80000      -1.14211     -0.562706      0.463743    
   3.90000      -1.23288     -0.587847      0.360912    
   4.00000      -1.31450     -0.616187      0.256642    
   4.10000      -1.38612     -0.647625      0.151487    
   4.20000      -1.44691     -0.682026      0.460144E-01
   4.30000      -1.49618     -0.719217     -0.592012E-01
   4.40000      -1.53330     -0.758990     -0.163583    
   4.50000      -1.55776     -0.801102     -0.266553    
   4.60000      -1.56916     -0.845274     -0.367541    
   4.70000      -1.56720     -0.891195     -0.465983    
   4.80000      -1.55171     -0.938525     -0.561333    
   4.90000      -1.52264     -0.986892     -0.653057    
   5.00000      -1.48004      -1.03590     -0.740646    
   5.10000      -1.42411      -1.08513     -0.823616    
   5.20000      -1.35514      -1.13414     -0.901511    
   5.30000      -1.27356      -1.18248     -0.973907    
   5.40000      -1.17991      -1.22968      -1.04042    
   5.50000      -1.07482      -1.27525      -1.10069    
   5.60000     -0.959064      -1.31871      -1.15443    
   5.70000     -0.833479      -1.35959      -1.20136    
   5.80000     -0.699010      -1.39740      -1.24126    
   5.90000     -0.556683      -1.43167      -1.27397    
   6.00000     -0.407600      -1.46194      -1.29936    
   6.10000     -0.252924      -1.48776      -1.31737    
   6.20000     -0.938764E-01  -1.50873      -1.32797    
   6.30000      0.682796E-01  -1.52443      -1.33119    
   6.40000      0.232248      -1.53452      -1.32710    
   6.50000      0.396711      -1.53864      -1.31585    
   6.60000      0.560344      -1.53652      -1.29760    
   6.70000      0.721822      -1.52789      -1.27259    
   6.80000      0.879838      -1.51254      -1.24109    
   6.90000       1.03311      -1.49031      -1.20341    
   7.00000       1.18039      -1.46108      -1.15991    
   7.10000       1.32050      -1.42478      -1.11098    
   7.20000       1.45228      -1.38140      -1.05706    
   7.30000       1.57469      -1.33097     -0.998614    
   7.40000       1.68675      -1.27359     -0.936133    
   7.50000       1.78755      -1.20940     -0.870137    
   7.60000       1.87630      -1.13859     -0.801164    
   7.70000       1.95232      -1.06142     -0.729772    
   7.80000       2.01503     -0.978176     -0.656532    
   7.90000       2.06396     -0.889217     -0.582023    
   8.00000       2.09877     -0.794934     -0.506827    
   8.10000       2.11924     -0.695768     -0.431528    
   8.20000       2.12529     -0.592197     -0.356706    
   8.30000       2.11695     -0.484740     -0.282931    
   8.40000       2.09438     -0.373946     -0.210760    
   8.50000       2.05786     -0.260398     -0.140736    
   8.60000       2.00779     -0.144700     -0.733783E-01
   8.70000       1.94472     -0.274780E-01 -0.918273E-02
   8.80000       1.86926      0.906262E-01  0.513826E-01
   8.90000       1.78217      0.208961      0.107881    
   9.00000       1.68429      0.326869      0.159911    
   9.10000       1.57656      0.443693      0.207106    
   9.20000       1.46000      0.558781      0.249142    
   9.30000       1.33569      0.671492      0.285734    
   9.40000       1.20481      0.781200      0.316641    
   9.50000       1.06855      0.887299      0.341669    
   9.60000      0.928167      0.989210      0.360666    
   9.70000      0.784944       1.08638      0.373530    
   9.80000      0.640179       1.17830      0.380204    
   9.90000      0.495174       1.26449      0.380679    
   10.0000      0.351229       1.34451      0.374993    
