   0.00000       1.31358      0.548248      0.734865    
  0.100000       1.58040      0.375978      0.713769    
  0.200000       1.62233      0.216240      0.811555    
  0.300000       1.53188     -0.151935      0.762915    
  0.400000       1.42492     -0.417747      0.748739    
  0.500000       1.51250     -0.479954      0.927744    
  0.600000       1.59906     -0.634170       1.04182    
  0.700000       1.78442     -0.606494       1.19379    
  0.800000       1.99085     -0.420617       1.32182    
  0.900000       1.81682     -0.482984       1.52622    
   1.00000       1.41968     -0.418935       1.61591    
   1.10000      0.862058     -0.426257       1.58407    
   1.20000      0.646892     -0.494735       1.57310    
   1.30000      0.509485     -0.242041       1.52249    
   1.40000      0.207926     -0.611367E-01   1.38667    
   1.50000      0.120982     -0.257732       1.45648    
   1.60000      0.590642E-01 -0.194473       1.41978    
   1.70000     -0.322640E-01 -0.297367       1.58178    
   1.80000     -0.383936E-01 -0.228252       1.39551    
   1.90000      0.259033     -0.222850       1.19511    
   2.00000      0.429143     -0.120750       1.16806    
   2.10000      0.546314     -0.486363E-01   1.20140    
   2.20000      0.534956      0.295970       1.53937    
   2.30000      0.813851      0.459694       1.61633    
   2.40000      0.962476      0.496173       1.63204    
   2.50000       1.21973      0.369551       1.60003    
   2.60000       1.21464      0.291248       1.72231    
   2.70000       1.01309      0.239624       1.54528    
   2.80000       1.13213     -0.121371       1.50118    
   2.90000       1.16361     -0.446810       1.42695    
   3.00000       1.23707     -0.917038       1.37703    
   3.10000       1.13566      -1.40763       1.16065    
   3.20000       1.00915      -1.65037      0.876169    
   3.30000      0.845330      -1.87422      0.573955    
   3.40000      0.757484      -1.85692      0.528274    
   3.50000      0.637330      -1.68986      0.638845    
   3.60000      0.514791      -1.41410      0.751978    
   3.70000      0.449246      -1.43752      0.858635    
   3.80000      0.135994      -1.36084      0.924176    
   3.90000      0.344998E-01  -1.63618       1.41195    
   4.00000      0.151650      -1.52280       1.66460    
   4.10000      0.958143E-01  -1.58827       1.63703    
   4.20000      0.165480      -1.48918       1.47897    
   4.30000      0.106400      -1.25994       1.33569    
   4.40000      0.175274      -1.17214       1.37201    
   4.50000      0.152076      -1.07054       1.37783    
   4.60000     -0.111708     -0.961931       1.29920    
   4.70000     -0.338826     -0.730392       1.44210    
   4.80000     -0.171196     -0.678142       1.53612    
   4.90000     -0.464275E-01 -0.742124       1.17466    
   5.00000     -0.687557E-01 -0.413500      0.931622    
   5.10000     -0.160937     -0.216109      0.681680    
   5.20000     -0.529995     -0.220380      0.596651    
   5.30000     -0.658660     -0.132727      0.379625    
   5.40000      -1.02323     -0.205667      0.439845E-02
   5.50000      -1.24468     -0.207326     -0.189694    
   5.60000      -1.23891     -0.189244     -0.115924    
   5.70000      -1.21607     -0.407919     -0.191345    
   5.80000      -1.25381     -0.597788     -0.337385    
   5.90000      -1.33793     -0.623283     -0.385392    
   6.00000      -1.29540     -0.739220     -0.634035    
   6.10000      -1.29132     -0.856069     -0.701716    
   6.20000      -1.28126     -0.989254     -0.842066    
   6.30000      -1.65012      -1.24314     -0.921625    
   6.40000      -1.80947      -1.26891     -0.929916    
   6.50000      -2.09356      -1.31159     -0.801054    
   6.60000      -1.94105      -1.55071     -0.469329    
   6.70000      -1.67545      -1.80815     -0.381365    
   6.80000      -1.68482      -1.80155     -0.286905    
   6.90000      -1.27178      -1.89863     -0.201408    
   7.00000     -0.971660      -1.84508     -0.376727    
   7.10000     -0.577255      -1.73542     -0.515240    
   7.20000     -0.155592      -1.80797     -0.614402    
   7.30000      0.239320      -1.69861     -0.752106    
   7.40000      0.604549      -1.71588     -0.907601    
   7.50000      0.866247      -1.59019     -0.896366    
   7.60000       1.25525      -1.45514     -0.916556    
   7.70000       1.50739      -1.50310      -1.02192    
   7.80000       1.49395      -1.54275      -1.15923    
   7.90000       1.50541      -1.36298      -1.00708    
   8.00000       1.63852      -1.36892     -0.874881    
   8.10000       1.66232      -1.39174      -1.14365    
   8.20000       1.53904      -1.20282      -1.09208    
   8.30000       1.55528      -1.27194      -1.12556    
   8.40000       1.38825      -1.36552      -1.02848    
   8.50000       1.30460      -1.24026      -1.07626    
   8.60000       1.20303      -1.27490      -1.19134    
   8.70000       1.27461      -1.17356      -1.40820    
   8.80000       1.30763     -0.997779      -1.20147    
   8.90000       1.24182     -0.793587     -0.907432    
   9.00000       1.34197     -0.674086     -0.766910    
   9.10000       1.33010     -0.663247     -0.757569    
   9.20000       1.23183     -0.950919     -0.715381    
   9.30000       1.25552      -1.05562     -0.762511    
   9.40000       1.39510     -0.952365     -0.559253    
   9.50000       1.51539      -1.00111     -0.325764    
   9.60000       1.52176     -0.938268     -0.181980    
   9.70000       1.38430     -0.748278     -0.551402E-01
   9.80000       1.31131     -0.651215      0.443511E-01
   9.90000       1.13203     -0.458963      0.867019E-01
   10.0000       1.07749     -0.110687      0.647475E-01
