    -8.00000        0.171651    
    -7.84000        0.207204    
    -7.68000        0.238143    
    -7.52000        0.263585    
    -7.36000        0.282769    
    -7.20000        0.295071    
    -7.04000        0.300026    
    -6.88000        0.297343    
    -6.72000        0.286912    
    -6.56000        0.268811    
    -6.40000        0.243311    
    -6.24000        0.210870    
    -6.08000        0.172131    
    -5.92000        0.127901    
    -5.76000        0.791482E-01
    -5.60000        0.269709E-01
    -5.44000       -0.274180E-01
    -5.28000       -0.827198E-01
    -5.12000       -0.137578    
    -4.96000       -0.190607    
    -4.80000       -0.240425    
    -4.64000       -0.285687    
    -4.48000       -0.325110    
    -4.32000       -0.357509    
    -4.16000       -0.381826    
    -4.00000       -0.397150    
    -3.84000       -0.402746    
    -3.68000       -0.398071    
    -3.52000       -0.382791    
    -3.36000       -0.356793    
    -3.20000       -0.320188    
    -3.04000       -0.273314    
    -2.88000       -0.216733    
    -2.72000       -0.151220    
    -2.56000       -0.777531E-01
    -2.40000        0.250768E-02
    -2.24000        0.882416E-01
    -2.08000        0.177993    
    -1.92000        0.270201    
    -1.76000        0.363229    
    -1.60000        0.455402    
    -1.44000        0.545038    
    -1.28000        0.630482    
    -1.12000        0.710146    
   -0.960000        0.782536    
   -0.800000        0.846287    
   -0.640000        0.900192    
   -0.480000        0.943224    
   -0.320000        0.974563    
   -0.160000        0.993610    
     0.00000         1.00000    
    0.160000        0.993610    
    0.320000        0.974563    
    0.480000        0.943224    
    0.640000        0.900192    
    0.800000        0.846287    
    0.960000        0.782536    
     1.12000        0.710146    
     1.28000        0.630482    
     1.44000        0.545038    
     1.60000        0.455402    
     1.76000        0.363229    
     1.92000        0.270201    
     2.08000        0.177993    
     2.24000        0.882416E-01
     2.40000        0.250768E-02
     2.56000       -0.777531E-01
     2.72000       -0.151220    
     2.88000       -0.216733    
     3.04000       -0.273314    
     3.20000       -0.320188    
     3.36000       -0.356793    
     3.52000       -0.382791    
     3.68000       -0.398071    
     3.84000       -0.402746    
     4.00000       -0.397150    
     4.16000       -0.381826    
     4.32000       -0.357509    
     4.48000       -0.325110    
     4.64000       -0.285687    
     4.80000       -0.240425    
     4.96000       -0.190607    
     5.12000       -0.137578    
     5.28000       -0.827198E-01
     5.44000       -0.274180E-01
     5.60000        0.269709E-01
     5.76000        0.791482E-01
     5.92000        0.127901    
     6.08000        0.172131    
     6.24000        0.210870    
     6.40000        0.243311    
     6.56000        0.268811    
     6.72000        0.286912    
     6.88000        0.297343    
     7.04000        0.300026    
     7.20000        0.295071    
     7.36000        0.282769    
     7.52000        0.263585    
     7.68000        0.238143    
     7.84000        0.207204    
     8.00000        0.171651    
