     0.00000         0.00000         0.00000         0.00000         0.00000    
    0.500000E-01    0.447214        0.182574        0.141421        0.115470    
    0.100000        0.632456        0.258199        0.200000        0.163299    
    0.150000        0.774597        0.316228        0.244949        0.200000    
    0.200000        0.894427        0.365148        0.282843        0.230940    
    0.250000         1.00000        0.408248        0.316228        0.258199    
    0.300000        0.912871        0.447214        0.346410        0.282843    
    0.350000        0.845154        0.483046        0.374166        0.305505    
    0.400000        0.790569        0.516398        0.400000        0.326599    
    0.450000        0.745356        0.547723        0.424264        0.346410    
    0.500000        0.707107        0.577350        0.447214        0.365148    
    0.550000        0.674200        0.605530        0.469042        0.382971    
    0.600000        0.645497        0.632456        0.489898        0.400000    
    0.650000        0.620174        0.658281        0.509902        0.416333    
    0.700000        0.597614        0.683130        0.529150        0.432049    
    0.750000        0.577350        0.707107        0.547723        0.447214    
    0.800000        0.559017        0.730297        0.565685        0.461880    
    0.850000        0.542326        0.752773        0.583095        0.476095    
    0.900000        0.527046        0.774597        0.600000        0.489898    
    0.950000        0.512989        0.795822        0.616441        0.503322    
     1.00000        0.500000        0.816497        0.632456        0.516398    
     1.05000        0.487950        0.836660        0.648074        0.529150    
     1.10000        0.476731        0.856349        0.663325        0.541603    
     1.15000        0.466252        0.875595        0.678233        0.553775    
     1.20000        0.456435        0.894427        0.692820        0.565685    
     1.25000        0.447214        0.912871        0.707107        0.577350    
     1.30000        0.438529        0.930949        0.721110        0.588784    
     1.35000        0.430331        0.948683        0.734847        0.600000    
     1.40000        0.422577        0.966092        0.748331        0.611010    
     1.45000        0.415227        0.983192        0.761577        0.621825    
     1.50000        0.408248         1.00000        0.774597        0.632456    
     1.55000        0.401610        0.983739        0.787401        0.642910    
     1.60000        0.395285        0.968246        0.800000        0.653197    
     1.65000        0.389249        0.953463        0.812404        0.663325    
     1.70000        0.383482        0.939336        0.824621        0.673300    
     1.75000        0.377964        0.925820        0.836660        0.683130    
     1.80000        0.372678        0.912871        0.848528        0.692820    
     1.85000        0.367607        0.900450        0.860233        0.702377    
     1.90000        0.362738        0.888523        0.871780        0.711805    
     1.95000        0.358057        0.877058        0.883176        0.721110    
     2.00000        0.353553        0.866025        0.894427        0.730297    
     2.05000        0.349215        0.855399        0.905539        0.739369    
     2.10000        0.345033        0.845154        0.916515        0.748331    
     2.15000        0.340997        0.835269        0.927362        0.757188    
     2.20000        0.337100        0.825723        0.938083        0.765942    
     2.25000        0.333333        0.816497        0.948683        0.774597    
     2.30000        0.329690        0.807573        0.959166        0.783156    
     2.35000        0.326164        0.798935        0.969536        0.791623    
     2.40000        0.322749        0.790569        0.979796        0.800000    
     2.45000        0.319438        0.782461        0.989949        0.808290    
     2.50000        0.316228        0.774597         1.00000        0.816497    
     2.55000        0.313112        0.766965        0.990148        0.824621    
     2.60000        0.310087        0.759555        0.980581        0.832666    
     2.65000        0.307148        0.752355        0.971286        0.840635    
     2.70000        0.304290        0.745356        0.962250        0.848528    
     2.75000        0.301511        0.738549        0.953463        0.856349    
     2.80000        0.298807        0.731925        0.944911        0.864099    
     2.85000        0.296174        0.725476        0.936586        0.871780    
     2.90000        0.293610        0.719195        0.928477        0.879394    
     2.95000        0.291111        0.713074        0.920575        0.886942    
     3.00000        0.288675        0.707107        0.912871        0.894427    
     3.05000        0.286299        0.701287        0.905357        0.901850    
     3.10000        0.283981        0.695608        0.898027        0.909212    
     3.15000        0.281718        0.690066        0.890871        0.916515    
     3.20000        0.279508        0.684653        0.883883        0.923760    
     3.25000        0.277350        0.679366        0.877058        0.930949    
     3.30000        0.275241        0.674200        0.870388        0.938083    
     3.35000        0.273179        0.669150        0.863868        0.945163    
     3.40000        0.271163        0.664211        0.857493        0.952190    
     3.45000        0.269191        0.659380        0.851257        0.959166    
     3.50000        0.267261        0.654654        0.845154        0.966092    
     3.55000        0.265372        0.650027        0.839181        0.972968    
     3.60000        0.263523        0.645497        0.833333        0.979796    
     3.65000        0.261712        0.641061        0.827606        0.986577    
     3.70000        0.259938        0.636715        0.821995        0.993311    
     3.75000        0.258199        0.632456        0.816497         1.00000    
     3.80000        0.256495        0.628281        0.811107        0.993399    
     3.85000        0.254824        0.624188        0.805823        0.986928    
     3.90000        0.253185        0.620174        0.800641        0.980581    
     3.95000        0.251577        0.616236        0.795557        0.974355    
     4.00000        0.250000        0.612372        0.790569        0.968246    
     4.05000        0.248452        0.608581        0.785674        0.962250    
     4.10000        0.246932        0.604858        0.780869        0.956365    
     4.15000        0.245440        0.601204        0.776151        0.950586    
     4.20000        0.243975        0.597614        0.771517        0.944911    
     4.25000        0.242536        0.594089        0.766965        0.939336    
     4.30000        0.241121        0.590624        0.762493        0.933859    
     4.35000        0.239732        0.587220        0.758098        0.928477    
     4.40000        0.238366        0.583874        0.753778        0.923186    
     4.45000        0.237023        0.580585        0.749532        0.917985    
     4.50000        0.235702        0.577350        0.745356        0.912871    
     4.55000        0.234404        0.574169        0.741249        0.907841    
     4.60000        0.233126        0.571040        0.737210        0.902894    
     4.65000        0.231869        0.567962        0.733236        0.898027    
     4.70000        0.230633        0.564933        0.729325        0.893237    
     4.75000        0.229416        0.561951        0.725476        0.888523    
     4.80000        0.228218        0.559017        0.721688        0.883883    
     4.85000        0.227038        0.556128        0.717958        0.879316    
     4.90000        0.225877        0.553283        0.714286        0.874818    
     4.95000        0.224733        0.550482        0.710669        0.870388    
     5.00000        0.223607        0.547723        0.707107        0.866025    
