   0.00000       1.31358      0.548248      0.734865    
  0.100000       1.67904     -0.964263     -0.607906E-01
  0.200000      0.852963     -0.966425      0.577284    
  0.300000      0.369626      -1.89809      0.141266    
  0.400000      0.204544      -1.87485      0.231060    
  0.500000      0.725390      -1.43421      0.839692    
  0.600000      0.880616      -1.64399      0.887194    
  0.700000       1.29507      -1.23093       1.13271    
  0.800000       1.58250     -0.740354       1.23606    
  0.900000      0.936632      -1.07397       1.54735    
   1.00000      0.298730     -0.818825       1.49304    
   1.10000     -0.391300     -0.895669       1.32480    
   1.20000     -0.162232      -1.00519       1.33994    
   1.30000     -0.144863     -0.429987       1.26193    
   1.40000     -0.500593     -0.338997       1.07785    
   1.50000     -0.309833     -0.856090       1.35813    
   1.60000     -0.298051     -0.558265       1.25007    
   1.70000     -0.355880     -0.796314       1.58914    
   1.80000     -0.257479     -0.577141       1.15850    
   1.90000      0.245845     -0.625065       1.02406    
   2.00000      0.281121     -0.458463       1.16300    
   2.10000      0.339328     -0.427542       1.25994    
   2.20000      0.232653      0.369026E-01   1.76625    
   2.30000      0.653855      0.120600E-01   1.63948    
   2.40000      0.659801     -0.498356E-01   1.62944    
   2.50000      0.926234     -0.254434       1.58415    
   2.60000      0.740099     -0.266340       1.79260    
   2.70000      0.487051     -0.274074       1.48633    
   2.80000      0.794729     -0.702718       1.57677    
   2.90000      0.768449     -0.865493       1.52645    
   3.00000      0.868872      -1.24249       1.53863    
   3.10000      0.712065      -1.53743       1.32159    
   3.20000      0.643547      -1.51462       1.13237    
   3.30000      0.542545      -1.62996      0.962784    
   3.40000      0.561343      -1.46657       1.11555    
   3.50000      0.494009      -1.28941       1.29079    
   3.60000      0.445807      -1.08129       1.37362    
   3.70000      0.461392      -1.29287       1.44103    
   3.80000      0.159915      -1.21414       1.45903    
   3.90000      0.243901      -1.59919       1.97321    
   4.00000      0.438249      -1.33737       1.97605    
   4.10000      0.322548      -1.50440       1.81700    
   4.20000      0.439195      -1.37637       1.66653    
   4.30000      0.337458      -1.21320       1.60811    
   4.40000      0.446804      -1.26673       1.73758    
   4.50000      0.383766      -1.22868       1.74098    
   4.60000      0.126677      -1.19534       1.67748    
   4.70000      0.332908E-01  -1.03628       1.88208    
   4.80000      0.317292      -1.12291       1.91731    
   4.90000      0.354097      -1.22746       1.52721    
   5.00000      0.272295     -0.885401       1.48809    
   5.10000      0.189027     -0.872328       1.37454    
   5.20000     -0.130075     -0.977828       1.43471    
   5.30000     -0.758834E-01 -0.899738       1.28130    
   5.40000     -0.370379      -1.02020       1.04414    
   5.50000     -0.404255     -0.986432       1.04942    
   5.60000     -0.305051     -0.971380       1.21331    
   5.70000     -0.297181      -1.18061       1.11064    
   5.80000     -0.354864      -1.24885       1.01340    
   5.90000     -0.431948      -1.18461       1.02984    
   6.00000     -0.375775      -1.27622      0.817237    
   6.10000     -0.414785      -1.32466      0.862539    
   6.20000     -0.428598      -1.39243      0.752680    
   6.30000     -0.782742      -1.55927      0.734467    
   6.40000     -0.779062      -1.47254      0.745248    
   6.50000     -0.985264      -1.50751      0.843100    
   6.60000     -0.750230      -1.70073       1.05257    
   6.70000     -0.620267      -1.82710      0.962319    
   6.80000     -0.767640      -1.72548      0.986525    
   6.90000     -0.443689      -1.82696      0.994162    
   7.00000     -0.405728      -1.75451      0.792302    
   7.10000     -0.229528      -1.70818      0.736022    
   7.20000     -0.774858E-01  -1.83456      0.694257    
   7.30000      0.465213E-01  -1.73613      0.609291    
   7.40000      0.160371      -1.82222      0.526606    
   7.50000      0.206635      -1.73404      0.584780    
   7.60000      0.403466      -1.70242      0.547111    
   7.70000      0.442028      -1.81662      0.456104    
   7.80000      0.334899      -1.84971      0.371216    
   7.90000      0.357752      -1.71518      0.525913    
   8.00000      0.468196      -1.81229      0.546728    
   8.10000      0.451816      -1.84333      0.267464    
   8.20000      0.369953      -1.70859      0.393149    
   8.30000      0.453091      -1.85423      0.319561    
   8.40000      0.341229      -1.91187      0.389406    
   8.50000      0.369899      -1.79912      0.292214    
   8.60000      0.348129      -1.88964      0.203906    
   8.70000      0.466580      -1.81164      0.617046E-01
   8.80000      0.486920      -1.73549      0.276371    
   8.90000      0.450485      -1.66276      0.391591    
   9.00000      0.571014      -1.66353      0.366764    
   9.10000      0.544449      -1.71130      0.300052    
   9.20000      0.500442      -1.93601      0.304477    
   9.30000      0.573930      -1.91399      0.232943    
   9.40000      0.685367      -1.81185      0.379507    
   9.50000      0.742172      -1.88995      0.454088    
   9.60000      0.724624      -1.83132      0.458886    
   9.70000      0.645199      -1.72843      0.483358    
   9.80000      0.663211      -1.73504      0.494637    
   9.90000      0.582594      -1.64014      0.478355    
   10.0000      0.630636      -1.47271      0.439648    
