    -2.00000         0.00000    
    -1.96000         0.00000    
    -1.92000         0.00000    
    -1.88000         0.00000    
    -1.84000         0.00000    
    -1.80000         0.00000    
    -1.76000         0.00000    
    -1.72000         0.00000    
    -1.68000         0.00000    
    -1.64000         0.00000    
    -1.60000         0.00000    
    -1.56000         0.00000    
    -1.52000         0.00000    
    -1.48000         0.00000    
    -1.44000         0.00000    
    -1.40000         0.00000    
    -1.36000         0.00000    
    -1.32000         0.00000    
    -1.28000         0.00000    
    -1.24000         0.00000    
    -1.20000         0.00000    
    -1.16000         0.00000    
    -1.12000         0.00000    
    -1.08000         0.00000    
    -1.04000         0.00000    
    -1.00000         0.00000    
   -0.960000        0.954555E-02
   -0.920000        0.268341E-01
   -0.880000        0.489925E-01
   -0.840000        0.749559E-01
   -0.800000        0.104088    
   -0.760000        0.135945    
   -0.720000        0.170189    
   -0.680000        0.206551    
   -0.640000        0.244805    
   -0.600000        0.284757    
   -0.560000        0.326239    
   -0.520000        0.369099    
   -0.480000        0.413200    
   -0.440000        0.458416    
   -0.400000        0.504632    
   -0.360000        0.551736    
   -0.320000        0.599628    
   -0.280000        0.648208    
   -0.240000        0.697382    
   -0.200000        0.747060    
   -0.160000        0.797154    
   -0.120000        0.847579    
   -0.800000E-01    0.898250    
   -0.400000E-01    0.949084    
     0.00000         1.00000    
    0.400000E-01    0.949084    
    0.800000E-01    0.898250    
    0.120000        0.847579    
    0.160000        0.797154    
    0.200000        0.747060    
    0.240000        0.697382    
    0.280000        0.648208    
    0.320000        0.599628    
    0.360000        0.551736    
    0.400000        0.504632    
    0.440000        0.458416    
    0.480000        0.413200    
    0.520000        0.369099    
    0.560000        0.326239    
    0.600000        0.284757    
    0.640000        0.244805    
    0.680000        0.206551    
    0.720000        0.170189    
    0.760000        0.135945    
    0.800000        0.104088    
    0.840000        0.749559E-01
    0.880000        0.489925E-01
    0.920000        0.268341E-01
    0.960000        0.954555E-02
     1.00000         0.00000    
     1.04000         0.00000    
     1.08000         0.00000    
     1.12000         0.00000    
     1.16000         0.00000    
     1.20000         0.00000    
     1.24000         0.00000    
     1.28000         0.00000    
     1.32000         0.00000    
     1.36000         0.00000    
     1.40000         0.00000    
     1.44000         0.00000    
     1.48000         0.00000    
     1.52000         0.00000    
     1.56000         0.00000    
     1.60000         0.00000    
     1.64000         0.00000    
     1.68000         0.00000    
     1.72000         0.00000    
     1.76000         0.00000    
     1.80000         0.00000    
     1.84000         0.00000    
     1.88000         0.00000    
     1.92000         0.00000    
     1.96000         0.00000    
     2.00000         0.00000    
