   0.00000       1.67904     -0.964263     -0.607906E-01
  0.100000       1.23494      -1.03807      0.374936    
  0.200000      0.764759      -1.83787      0.731148E-01
  0.300000      0.484281      -1.85715      0.174716    
  0.400000      0.922307      -1.37016      0.848172    
  0.500000      0.993467      -1.56659      0.919530    
  0.600000       1.41013     -0.962684       1.23066    
  0.700000       1.68239     -0.207242       1.34610    
  0.800000      0.618862     -0.617140       1.74850    
  0.900000     -0.435816     -0.137942       1.58144    
   1.00000      -1.52753     -0.189282       1.20457    
   1.10000      -1.00282     -0.285199       1.12790    
   1.20000     -0.895563      0.808996      0.935516    
   1.30000      -1.53005      0.871962      0.465716    
   1.40000      -1.18242     -0.217965      0.843937    
   1.50000      -1.12532      0.319431      0.536744    
   1.60000      -1.17839     -0.310142       1.11325    
   1.70000     -0.773075      0.794289E-01  0.129328    
   1.80000      0.615264     -0.151515E-01 -0.177767    
   1.90000      0.888163      0.272602      0.192797    
   2.00000       1.08350      0.302443      0.452171    
   2.10000      0.730040       1.25060       1.58959    
   2.20000       1.68139      0.973852       1.23439    
   2.30000       1.60772      0.806823       1.14510    
   2.40000       2.04848      0.333427      0.914424    
   2.50000       1.39745      0.202130       1.37987    
   2.60000      0.590381      0.155375      0.521709    
   2.70000       1.16624      -1.05036      0.845332    
   2.80000      0.826599      -1.45771      0.631458    
   2.90000      0.982481      -2.45163      0.514978    
   3.00000      0.440257      -3.15679     -0.217265    
   3.10000      0.148084      -2.96504     -0.816936    
   3.20000     -0.290424      -2.98201      -1.14520    
   3.30000     -0.243882      -2.17879     -0.591710    
   3.40000     -0.437566      -1.36620     -0.199020E-01
   3.50000     -0.435864     -0.545600      0.259175    
   3.60000     -0.330577     -0.923417      0.577499    
   3.70000      -1.28068     -0.336002      0.625938    
   3.80000     -0.892762      -1.26782       2.20933    
   3.90000     -0.189614     -0.173655       2.14950    
   4.00000     -0.414266     -0.606150       1.64693    
   4.10000      0.634820E-01 -0.208218       1.13602    
   4.20000     -0.192552      0.257404      0.843096    
   4.30000      0.214572     -0.845102E-01   1.04162    
   4.40000      0.630020E-01 -0.667777E-01  0.840664    
   4.50000     -0.722517      0.228217E-01  0.480054    
   4.60000     -0.903747      0.629545       1.02909    
   4.70000      0.191365      0.317679      0.937021    
   4.80000      0.212881      0.368384E-02 -0.598958    
   4.90000     -0.129908       1.03720     -0.572327    
   5.00000     -0.361744      0.970195     -0.770883    
   5.10000      -1.44011      0.387732     -0.411961    
   5.20000      -1.07788      0.532411     -0.907612    
   5.30000      -2.00920      0.318742E-01  -1.69555    
   5.40000      -1.84468      0.725722E-01  -1.49333    
   5.50000      -1.21784      0.311753E-01 -0.745853    
   5.60000      -1.11641     -0.810364      -1.04175    
   5.70000      -1.31822     -0.989257      -1.11894    
   5.80000      -1.40015     -0.753793     -0.692499    
   5.90000     -0.911615      -1.19794      -1.31275    
   6.00000     -0.787058      -1.25314     -0.916562    
   6.10000     -0.571590      -1.36003      -1.16143    
   6.20000      -1.78658      -1.87200     -0.948965    
   6.30000      -1.47171      -1.31229     -0.697289    
   6.40000      -2.15936      -1.31713     -0.265060    
   6.50000      -1.09439      -1.87312      0.584987    
   6.60000     -0.453478      -2.07268      0.320985    
   6.70000     -0.920966      -1.45853      0.502657    
   6.80000      0.511728      -1.71670      0.584748    
   6.90000      0.658550      -1.18363     -0.150326    
   7.00000       1.42092     -0.814691     -0.348392    
   7.10000       2.06724      -1.15890     -0.443676    
   7.20000       2.57959     -0.572490     -0.783651    
   7.30000       2.81629     -0.874338      -1.12552    
   7.40000       2.71500     -0.329503     -0.888888    
   7.50000       3.06179     -0.428318E-01  -1.01604    
   7.60000       2.81893     -0.501443      -1.21188    
   7.70000       1.98660     -0.651411      -1.39829    
   7.80000       1.60508     -0.189131E-01 -0.485089    
   7.90000       1.74944     -0.502726     -0.167434    
   8.00000       1.28012     -0.603088      -1.25845    
   8.10000      0.607556      0.512575E-01 -0.505954    
   8.20000      0.747107     -0.649392     -0.685670    
   8.30000      0.508229E-01 -0.847496     -0.261499    
   8.40000      0.561939E-01 -0.341102     -0.650989    
   8.50000     -0.165640     -0.707272     -0.903412    
   8.60000      0.391486     -0.251566      -1.37633    
   8.70000      0.489465      0.713669E-01 -0.273778    
   8.80000      0.236212      0.335889      0.229363    
   8.90000      0.725328      0.346698      0.208520    
   9.00000      0.586331      0.680396E-01  0.348182E-01
   9.10000      0.368638      -1.01099      0.226028E-01
   9.20000      0.663186     -0.753450     -0.253575    
   9.30000       1.16481     -0.260004      0.474789    
   9.40000       1.28449     -0.693297      0.881535    
   9.50000       1.03789     -0.381709      0.886080    
   9.60000      0.479604      0.250049E-01  0.891802    
   9.70000      0.499549     -0.855785E-01  0.686828    
   9.80000      0.351850E-01  0.353498      0.501760    
   9.90000      0.184405       1.17767      0.314949    
   10.0000      0.417322       1.56243     -0.126326E-01
