  -2.00000       0.00000       0.00000       0.00000       0.00000      0.391002      0.685038    
  -1.96000       0.00000       0.00000       0.00000      0.338510E-02  0.402065      0.691206    
  -1.92000       0.00000       0.00000       0.00000      0.954555E-02  0.413200      0.697382    
  -1.88000       0.00000       0.00000       0.00000      0.174829E-01  0.424404      0.703566    
  -1.84000       0.00000       0.00000       0.00000      0.268341E-01  0.435676      0.709758    
  -1.80000       0.00000       0.00000       0.00000      0.373861E-01  0.447014      0.715957    
  -1.76000       0.00000       0.00000       0.00000      0.489925E-01  0.458416      0.722164    
  -1.72000       0.00000       0.00000       0.00000      0.615444E-01  0.469881      0.728377    
  -1.68000       0.00000       0.00000       0.00000      0.749559E-01  0.481406      0.734598    
  -1.64000       0.00000       0.00000       0.00000      0.891568E-01  0.492990      0.740826    
  -1.60000       0.00000       0.00000       0.00000      0.104088      0.504632      0.747060    
  -1.56000       0.00000       0.00000       0.00000      0.119699      0.516329      0.753301    
  -1.52000       0.00000       0.00000       0.00000      0.135945      0.528079      0.759548    
  -1.48000       0.00000       0.00000      0.184447E-02  0.152787      0.539883      0.765801    
  -1.44000       0.00000       0.00000      0.954555E-02  0.170189      0.551736      0.772061    
  -1.40000       0.00000       0.00000      0.204553E-01  0.188120      0.563639      0.778326    
  -1.36000       0.00000       0.00000      0.337453E-01  0.206551      0.575590      0.784596    
  -1.32000       0.00000       0.00000      0.489925E-01  0.225454      0.587587      0.790873    
  -1.28000       0.00000       0.00000      0.659232E-01  0.244805      0.599628      0.797154    
  -1.24000       0.00000       0.00000      0.843393E-01  0.264579      0.611712      0.803441    
  -1.20000       0.00000       0.00000      0.104088      0.284757      0.623838      0.809733    
  -1.16000       0.00000       0.00000      0.125046      0.305317      0.636003      0.816029    
  -1.12000       0.00000       0.00000      0.147109      0.326239      0.648208      0.822330    
  -1.08000       0.00000       0.00000      0.170189      0.347505      0.660449      0.828636    
  -1.04000       0.00000       0.00000      0.194210      0.369099      0.672726      0.834946    
  -1.00000       0.00000       0.00000      0.219102      0.391002      0.685038      0.841260    
 -0.960000       0.00000      0.954555E-02  0.244805      0.413200      0.697382      0.847579    
 -0.920000       0.00000      0.268341E-01  0.271262      0.435676      0.709758      0.853901    
 -0.880000       0.00000      0.489925E-01  0.298422      0.458416      0.722164      0.860227    
 -0.840000       0.00000      0.749559E-01  0.326239      0.481406      0.734598      0.866556    
 -0.800000       0.00000      0.104088      0.354668      0.504632      0.747060      0.872889    
 -0.760000       0.00000      0.135945      0.383668      0.528079      0.759548      0.879224    
 -0.720000       0.00000      0.170189      0.413200      0.551736      0.772061      0.885563    
 -0.680000       0.00000      0.206551      0.443228      0.575590      0.784596      0.891905    
 -0.640000       0.00000      0.244805      0.473716      0.599628      0.797154      0.898250    
 -0.600000       0.00000      0.284757      0.504632      0.623838      0.809733      0.904597    
 -0.560000       0.00000      0.326239      0.535942      0.648208      0.822330      0.910946    
 -0.520000       0.00000      0.369099      0.567618      0.672726      0.834946      0.917298    
 -0.480000      0.954555E-02  0.413200      0.599628      0.697382      0.847579      0.923651    
 -0.440000      0.489925E-01  0.458416      0.631944      0.722164      0.860227      0.930007    
 -0.400000      0.104088      0.504632      0.664538      0.747060      0.872889      0.936365    
 -0.360000      0.170189      0.551736      0.697382      0.772061      0.885563      0.942724    
 -0.320000      0.244805      0.599628      0.730450      0.797154      0.898250      0.949084    
 -0.280000      0.326239      0.648208      0.763716      0.822330      0.910946      0.955446    
 -0.240000      0.413200      0.697382      0.797154      0.847579      0.923651      0.961809    
 -0.200000      0.504632      0.747060      0.830739      0.872889      0.936365      0.968172    
 -0.160000      0.599628      0.797154      0.864446      0.898250      0.949084      0.974537    
 -0.120000      0.697382      0.847579      0.898250      0.923651      0.961809      0.980902    
 -0.800000E-01  0.797154      0.898250      0.932126      0.949084      0.974537      0.987268    
 -0.400000E-01  0.898250      0.949084      0.966051      0.974537      0.987268      0.993634    
   0.00000       1.00000       1.00000       1.00000       1.00000       1.00000       1.00000    
  0.400000E-01  0.898250      0.949084      0.966051      0.974537      0.987268      0.993634    
  0.800000E-01  0.797154      0.898250      0.932126      0.949084      0.974537      0.987268    
  0.120000      0.697382      0.847579      0.898250      0.923651      0.961809      0.980902    
  0.160000      0.599628      0.797154      0.864446      0.898250      0.949084      0.974537    
  0.200000      0.504632      0.747060      0.830739      0.872889      0.936365      0.968172    
  0.240000      0.413200      0.697382      0.797154      0.847579      0.923651      0.961809    
  0.280000      0.326239      0.648208      0.763716      0.822330      0.910946      0.955446    
  0.320000      0.244805      0.599628      0.730450      0.797154      0.898250      0.949084    
  0.360000      0.170189      0.551736      0.697382      0.772061      0.885563      0.942724    
  0.400000      0.104088      0.504632      0.664538      0.747060      0.872889      0.936365    
  0.440000      0.489925E-01  0.458416      0.631944      0.722164      0.860227      0.930007    
  0.480000      0.954555E-02  0.413200      0.599628      0.697382      0.847579      0.923651    
  0.520000       0.00000      0.369099      0.567618      0.672726      0.834946      0.917298    
  0.560000       0.00000      0.326239      0.535942      0.648208      0.822330      0.910946    
  0.600000       0.00000      0.284757      0.504632      0.623838      0.809733      0.904597    
  0.640000       0.00000      0.244805      0.473716      0.599628      0.797154      0.898250    
  0.680000       0.00000      0.206551      0.443228      0.575590      0.784596      0.891905    
  0.720000       0.00000      0.170189      0.413200      0.551736      0.772061      0.885563    
  0.760000       0.00000      0.135945      0.383668      0.528079      0.759548      0.879224    
  0.800000       0.00000      0.104088      0.354668      0.504632      0.747060      0.872889    
  0.840000       0.00000      0.749559E-01  0.326239      0.481406      0.734598      0.866556    
  0.880000       0.00000      0.489925E-01  0.298422      0.458416      0.722164      0.860227    
  0.920000       0.00000      0.268341E-01  0.271262      0.435676      0.709758      0.853901    
  0.960000       0.00000      0.954555E-02  0.244805      0.413200      0.697382      0.847579    
   1.00000       0.00000       0.00000      0.219102      0.391002      0.685038      0.841260    
   1.04000       0.00000       0.00000      0.194210      0.369099      0.672726      0.834946    
   1.08000       0.00000       0.00000      0.170189      0.347505      0.660449      0.828636    
   1.12000       0.00000       0.00000      0.147109      0.326239      0.648208      0.822330    
   1.16000       0.00000       0.00000      0.125046      0.305317      0.636003      0.816029    
   1.20000       0.00000       0.00000      0.104088      0.284757      0.623838      0.809733    
   1.24000       0.00000       0.00000      0.843393E-01  0.264579      0.611712      0.803441    
   1.28000       0.00000       0.00000      0.659232E-01  0.244805      0.599628      0.797154    
   1.32000       0.00000       0.00000      0.489925E-01  0.225454      0.587587      0.790873    
   1.36000       0.00000       0.00000      0.337453E-01  0.206551      0.575590      0.784596    
   1.40000       0.00000       0.00000      0.204553E-01  0.188120      0.563639      0.778326    
   1.44000       0.00000       0.00000      0.954555E-02  0.170189      0.551736      0.772061    
   1.48000       0.00000       0.00000      0.184447E-02  0.152787      0.539883      0.765801    
   1.52000       0.00000       0.00000       0.00000      0.135945      0.528079      0.759548    
   1.56000       0.00000       0.00000       0.00000      0.119699      0.516329      0.753301    
   1.60000       0.00000       0.00000       0.00000      0.104088      0.504632      0.747060    
   1.64000       0.00000       0.00000       0.00000      0.891568E-01  0.492990      0.740826    
   1.68000       0.00000       0.00000       0.00000      0.749559E-01  0.481406      0.734598    
   1.72000       0.00000       0.00000       0.00000      0.615444E-01  0.469881      0.728377    
   1.76000       0.00000       0.00000       0.00000      0.489925E-01  0.458416      0.722164    
   1.80000       0.00000       0.00000       0.00000      0.373861E-01  0.447014      0.715957    
   1.84000       0.00000       0.00000       0.00000      0.268341E-01  0.435676      0.709758    
   1.88000       0.00000       0.00000       0.00000      0.174829E-01  0.424404      0.703566    
   1.92000       0.00000       0.00000       0.00000      0.954555E-02  0.413200      0.697382    
   1.96000       0.00000       0.00000       0.00000      0.338510E-02  0.402065      0.691206    
   2.00000       0.00000       0.00000       0.00000       0.00000      0.391002      0.685038    
