   0.00000       5.94090      -13.2146       5.19214    
  0.100000       7.61994      -14.1788       5.13135    
  0.200000       7.61994      -14.1788       5.13135    
  0.300000       7.61994      -14.1788       5.13135    
  0.400000       7.61994      -14.1788       5.13135    
  0.500000       7.61994      -14.1788       5.13135    
  0.600000       7.61994      -14.1788       5.13135    
  0.700000       7.61994      -14.1788       5.13135    
  0.800000       7.61994      -14.1788       5.13135    
  0.900000       7.61994      -14.1788       5.13135    
   1.00000       7.61994      -14.1788       5.13135    
   1.10000       7.61994      -14.1788       5.13135    
   1.20000       7.61994      -14.1788       5.13135    
   1.30000       7.61994      -14.1788       5.13135    
   1.40000       7.61994      -14.1788       5.13135    
   1.50000       7.61994      -14.1788       5.13135    
   1.60000       7.61994      -14.1788       5.13135    
   1.70000       7.61994      -14.1788       5.13135    
   1.80000       7.61994      -14.1788       5.13135    
   1.90000       7.61994      -14.1788       5.13135    
   2.00000       7.61994      -14.1788       5.13135    
   2.10000       7.61994      -14.1788       5.13135    
   2.20000       7.61994      -14.1788       5.13135    
   2.30000       7.61994      -14.1788       5.13135    
   2.40000       7.61994      -14.1788       5.13135    
   2.50000       7.61994      -14.1788       5.13135    
   2.60000       7.61994      -14.1788       5.13135    
   2.70000       7.61994      -14.1788       5.13135    
   2.80000       7.61994      -14.1788       5.13135    
   2.90000       7.61994      -14.1788       5.13135    
   3.00000       7.61994      -14.1788       5.13135    
   3.10000       7.61994      -14.1788       5.13135    
   3.20000       7.61994      -14.1788       5.13135    
   3.30000       7.61994      -14.1788       5.13135    
   3.40000       7.61994      -14.1788       5.13135    
   3.50000       7.61994      -14.1788       5.13135    
   3.60000       7.61994      -14.1788       5.13135    
   3.70000       7.61994      -14.1788       5.13135    
   3.80000       7.61994      -14.1788       5.13135    
   3.90000       7.61994      -14.1788       5.13135    
   4.00000       7.61994      -14.1788       5.13135    
   4.10000       7.61994      -14.1788       5.13135    
   4.20000       7.61994      -14.1788       5.13135    
   4.30000       7.61994      -14.1788       5.13135    
   4.40000       7.61994      -14.1788       5.13135    
   4.50000       7.61994      -14.1788       5.13135    
   4.60000       7.61994      -14.1788       5.13135    
   4.70000       7.61994      -14.1788       5.13135    
   4.80000       7.61994      -14.1788       5.13135    
   4.90000       7.61994      -14.1788       5.13135    
   5.00000       7.61994      -14.1788       5.13135    
   5.10000       7.61994      -14.1788       5.13135    
   5.20000       7.61994      -14.1788       5.13135    
   5.30000       7.61994      -14.1788       5.13135    
   5.40000       7.61994      -14.1788       5.13135    
   5.50000       7.61994      -14.1788       5.13135    
   5.60000       7.61994      -14.1788       5.13135    
   5.70000       7.61994      -14.1788       5.13135    
   5.80000       7.61994      -14.1788       5.13135    
   5.90000       7.61994      -14.1788       5.13135    
   6.00000       7.61994      -14.1788       5.13135    
   6.10000       7.61994      -14.1788       5.13135    
   6.20000       7.61994      -14.1788       5.13135    
   6.30000       7.61994      -14.1788       5.13135    
   6.40000       7.61994      -14.1788       5.13135    
   6.50000       7.61994      -14.1788       5.13135    
   6.60000       7.61994      -14.1788       5.13135    
   6.70000       7.61994      -14.1788       5.13135    
   6.80000       7.61994      -14.1788       5.13135    
   6.90000       7.61994      -14.1788       5.13135    
   7.00000       7.61994      -14.1788       5.13135    
   7.10000       7.61994      -14.1788       5.13135    
   7.20000       7.61994      -14.1788       5.13135    
   7.30000       7.61994      -14.1788       5.13135    
   7.40000       7.61994      -14.1788       5.13135    
   7.50000       7.61994      -14.1788       5.13135    
   7.60000       7.61994      -14.1788       5.13135    
   7.70000       7.61994      -14.1788       5.13135    
   7.80000       7.61994      -14.1788       5.13135    
   7.90000       7.61994      -14.1788       5.13135    
   8.00000       7.61994      -14.1788       5.13135    
   8.10000       7.61994      -14.1788       5.13135    
   8.20000       7.61994      -14.1788       5.13135    
   8.30000       7.61994      -14.1788       5.13135    
   8.40000       7.61994      -14.1788       5.13135    
   8.50000       7.61994      -14.1788       5.13135    
   8.60000       7.61994      -14.1788       5.13135    
   8.70000       7.61994      -14.1788       5.13135    
   8.80000       7.61994      -14.1788       5.13135    
   8.90000       7.61994      -14.1788       5.13135    
   9.00000       7.61994      -14.1788       5.13135    
   9.10000       7.61994      -14.1788       5.13135    
   9.20000       7.61994      -14.1788       5.13135    
   9.30000       7.61994      -14.1788       5.13135    
   9.40000       7.61994      -14.1788       5.13135    
   9.50000       7.61994      -14.1788       5.13135    
   9.60000       7.61994      -14.1788       5.13135    
   9.70000       7.61994      -14.1788       5.13135    
   9.80000       7.61994      -14.1788       5.13135    
   9.90000       7.61994      -14.1788       5.13135    
   10.0000       7.61994      -14.1788       5.13135    
