    -2.00000         1.00000    
    -1.96000         1.00000    
    -1.92000         1.00000    
    -1.88000         1.00000    
    -1.84000         1.00000    
    -1.80000         1.00000    
    -1.76000         1.00000    
    -1.72000         1.00000    
    -1.68000         1.00000    
    -1.64000         1.00000    
    -1.60000         1.00000    
    -1.56000         1.00000    
    -1.52000         1.00000    
    -1.48000         1.00000    
    -1.44000         1.00000    
    -1.40000         1.00000    
    -1.36000         1.00000    
    -1.32000         1.00000    
    -1.28000         1.00000    
    -1.24000         1.00000    
    -1.20000         1.00000    
    -1.16000         1.00000    
    -1.12000         1.00000    
    -1.08000         1.00000    
    -1.04000         1.00000    
    -1.00000         1.00000    
   -0.960000         1.00000    
   -0.920000         1.00000    
   -0.880000         1.00000    
   -0.840000         1.00000    
   -0.800000         1.00000    
   -0.760000         1.00000    
   -0.720000         1.00000    
   -0.680000         1.00000    
   -0.640000         1.00000    
   -0.600000         1.00000    
   -0.560000         1.00000    
   -0.520000         1.00000    
   -0.480000         1.00000    
   -0.440000         1.00000    
   -0.400000         1.00000    
   -0.360000         1.00000    
   -0.320000         1.00000    
   -0.280000         1.00000    
   -0.240000         1.00000    
   -0.200000         1.00000    
   -0.160000         1.00000    
   -0.120000         1.00000    
   -0.800000E-01     1.00000    
   -0.400000E-01     1.00000    
     0.00000         1.00000    
    0.400000E-01     1.00000    
    0.800000E-01     1.00000    
    0.120000         1.00000    
    0.160000         1.00000    
    0.200000         1.00000    
    0.240000         1.00000    
    0.280000         1.00000    
    0.320000         1.00000    
    0.360000         1.00000    
    0.400000         1.00000    
    0.440000         1.00000    
    0.480000         1.00000    
    0.520000         1.00000    
    0.560000         1.00000    
    0.600000         1.00000    
    0.640000         1.00000    
    0.680000         1.00000    
    0.720000         1.00000    
    0.760000         1.00000    
    0.800000         1.00000    
    0.840000         1.00000    
    0.880000         1.00000    
    0.920000         1.00000    
    0.960000         1.00000    
     1.00000         1.00000    
     1.04000         1.00000    
     1.08000         1.00000    
     1.12000         1.00000    
     1.16000         1.00000    
     1.20000         1.00000    
     1.24000         1.00000    
     1.28000         1.00000    
     1.32000         1.00000    
     1.36000         1.00000    
     1.40000         1.00000    
     1.44000         1.00000    
     1.48000         1.00000    
     1.52000         1.00000    
     1.56000         1.00000    
     1.60000         1.00000    
     1.64000         1.00000    
     1.68000         1.00000    
     1.72000         1.00000    
     1.76000         1.00000    
     1.80000         1.00000    
     1.84000         1.00000    
     1.88000         1.00000    
     1.92000         1.00000    
     1.96000         1.00000    
     2.00000         1.00000    
