  -8.00000       0.00000       0.00000       0.00000       0.00000       0.00000       0.00000    
  -7.84000       0.00000       0.00000       0.00000       0.00000       0.00000      0.136114E-05
  -7.68000       0.00000       0.00000       0.00000       0.00000       0.00000      0.211670E-04
  -7.52000       0.00000       0.00000       0.00000       0.00000       0.00000      0.104117E-03
  -7.36000       0.00000       0.00000       0.00000       0.00000       0.00000      0.319620E-03
  -7.20000       0.00000       0.00000       0.00000       0.00000       0.00000      0.757675E-03
  -7.04000       0.00000       0.00000       0.00000       0.00000       0.00000      0.152499E-02
  -6.88000       0.00000       0.00000       0.00000       0.00000       0.00000      0.274131E-02
  -6.72000       0.00000       0.00000       0.00000       0.00000       0.00000      0.453596E-02
  -6.56000       0.00000       0.00000       0.00000       0.00000       0.00000      0.704465E-02
  -6.40000       0.00000       0.00000       0.00000       0.00000       0.00000      0.104064E-01
  -6.24000       0.00000       0.00000       0.00000       0.00000       0.00000      0.147607E-01
  -6.08000       0.00000       0.00000       0.00000       0.00000       0.00000      0.202451E-01
  -5.92000       0.00000       0.00000       0.00000       0.00000       0.00000      0.269923E-01
  -5.76000       0.00000       0.00000       0.00000       0.00000       0.00000      0.351284E-01
  -5.60000       0.00000       0.00000       0.00000       0.00000       0.00000      0.447707E-01
  -5.44000       0.00000       0.00000       0.00000       0.00000       0.00000      0.560257E-01
  -5.28000       0.00000       0.00000       0.00000       0.00000       0.00000      0.689873E-01
  -5.12000       0.00000       0.00000       0.00000       0.00000       0.00000      0.837357E-01
  -4.96000       0.00000       0.00000       0.00000       0.00000       0.00000      0.100336    
  -4.80000       0.00000       0.00000       0.00000       0.00000       0.00000      0.118835    
  -4.64000       0.00000       0.00000       0.00000       0.00000       0.00000      0.139265    
  -4.48000       0.00000       0.00000       0.00000       0.00000       0.00000      0.161637    
  -4.32000       0.00000       0.00000       0.00000       0.00000       0.00000      0.185944    
  -4.16000       0.00000       0.00000       0.00000       0.00000       0.00000      0.212159    
  -4.00000       0.00000       0.00000       0.00000       0.00000       0.00000      0.240234    
  -3.84000       0.00000       0.00000       0.00000       0.00000      0.211670E-04  0.270102    
  -3.68000       0.00000       0.00000       0.00000       0.00000      0.319620E-03  0.301672    
  -3.52000       0.00000       0.00000       0.00000       0.00000      0.152499E-02  0.334834    
  -3.36000       0.00000       0.00000       0.00000       0.00000      0.453596E-02  0.369457    
  -3.20000       0.00000       0.00000       0.00000       0.00000      0.104064E-01  0.405389    
  -3.04000       0.00000       0.00000       0.00000       0.00000      0.202451E-01  0.442456    
  -2.88000       0.00000       0.00000       0.00000       0.00000      0.351284E-01  0.480465    
  -2.72000       0.00000       0.00000       0.00000       0.00000      0.560257E-01  0.519202    
  -2.56000       0.00000       0.00000       0.00000       0.00000      0.837357E-01  0.558434    
  -2.40000       0.00000       0.00000       0.00000       0.00000      0.118835      0.597909    
  -2.24000       0.00000       0.00000       0.00000       0.00000      0.161637      0.637358    
  -2.08000       0.00000       0.00000       0.00000       0.00000      0.212159      0.676492    
  -1.92000       0.00000       0.00000       0.00000      0.211670E-04  0.270102      0.715007    
  -1.76000       0.00000       0.00000       0.00000      0.152499E-02  0.334834      0.752585    
  -1.60000       0.00000       0.00000       0.00000      0.104064E-01  0.405389      0.788890    
  -1.44000       0.00000       0.00000      0.211670E-04  0.351284E-01  0.480465      0.823573    
  -1.28000       0.00000       0.00000      0.326866E-02  0.837357E-01  0.558434      0.856275    
  -1.12000       0.00000       0.00000      0.245950E-01  0.161637      0.637358      0.886623    
 -0.960000       0.00000      0.211670E-04  0.837357E-01  0.270102      0.715007      0.914233    
 -0.800000       0.00000      0.104064E-01  0.194472      0.405389      0.788890      0.938715    
 -0.640000       0.00000      0.837357E-01  0.357763      0.558434      0.856275      0.959669    
 -0.480000      0.211670E-04  0.270102      0.558434      0.715007      0.914233      0.976687    
 -0.320000      0.837357E-01  0.558434      0.764845      0.856275      0.959669      0.989360    
 -0.160000      0.558434      0.856275      0.930927      0.959669      0.989360      0.997270    
   0.00000       1.00000       1.00000       1.00000       1.00000       1.00000       1.00000    
  0.160000      0.558434      0.856275      0.930927      0.959669      0.989360      0.997270    
  0.320000      0.837357E-01  0.558434      0.764845      0.856275      0.959669      0.989360    
  0.480000      0.211670E-04  0.270102      0.558434      0.715007      0.914233      0.976687    
  0.640000       0.00000      0.837357E-01  0.357763      0.558434      0.856275      0.959669    
  0.800000       0.00000      0.104064E-01  0.194472      0.405389      0.788890      0.938715    
  0.960000       0.00000      0.211670E-04  0.837357E-01  0.270102      0.715007      0.914233    
   1.12000       0.00000       0.00000      0.245950E-01  0.161637      0.637358      0.886623    
   1.28000       0.00000       0.00000      0.326866E-02  0.837357E-01  0.558434      0.856275    
   1.44000       0.00000       0.00000      0.211670E-04  0.351284E-01  0.480465      0.823573    
   1.60000       0.00000       0.00000       0.00000      0.104064E-01  0.405389      0.788890    
   1.76000       0.00000       0.00000       0.00000      0.152499E-02  0.334834      0.752585    
   1.92000       0.00000       0.00000       0.00000      0.211670E-04  0.270102      0.715007    
   2.08000       0.00000       0.00000       0.00000       0.00000      0.212159      0.676492    
   2.24000       0.00000       0.00000       0.00000       0.00000      0.161637      0.637358    
   2.40000       0.00000       0.00000       0.00000       0.00000      0.118835      0.597909    
   2.56000       0.00000       0.00000       0.00000       0.00000      0.837357E-01  0.558434    
   2.72000       0.00000       0.00000       0.00000       0.00000      0.560257E-01  0.519202    
   2.88000       0.00000       0.00000       0.00000       0.00000      0.351284E-01  0.480465    
   3.04000       0.00000       0.00000       0.00000       0.00000      0.202451E-01  0.442456    
   3.20000       0.00000       0.00000       0.00000       0.00000      0.104064E-01  0.405389    
   3.36000       0.00000       0.00000       0.00000       0.00000      0.453596E-02  0.369457    
   3.52000       0.00000       0.00000       0.00000       0.00000      0.152499E-02  0.334834    
   3.68000       0.00000       0.00000       0.00000       0.00000      0.319620E-03  0.301672    
   3.84000       0.00000       0.00000       0.00000       0.00000      0.211670E-04  0.270102    
   4.00000       0.00000       0.00000       0.00000       0.00000       0.00000      0.240234    
   4.16000       0.00000       0.00000       0.00000       0.00000       0.00000      0.212159    
   4.32000       0.00000       0.00000       0.00000       0.00000       0.00000      0.185944    
   4.48000       0.00000       0.00000       0.00000       0.00000       0.00000      0.161637    
   4.64000       0.00000       0.00000       0.00000       0.00000       0.00000      0.139265    
   4.80000       0.00000       0.00000       0.00000       0.00000       0.00000      0.118835    
   4.96000       0.00000       0.00000       0.00000       0.00000       0.00000      0.100336    
   5.12000       0.00000       0.00000       0.00000       0.00000       0.00000      0.837357E-01
   5.28000       0.00000       0.00000       0.00000       0.00000       0.00000      0.689873E-01
   5.44000       0.00000       0.00000       0.00000       0.00000       0.00000      0.560257E-01
   5.60000       0.00000       0.00000       0.00000       0.00000       0.00000      0.447707E-01
   5.76000       0.00000       0.00000       0.00000       0.00000       0.00000      0.351284E-01
   5.92000       0.00000       0.00000       0.00000       0.00000       0.00000      0.269923E-01
   6.08000       0.00000       0.00000       0.00000       0.00000       0.00000      0.202451E-01
   6.24000       0.00000       0.00000       0.00000       0.00000       0.00000      0.147607E-01
   6.40000       0.00000       0.00000       0.00000       0.00000       0.00000      0.104064E-01
   6.56000       0.00000       0.00000       0.00000       0.00000       0.00000      0.704465E-02
   6.72000       0.00000       0.00000       0.00000       0.00000       0.00000      0.453596E-02
   6.88000       0.00000       0.00000       0.00000       0.00000       0.00000      0.274131E-02
   7.04000       0.00000       0.00000       0.00000       0.00000       0.00000      0.152499E-02
   7.20000       0.00000       0.00000       0.00000       0.00000       0.00000      0.757675E-03
   7.36000       0.00000       0.00000       0.00000       0.00000       0.00000      0.319620E-03
   7.52000       0.00000       0.00000       0.00000       0.00000       0.00000      0.104117E-03
   7.68000       0.00000       0.00000       0.00000       0.00000       0.00000      0.211670E-04
   7.84000       0.00000       0.00000       0.00000       0.00000       0.00000      0.136114E-05
   8.00000       0.00000       0.00000       0.00000       0.00000       0.00000       0.00000    
