    -2.00000         0.00000    
    -1.96000         0.00000    
    -1.92000         0.00000    
    -1.88000         0.00000    
    -1.84000         0.00000    
    -1.80000         0.00000    
    -1.76000         0.00000    
    -1.72000         0.00000    
    -1.68000         0.00000    
    -1.64000         0.00000    
    -1.60000         0.00000    
    -1.56000         0.00000    
    -1.52000         0.00000    
    -1.48000         0.00000    
    -1.44000         0.00000    
    -1.40000         0.00000    
    -1.36000         0.00000    
    -1.32000         0.00000    
    -1.28000         0.00000    
    -1.24000         0.00000    
    -1.20000         0.00000    
    -1.16000         0.00000    
    -1.12000         0.00000    
    -1.08000         0.00000    
    -1.04000         0.00000    
    -1.00000         0.00000    
   -0.960000        0.211670E-04
   -0.920000        0.319620E-03
   -0.880000        0.152499E-02
   -0.840000        0.453596E-02
   -0.800000        0.104064E-01
   -0.760000        0.202451E-01
   -0.720000        0.351284E-01
   -0.680000        0.560257E-01
   -0.640000        0.837357E-01
   -0.600000        0.118835    
   -0.560000        0.161637    
   -0.520000        0.212159    
   -0.480000        0.270102    
   -0.440000        0.334834    
   -0.400000        0.405389    
   -0.360000        0.480465    
   -0.320000        0.558434    
   -0.280000        0.637358    
   -0.240000        0.715007    
   -0.200000        0.788890    
   -0.160000        0.856275    
   -0.120000        0.914233    
   -0.800000E-01    0.959669    
   -0.400000E-01    0.989360    
     0.00000         1.00000    
    0.400000E-01    0.989360    
    0.800000E-01    0.959669    
    0.120000        0.914233    
    0.160000        0.856275    
    0.200000        0.788890    
    0.240000        0.715007    
    0.280000        0.637358    
    0.320000        0.558434    
    0.360000        0.480465    
    0.400000        0.405389    
    0.440000        0.334834    
    0.480000        0.270102    
    0.520000        0.212159    
    0.560000        0.161637    
    0.600000        0.118835    
    0.640000        0.837357E-01
    0.680000        0.560257E-01
    0.720000        0.351284E-01
    0.760000        0.202451E-01
    0.800000        0.104064E-01
    0.840000        0.453596E-02
    0.880000        0.152499E-02
    0.920000        0.319620E-03
    0.960000        0.211670E-04
     1.00000         0.00000    
     1.04000         0.00000    
     1.08000         0.00000    
     1.12000         0.00000    
     1.16000         0.00000    
     1.20000         0.00000    
     1.24000         0.00000    
     1.28000         0.00000    
     1.32000         0.00000    
     1.36000         0.00000    
     1.40000         0.00000    
     1.44000         0.00000    
     1.48000         0.00000    
     1.52000         0.00000    
     1.56000         0.00000    
     1.60000         0.00000    
     1.64000         0.00000    
     1.68000         0.00000    
     1.72000         0.00000    
     1.76000         0.00000    
     1.80000         0.00000    
     1.84000         0.00000    
     1.88000         0.00000    
     1.92000         0.00000    
     1.96000         0.00000    
     2.00000         0.00000    
