   0.00000       1.67904     -0.964263     -0.607906E-01
  0.100000       1.41318      -1.04390      0.245298    
  0.200000      0.929900      -1.40903      0.332261    
  0.300000      0.415161      -1.71288      0.358608    
  0.400000      0.269980      -1.65369      0.631154    
  0.500000      0.351195      -1.57957      0.875889    
  0.600000      0.708773      -1.24427       1.12620    
  0.700000       1.21645     -0.591298       1.32165    
  0.800000       1.17904     -0.248541       1.58435    
  0.900000      0.549923      0.775101E-01   1.68408    
   1.00000     -0.540774      0.223969       1.51141    
   1.10000      -1.25159      0.110502       1.24408    
   1.20000      -1.59150      0.333959      0.898377    
   1.30000      -1.90822      0.605134      0.468998    
   1.40000      -1.78274      0.312504      0.380069    
   1.50000      -1.38087      0.195636      0.315760    
   1.60000     -0.933826     -0.309558E-01  0.583363    
   1.70000     -0.463621     -0.694289E-01  0.491363    
   1.80000      0.302412     -0.120048      0.219404    
   1.90000      0.867052     -0.158214E-01  0.129708    
   2.00000       1.19974      0.110795      0.200707    
   2.10000       1.22661      0.675893      0.777377    
   2.20000       1.47960       1.13347       1.13426    
   2.30000       1.59338       1.22562       1.28311    
   2.40000       1.78900      0.891495       1.27173    
   2.50000       1.61117      0.474991       1.39036    
   2.60000       1.00690      0.927920E-01   1.06693    
   2.70000      0.805534     -0.668861      0.713432    
   2.80000      0.694412      -1.44214      0.390472    
   2.90000      0.666823      -2.29113      0.194445    
   3.00000      0.442813      -3.05317     -0.105787    
   3.10000      0.167422      -3.28787     -0.510028    
   3.20000     -0.112315      -3.24883     -0.971261    
   3.30000     -0.261521      -2.74197      -1.02543    
   3.40000     -0.400198      -1.84309     -0.638683    
   3.50000     -0.564237     -0.706357     -0.103890    
   3.60000     -0.589950     -0.930644E-01  0.421822    
   3.70000     -0.869843      0.276742      0.843079    
   3.80000     -0.936419     -0.836278E-01   1.75511    
   3.90000     -0.591512     -0.249791       2.38272    
   4.00000     -0.389055     -0.565927       2.32196    
   4.10000     -0.936812E-01 -0.665645       1.74666    
   4.20000      0.314402E-01 -0.410439       1.03917    
   4.30000      0.237839     -0.170814      0.646939    
   4.40000      0.300616      0.831950E-01  0.408535    
   4.50000     -0.865714E-01  0.292442      0.164238    
   4.60000     -0.614850      0.589085      0.318594    
   4.70000     -0.568575      0.592356      0.648413    
   4.80000     -0.274987      0.287859      0.370083    
   4.90000     -0.117294      0.489029     -0.571411E-01
   5.00000     -0.130573      0.701009     -0.556121    
   5.10000     -0.617646      0.633118     -0.805866    
   5.20000     -0.931208      0.589755      -1.06584    
   5.30000      -1.49054      0.318332      -1.49948    
   5.40000      -1.94942      0.844095E-01  -1.68139    
   5.50000      -1.96184     -0.552474E-01  -1.30188    
   5.60000      -1.66163     -0.488640     -0.924982    
   5.70000      -1.28830     -0.972616     -0.775075    
   5.80000      -1.02106      -1.11265     -0.635206    
   5.90000     -0.689979      -1.17403     -0.800672    
   6.00000     -0.490092      -1.23072     -0.836557    
   6.10000     -0.400116      -1.29044     -0.939370    
   6.20000     -0.940992      -1.51664      -1.03175    
   6.30000      -1.42471      -1.46649     -0.986134    
   6.40000      -1.95612      -1.31283     -0.627619    
   6.50000      -1.80135      -1.45930      0.127831    
   6.60000      -1.18366      -1.76807      0.577171    
   6.70000     -0.832775      -1.69854      0.831988    
   6.80000      0.746767E-02  -1.62293      0.926676    
   6.90000      0.816370      -1.36133      0.516386    
   7.00000       1.59439     -0.961615     -0.334742E-01
   7.10000       2.23013     -0.835065     -0.536956    
   7.20000       2.62909     -0.574193     -0.993906    
   7.30000       2.82809     -0.463958      -1.34993    
   7.40000       2.78142     -0.294158      -1.30733    
   7.50000       2.86161     -0.134833      -1.12226    
   7.60000       2.75846     -0.245704      -1.03704    
   7.70000       2.22154     -0.439142      -1.04384    
   7.80000       1.65079     -0.325657     -0.708996    
   7.90000       1.32560     -0.341570     -0.321084    
   8.00000       1.03303     -0.462879     -0.541994    
   8.10000      0.607656     -0.294157     -0.551406    
   8.20000      0.414672     -0.376502     -0.595619    
   8.30000      0.109692     -0.599574     -0.465178    
   8.40000     -0.593838E-01 -0.513700     -0.469457    
   8.50000     -0.150857     -0.562206     -0.658512    
   8.60000      0.172126E-01 -0.482069      -1.05714    
   8.70000      0.229558     -0.196448     -0.851432    
   8.80000      0.327623      0.190848     -0.247041    
   8.90000      0.609654      0.435082      0.177592    
   9.00000      0.742045      0.449797      0.291834    
   9.10000      0.649556     -0.995325E-01  0.338817    
   9.20000      0.632248     -0.620872      0.194968    
   9.30000      0.798038     -0.736120      0.312405    
   9.40000       1.00843     -0.870037      0.536939    
   9.50000       1.06786     -0.810931      0.644001    
   9.60000      0.857104     -0.416170      0.731171    
   9.70000      0.619847     -0.301287E-01  0.828191    
   9.80000      0.244362      0.432759      0.803201    
   9.90000      0.263881E-01   1.06431      0.585469    
   10.0000     -0.305214E-02   1.56019      0.181387    
