   0.00000       1.31358      0.548248      0.734865    
  0.100000       1.91341      0.739164E-01  0.635153    
  0.200000       1.53473     -0.129208      0.946247    
  0.300000       1.12838     -0.976787      0.606169    
  0.400000      0.887493      -1.13232      0.625928    
  0.500000       1.28764     -0.829907       1.16359    
  0.600000       1.36820      -1.12718       1.17890    
  0.700000       1.75902     -0.707632       1.41638    
  0.800000       2.02507     -0.136586       1.49197    
  0.900000       1.08871     -0.593218       1.83617    
   1.00000      0.120141     -0.257633       1.68804    
   1.10000     -0.945847     -0.381578       1.36429    
   1.20000     -0.638580     -0.554525       1.30527    
   1.30000     -0.635130      0.344145       1.10029    
   1.40000      -1.22152      0.469014      0.722866    
   1.50000     -0.879308     -0.431131       1.12746    
   1.60000     -0.833144      0.795804E-01  0.863911    
   1.70000     -0.902505     -0.366561       1.40322    
   1.80000     -0.676828      0.320017E-01  0.525409    
   1.90000      0.317482     -0.760728E-01  0.217603    
   2.00000      0.391873      0.233085      0.451260    
   2.10000      0.504968      0.267708      0.605214    
   2.20000      0.275250       1.18159       1.59352    
   2.30000       1.14331       1.05594       1.24603    
   2.40000       1.10573      0.846390       1.14973    
   2.50000       1.62519      0.327372      0.978109    
   2.60000       1.12282      0.246164       1.37211    
   2.70000      0.474891      0.178906      0.596206    
   2.80000       1.12974     -0.849419      0.752559    
   2.90000      0.986140      -1.22114      0.580028    
   3.00000       1.14516      -2.07868      0.564548    
   3.10000      0.676522      -2.69688      0.521777E-04
   3.20000      0.439000      -2.49730     -0.472841    
   3.30000      0.131466      -2.63063     -0.872305    
   3.40000      0.142279      -2.04074     -0.431964    
   3.50000     -0.623527E-01  -1.42609      0.605485E-01
   3.60000     -0.204260     -0.749951      0.299265    
   3.70000     -0.166393      -1.20894      0.488579    
   3.80000     -0.971481     -0.880092      0.536767    
   3.90000     -0.694774      -1.82304       1.92384    
   4.00000     -0.116481     -0.957348       1.84780    
   4.10000     -0.417136      -1.31593       1.31196    
   4.20000     -0.512158E-01 -0.834461      0.812671    
   4.30000     -0.319313     -0.275292      0.592399    
   4.40000      0.309822E-01 -0.369333      0.922689    
   4.50000     -0.134237     -0.201876      0.873667    
   4.60000     -0.864301     -0.628730E-01  0.629349    
   4.70000      -1.07445      0.436070       1.19300    
   4.80000     -0.135331      0.166406       1.22376    
   4.90000      0.161636E-01 -0.155496     -0.408755E-01
   5.00000     -0.205546      0.900522     -0.172527    
   5.10000     -0.424671      0.884828     -0.520155    
   5.20000      -1.37191      0.488030     -0.299889    
   5.30000      -1.09436      0.680780     -0.754847    
   5.40000      -1.93309      0.227180      -1.44832    
   5.50000      -1.88820      0.286633      -1.31930    
   5.60000      -1.40313      0.282007     -0.668780    
   5.70000      -1.23281     -0.457349     -0.913289    
   5.80000      -1.28478     -0.694707      -1.12500    
   5.90000      -1.39818     -0.473035     -0.943290    
   6.00000      -1.05761     -0.778932      -1.53510    
   6.10000      -1.05545     -0.918969      -1.22097    
   6.20000     -0.969454      -1.11174      -1.44588    
   6.30000      -2.06128      -1.62925      -1.34103    
   6.40000      -1.85830      -1.23348      -1.13705    
   6.50000      -2.39301      -1.27348     -0.637054    
   6.60000      -1.34196      -1.86363      0.229972    
   6.70000     -0.711526      -2.18097     -0.167373E-01
   6.80000      -1.10889      -1.65766      0.147261    
   6.90000      0.204192      -1.88348      0.235056    
   7.00000      0.406439      -1.46243     -0.450119    
   7.10000       1.08848      -1.15416     -0.574946    
   7.20000       1.63107      -1.49731     -0.640819    
   7.30000       2.02281     -0.991612     -0.863276    
   7.40000       2.33575      -1.20061      -1.06494    
   7.50000       2.35785     -0.747793     -0.724761    
   7.60000       2.92823     -0.534963     -0.762030    
   7.70000       2.84868     -0.893960      -1.00055    
   7.80000       2.19658     -0.929399      -1.20282    
   7.90000       2.06584     -0.319521     -0.468921    
   8.00000       2.27492     -0.643499     -0.291420    
   8.10000       1.97299     -0.698978      -1.29865    
   8.20000       1.42514     -0.103747     -0.665398    
   8.30000       1.55766     -0.651502     -0.850133    
   8.40000      0.911426     -0.826443     -0.456660    
   8.50000      0.865027     -0.312075     -0.753129    
   8.60000      0.626049     -0.643577      -1.00122    
   8.70000      0.974720     -0.279338      -1.45436    
   8.80000      0.913250      0.560862E-01 -0.429321    
   8.90000      0.627367      0.354842      0.136269    
   9.00000       1.00773      0.328218      0.890855E-01
   9.10000      0.764734      0.100798     -0.137901    
   9.20000      0.465332     -0.856226     -0.637856E-01
   9.30000      0.678525     -0.730984     -0.316102    
   9.40000       1.04565     -0.270788      0.358118    
   9.50000       1.16489     -0.595045      0.687993    
   9.60000      0.961696     -0.321016      0.695148    
   9.70000      0.505139      0.128339      0.776636    
   9.80000      0.494208      0.813038E-01  0.788827    
   9.90000      0.635727E-01  0.470404      0.673858    
   10.0000      0.220146       1.14842      0.461676    
