    -6.00000        0.238002E-02
    -5.88000        0.257069E-02
    -5.76000        0.272959E-02
    -5.64000        0.284297E-02
    -5.52000        0.289478E-02
    -5.40000        0.286664E-02
    -5.28000        0.273779E-02
    -5.16000        0.248508E-02
    -5.04000        0.208314E-02
    -4.92000        0.150452E-02
    -4.80000        0.720095E-03
    -4.68000       -0.300485E-03
    -4.56000       -0.158814E-02
    -4.44000       -0.317350E-02
    -4.32000       -0.508583E-02
    -4.20000       -0.735174E-02
    -4.08000       -0.999355E-02
    -3.96000       -0.130274E-01
    -3.84000       -0.164612E-01
    -3.72000       -0.202919E-01
    -3.60000       -0.245028E-01
    -3.48000       -0.290602E-01
    -3.36000       -0.339101E-01
    -3.24000       -0.389744E-01
    -3.12000       -0.441469E-01
    -3.00000       -0.492888E-01
    -2.88000       -0.542250E-01
    -2.76000       -0.587394E-01
    -2.64000       -0.625708E-01
    -2.52000       -0.654098E-01
    -2.40000       -0.668948E-01
    -2.28000       -0.666105E-01
    -2.16000       -0.640861E-01
    -2.04000       -0.587959E-01
    -1.92000       -0.501615E-01
    -1.80000       -0.375563E-01
    -1.68000       -0.203123E-01
    -1.56000        0.226865E-02
    -1.44000        0.309010E-01
    -1.32000        0.662964E-01
    -1.20000        0.109140    
    -1.08000        0.160061    
   -0.960000        0.219597    
   -0.840000        0.288151    
   -0.720000        0.365943    
   -0.600000        0.452954    
   -0.480000        0.548858    
   -0.360000        0.652953    
   -0.240000        0.764082    
   -0.120000        0.880542    
     0.00000         1.00000    
    0.120000        0.880542    
    0.240000        0.764082    
    0.360000        0.652953    
    0.480000        0.548858    
    0.600000        0.452954    
    0.720000        0.365943    
    0.840000        0.288151    
    0.960000        0.219597    
     1.08000        0.160061    
     1.20000        0.109140    
     1.32000        0.662964E-01
     1.44000        0.309010E-01
     1.56000        0.226865E-02
     1.68000       -0.203123E-01
     1.80000       -0.375563E-01
     1.92000       -0.501615E-01
     2.04000       -0.587959E-01
     2.16000       -0.640861E-01
     2.28000       -0.666105E-01
     2.40000       -0.668948E-01
     2.52000       -0.654098E-01
     2.64000       -0.625708E-01
     2.76000       -0.587394E-01
     2.88000       -0.542250E-01
     3.00000       -0.492888E-01
     3.12000       -0.441469E-01
     3.24000       -0.389744E-01
     3.36000       -0.339101E-01
     3.48000       -0.290602E-01
     3.60000       -0.245028E-01
     3.72000       -0.202919E-01
     3.84000       -0.164612E-01
     3.96000       -0.130274E-01
     4.08000       -0.999355E-02
     4.20000       -0.735174E-02
     4.32000       -0.508583E-02
     4.44000       -0.317350E-02
     4.56000       -0.158814E-02
     4.68000       -0.300485E-03
     4.80000        0.720095E-03
     4.92000        0.150452E-02
     5.04000        0.208314E-02
     5.16000        0.248508E-02
     5.28000        0.273779E-02
     5.40000        0.286664E-02
     5.52000        0.289478E-02
     5.64000        0.284297E-02
     5.76000        0.272959E-02
     5.88000        0.257069E-02
     6.00000        0.238002E-02
