  -6.00000      0.518482E-05  0.238002E-02 -0.119719E-01 -0.492888E-01  0.157836E-01  0.345625    
  -5.88000      0.540605E-05  0.257069E-02 -0.141275E-01 -0.517951E-01  0.231364E-01  0.355712    
  -5.76000      0.497186E-05  0.272959E-02 -0.164612E-01 -0.542250E-01  0.309010E-01  0.365943    
  -5.64000      0.354206E-05  0.284297E-02 -0.189717E-01 -0.565501E-01  0.390884E-01  0.376319    
  -5.52000      0.712657E-06  0.289478E-02 -0.216546E-01 -0.587394E-01  0.477096E-01  0.386839    
  -5.40000     -0.396423E-05  0.286664E-02 -0.245028E-01 -0.607586E-01  0.567754E-01  0.397502    
  -5.28000     -0.109419E-04  0.273779E-02 -0.275054E-01 -0.625708E-01  0.662964E-01  0.408309    
  -5.16000     -0.206158E-04  0.248508E-02 -0.306476E-01 -0.641357E-01  0.762833E-01  0.419258    
  -5.04000     -0.332305E-04  0.208314E-02 -0.339101E-01 -0.654098E-01  0.867462E-01  0.430349    
  -4.92000     -0.487502E-04  0.150452E-02 -0.372684E-01 -0.663462E-01  0.976952E-01  0.441581    
  -4.80000     -0.666917E-04  0.720095E-03 -0.406927E-01 -0.668948E-01  0.109140      0.452954    
  -4.68000     -0.859195E-04 -0.300485E-03 -0.441469E-01 -0.670020E-01  0.121090      0.464466    
  -4.56000     -0.104410E-03 -0.158814E-02 -0.475882E-01 -0.666105E-01  0.133555      0.476116    
  -4.44000     -0.119002E-03 -0.317350E-02 -0.509669E-01 -0.656599E-01  0.146542      0.487904    
  -4.32000     -0.125155E-03 -0.508583E-02 -0.542250E-01 -0.640861E-01  0.160061      0.499828    
  -4.20000     -0.116771E-03 -0.735174E-02 -0.572966E-01 -0.618217E-01  0.174119      0.511887    
  -4.08000     -0.861202E-04 -0.999355E-02 -0.601067E-01 -0.587959E-01  0.188723      0.524079    
  -3.96000     -0.239738E-04 -0.130274E-01 -0.625708E-01 -0.549348E-01  0.203880      0.536403    
  -3.84000      0.799703E-04 -0.164612E-01 -0.645950E-01 -0.501615E-01  0.219597      0.548858    
  -3.72000      0.236240E-03 -0.202919E-01 -0.660746E-01 -0.443961E-01  0.235878      0.561441    
  -3.60000      0.454186E-03 -0.245028E-01 -0.668948E-01 -0.375563E-01  0.252728      0.574150    
  -3.48000      0.739889E-03 -0.290602E-01 -0.669298E-01 -0.295572E-01  0.270151      0.586985    
  -3.36000      0.109325E-02 -0.339101E-01 -0.660428E-01 -0.203123E-01  0.288151      0.599942    
  -3.24000      0.150420E-02 -0.389744E-01 -0.640861E-01 -0.973341E-02  0.306729      0.613020    
  -3.12000      0.194804E-02 -0.441469E-01 -0.609012E-01  0.226865E-02  0.325887      0.626216    
  -3.00000      0.238002E-02 -0.492888E-01 -0.563193E-01  0.157836E-01  0.345625      0.639528    
  -2.88000      0.272959E-02 -0.542250E-01 -0.501615E-01  0.309010E-01  0.365943      0.652953    
  -2.76000      0.289478E-02 -0.587394E-01 -0.422397E-01  0.477096E-01  0.386839      0.666489    
  -2.64000      0.273779E-02 -0.625708E-01 -0.323577E-01  0.662964E-01  0.408309      0.680132    
  -2.52000      0.208314E-02 -0.654098E-01 -0.203123E-01  0.867462E-01  0.430349      0.693881    
  -2.40000      0.720095E-03 -0.668948E-01 -0.589528E-02  0.109140      0.452954      0.707731    
  -2.28000     -0.158814E-02 -0.666105E-01  0.111050E-01  0.133555      0.476116      0.721679    
  -2.16000     -0.508583E-02 -0.640861E-01  0.309010E-01  0.160061      0.499828      0.735723    
  -2.04000     -0.999355E-02 -0.587959E-01  0.537034E-01  0.188723      0.524079      0.749858    
  -1.92000     -0.164612E-01 -0.501615E-01  0.797175E-01  0.219597      0.548858      0.764082    
  -1.80000     -0.245028E-01 -0.375563E-01  0.109140      0.252728      0.574150      0.778389    
  -1.68000     -0.339101E-01 -0.203123E-01  0.142154      0.288151      0.599942      0.792776    
  -1.56000     -0.441469E-01  0.226865E-02  0.178926      0.325887      0.626216      0.807240    
  -1.44000     -0.542250E-01  0.309010E-01  0.219597      0.365943      0.652953      0.821775    
  -1.32000     -0.625708E-01  0.662964E-01  0.264279      0.408309      0.680132      0.836378    
  -1.20000     -0.668948E-01  0.109140      0.313051      0.452954      0.707731      0.851043    
  -1.08000     -0.640861E-01  0.160061      0.365943      0.499828      0.735723      0.865766    
 -0.960000     -0.501615E-01  0.219597      0.422939      0.548858      0.764082      0.880542    
 -0.840000     -0.203123E-01  0.288151      0.483960      0.599942      0.792776      0.895366    
 -0.720000      0.309010E-01  0.365943      0.548858      0.652953      0.821775      0.910232    
 -0.600000      0.109140      0.452954      0.617406      0.707731      0.851043      0.925135    
 -0.480000      0.219597      0.548858      0.689286      0.764082      0.880542      0.940070    
 -0.360000      0.365943      0.652953      0.764082      0.821775      0.910232      0.955030    
 -0.240000      0.548858      0.764082      0.841260      0.880542      0.940070      0.970009    
 -0.120000      0.764082      0.880542      0.920164      0.940070      0.970009      0.985001    
   0.00000       1.00000       1.00000       1.00000       1.00000       1.00000       1.00000    
  0.120000      0.764082      0.880542      0.920164      0.940070      0.970009      0.985001    
  0.240000      0.548858      0.764082      0.841260      0.880542      0.940070      0.970009    
  0.360000      0.365943      0.652953      0.764082      0.821775      0.910232      0.955030    
  0.480000      0.219597      0.548858      0.689286      0.764082      0.880542      0.940070    
  0.600000      0.109140      0.452954      0.617406      0.707731      0.851043      0.925135    
  0.720000      0.309010E-01  0.365943      0.548858      0.652953      0.821775      0.910232    
  0.840000     -0.203123E-01  0.288151      0.483960      0.599942      0.792776      0.895366    
  0.960000     -0.501615E-01  0.219597      0.422939      0.548858      0.764082      0.880542    
   1.08000     -0.640861E-01  0.160061      0.365943      0.499828      0.735723      0.865766    
   1.20000     -0.668948E-01  0.109140      0.313051      0.452954      0.707731      0.851043    
   1.32000     -0.625708E-01  0.662964E-01  0.264279      0.408309      0.680132      0.836378    
   1.44000     -0.542250E-01  0.309010E-01  0.219597      0.365943      0.652953      0.821775    
   1.56000     -0.441469E-01  0.226865E-02  0.178926      0.325887      0.626216      0.807240    
   1.68000     -0.339101E-01 -0.203123E-01  0.142154      0.288151      0.599942      0.792776    
   1.80000     -0.245028E-01 -0.375563E-01  0.109140      0.252728      0.574150      0.778389    
   1.92000     -0.164612E-01 -0.501615E-01  0.797175E-01  0.219597      0.548858      0.764082    
   2.04000     -0.999355E-02 -0.587959E-01  0.537034E-01  0.188723      0.524079      0.749858    
   2.16000     -0.508583E-02 -0.640861E-01  0.309010E-01  0.160061      0.499828      0.735723    
   2.28000     -0.158814E-02 -0.666105E-01  0.111050E-01  0.133555      0.476116      0.721679    
   2.40000      0.720095E-03 -0.668948E-01 -0.589528E-02  0.109140      0.452954      0.707731    
   2.52000      0.208314E-02 -0.654098E-01 -0.203123E-01  0.867462E-01  0.430349      0.693881    
   2.64000      0.273779E-02 -0.625708E-01 -0.323577E-01  0.662964E-01  0.408309      0.680132    
   2.76000      0.289478E-02 -0.587394E-01 -0.422397E-01  0.477096E-01  0.386839      0.666489    
   2.88000      0.272959E-02 -0.542250E-01 -0.501615E-01  0.309010E-01  0.365943      0.652953    
   3.00000      0.238002E-02 -0.492888E-01 -0.563193E-01  0.157836E-01  0.345625      0.639528    
   3.12000      0.194804E-02 -0.441469E-01 -0.609012E-01  0.226865E-02  0.325887      0.626216    
   3.24000      0.150420E-02 -0.389744E-01 -0.640861E-01 -0.973341E-02  0.306729      0.613020    
   3.36000      0.109325E-02 -0.339101E-01 -0.660428E-01 -0.203123E-01  0.288151      0.599942    
   3.48000      0.739889E-03 -0.290602E-01 -0.669298E-01 -0.295572E-01  0.270151      0.586985    
   3.60000      0.454186E-03 -0.245028E-01 -0.668948E-01 -0.375563E-01  0.252728      0.574150    
   3.72000      0.236240E-03 -0.202919E-01 -0.660746E-01 -0.443961E-01  0.235878      0.561441    
   3.84000      0.799703E-04 -0.164612E-01 -0.645950E-01 -0.501615E-01  0.219597      0.548858    
   3.96000     -0.239738E-04 -0.130274E-01 -0.625708E-01 -0.549348E-01  0.203880      0.536403    
   4.08000     -0.861202E-04 -0.999355E-02 -0.601067E-01 -0.587959E-01  0.188723      0.524079    
   4.20000     -0.116771E-03 -0.735174E-02 -0.572966E-01 -0.618217E-01  0.174119      0.511887    
   4.32000     -0.125155E-03 -0.508583E-02 -0.542250E-01 -0.640861E-01  0.160061      0.499828    
   4.44000     -0.119002E-03 -0.317350E-02 -0.509669E-01 -0.656599E-01  0.146542      0.487904    
   4.56000     -0.104410E-03 -0.158814E-02 -0.475882E-01 -0.666105E-01  0.133555      0.476116    
   4.68000     -0.859195E-04 -0.300485E-03 -0.441469E-01 -0.670020E-01  0.121090      0.464466    
   4.80000     -0.666917E-04  0.720095E-03 -0.406927E-01 -0.668948E-01  0.109140      0.452954    
   4.92000     -0.487502E-04  0.150452E-02 -0.372684E-01 -0.663462E-01  0.976952E-01  0.441581    
   5.04000     -0.332305E-04  0.208314E-02 -0.339101E-01 -0.654098E-01  0.867462E-01  0.430349    
   5.16000     -0.206158E-04  0.248508E-02 -0.306476E-01 -0.641357E-01  0.762833E-01  0.419258    
   5.28000     -0.109419E-04  0.273779E-02 -0.275054E-01 -0.625708E-01  0.662964E-01  0.408309    
   5.40000     -0.396423E-05  0.286664E-02 -0.245028E-01 -0.607586E-01  0.567754E-01  0.397502    
   5.52000      0.712657E-06  0.289478E-02 -0.216546E-01 -0.587394E-01  0.477096E-01  0.386839    
   5.64000      0.354206E-05  0.284297E-02 -0.189717E-01 -0.565501E-01  0.390884E-01  0.376319    
   5.76000      0.497186E-05  0.272959E-02 -0.164612E-01 -0.542250E-01  0.309010E-01  0.365943    
   5.88000      0.540605E-05  0.257069E-02 -0.141275E-01 -0.517951E-01  0.231364E-01  0.355712    
   6.00000      0.518482E-05  0.238002E-02 -0.119719E-01 -0.492888E-01  0.157836E-01  0.345625    
