  -8.00000     -0.179940E-01  0.123670     -0.152499     -0.189201      0.454649      0.841471    
  -7.84000      0.178314E-02  0.127539     -0.166578     -0.179119      0.472047      0.847446    
  -7.68000      0.221995E-01  0.128243     -0.179311     -0.167448      0.489399      0.853325    
  -7.52000      0.411827E-01  0.125631     -0.190503     -0.154186      0.506689      0.859104    
  -7.36000      0.567192E-01  0.119627     -0.199970     -0.139339      0.523904      0.864784    
  -7.20000      0.670596E-01  0.110232     -0.207534     -0.122922      0.541026      0.870363    
  -7.04000      0.709067E-01  0.975297E-01 -0.213029     -0.104955      0.558042      0.875840    
  -6.88000      0.675663E-01  0.816876E-01 -0.216302     -0.854646E-01  0.574936      0.881212    
  -6.72000      0.570435E-01  0.629547E-01 -0.217214     -0.644866E-01  0.591692      0.886480    
  -6.56000      0.400745E-01  0.416605E-01 -0.215641     -0.420628E-01  0.608297      0.891641    
  -6.40000      0.180867E-01  0.182108E-01 -0.211476     -0.182419E-01  0.624734      0.896695    
  -6.24000     -0.691212E-02 -0.691857E-02 -0.204633      0.692018E-02  0.640988      0.901640    
  -6.08000     -0.325064E-01 -0.331892E-01 -0.195042      0.333612E-01  0.657046      0.906476    
  -5.92000     -0.560947E-01 -0.600090E-01 -0.182656      0.610123E-01  0.672892      0.911200    
  -5.76000     -0.751399E-01 -0.867434E-01 -0.167448      0.897984E-01  0.688513      0.915812    
  -5.60000     -0.874266E-01 -0.112726     -0.149412      0.119639      0.703893      0.920311    
  -5.44000     -0.912986E-01 -0.137273     -0.128568      0.150446      0.719018      0.924696    
  -5.28000     -0.858549E-01 -0.159695     -0.104955      0.182130      0.733875      0.928965    
  -5.12000     -0.710818E-01 -0.179311     -0.786353E-01  0.214592      0.748450      0.933118    
  -4.96000     -0.479060E-01 -0.195464     -0.496952E-01  0.247732      0.762729      0.937153    
  -4.80000     -0.181590E-01 -0.207534     -0.182419E-01  0.281443      0.776699      0.941071    
  -4.64000      0.155466E-01 -0.214953      0.155950E-01  0.315617      0.790348      0.944869    
  -4.48000      0.500250E-01 -0.217214      0.516653E-01  0.350141      0.803661      0.948547    
  -4.32000      0.817903E-01 -0.213888      0.897984E-01  0.384900      0.816628      0.952104    
  -4.16000      0.107376     -0.204633      0.129805      0.419775      0.829235      0.955539    
  -4.00000      0.123670     -0.189201      0.171477      0.454649      0.841471      0.958851    
  -3.84000      0.128243     -0.167448      0.214592      0.489399      0.853325      0.962040    
  -3.68000      0.119627     -0.139339      0.258910      0.523904      0.864784      0.965105    
  -3.52000      0.975297E-01 -0.104955      0.304181      0.558042      0.875840      0.968044    
  -3.36000      0.629547E-01 -0.644866E-01  0.350141      0.591692      0.886480      0.970858    
  -3.20000      0.182108E-01 -0.182419E-01  0.396518      0.624734      0.896695      0.973546    
  -3.04000     -0.331892E-01  0.333612E-01  0.443032      0.657046      0.906476      0.976106    
  -2.88000     -0.867434E-01  0.897984E-01  0.489399      0.688513      0.915812      0.978540    
  -2.72000     -0.137273      0.150446      0.535330      0.719018      0.924696      0.980844    
  -2.56000     -0.179311      0.214592      0.580537      0.748450      0.933118      0.983021    
  -2.40000     -0.207534      0.281443      0.624734      0.776699      0.941071      0.985067    
  -2.24000     -0.217214      0.350141      0.667635      0.803661      0.948547      0.986984    
  -2.08000     -0.204633      0.419775      0.708963      0.829235      0.955539      0.988771    
  -1.92000     -0.167448      0.489399      0.748450      0.853325      0.962040      0.990428    
  -1.76000     -0.104955      0.558042      0.785835      0.875840      0.968044      0.991953    
  -1.60000     -0.182419E-01  0.624734      0.820871      0.896695      0.973546      0.993347    
  -1.44000      0.897984E-01  0.688513      0.853325      0.915812      0.978540      0.994609    
  -1.28000      0.214592      0.748450      0.882980      0.933118      0.983021      0.995739    
  -1.12000      0.350141      0.803661      0.909638      0.948547      0.986984      0.996737    
 -0.960000      0.489399      0.853325      0.933118      0.962040      0.990428      0.997602    
 -0.800000      0.624734      0.896695      0.953262      0.973546      0.993347      0.998334    
 -0.640000      0.748450      0.933118      0.969934      0.983021      0.995739      0.998934    
 -0.480000      0.853325      0.962040      0.983021      0.990428      0.997602      0.999400    
 -0.320000      0.933118      0.983021      0.992432      0.995739      0.998934      0.999733    
 -0.160000      0.983021      0.995739      0.998105      0.998934      0.999733      0.999933    
   0.00000       1.00000       1.00000       1.00000       1.00000       1.00000       1.00000    
  0.160000      0.983021      0.995739      0.998105      0.998934      0.999733      0.999933    
  0.320000      0.933118      0.983021      0.992432      0.995739      0.998934      0.999733    
  0.480000      0.853325      0.962040      0.983021      0.990428      0.997602      0.999400    
  0.640000      0.748450      0.933118      0.969934      0.983021      0.995739      0.998934    
  0.800000      0.624734      0.896695      0.953262      0.973546      0.993347      0.998334    
  0.960000      0.489399      0.853325      0.933118      0.962040      0.990428      0.997602    
   1.12000      0.350141      0.803661      0.909638      0.948547      0.986984      0.996737    
   1.28000      0.214592      0.748450      0.882980      0.933118      0.983021      0.995739    
   1.44000      0.897984E-01  0.688513      0.853325      0.915812      0.978540      0.994609    
   1.60000     -0.182419E-01  0.624734      0.820871      0.896695      0.973546      0.993347    
   1.76000     -0.104955      0.558042      0.785835      0.875840      0.968044      0.991953    
   1.92000     -0.167448      0.489399      0.748450      0.853325      0.962040      0.990428    
   2.08000     -0.204633      0.419775      0.708963      0.829235      0.955539      0.988771    
   2.24000     -0.217214      0.350141      0.667635      0.803661      0.948547      0.986984    
   2.40000     -0.207534      0.281443      0.624734      0.776699      0.941071      0.985067    
   2.56000     -0.179311      0.214592      0.580537      0.748450      0.933118      0.983021    
   2.72000     -0.137273      0.150446      0.535330      0.719018      0.924696      0.980844    
   2.88000     -0.867434E-01  0.897984E-01  0.489399      0.688513      0.915812      0.978540    
   3.04000     -0.331892E-01  0.333612E-01  0.443032      0.657046      0.906476      0.976106    
   3.20000      0.182108E-01 -0.182419E-01  0.396518      0.624734      0.896695      0.973546    
   3.36000      0.629547E-01 -0.644866E-01  0.350141      0.591692      0.886480      0.970858    
   3.52000      0.975297E-01 -0.104955      0.304181      0.558042      0.875840      0.968044    
   3.68000      0.119627     -0.139339      0.258910      0.523904      0.864784      0.965105    
   3.84000      0.128243     -0.167448      0.214592      0.489399      0.853325      0.962040    
   4.00000      0.123670     -0.189201      0.171477      0.454649      0.841471      0.958851    
   4.16000      0.107376     -0.204633      0.129805      0.419775      0.829235      0.955539    
   4.32000      0.817903E-01 -0.213888      0.897984E-01  0.384900      0.816628      0.952104    
   4.48000      0.500250E-01 -0.217214      0.516653E-01  0.350141      0.803661      0.948547    
   4.64000      0.155466E-01 -0.214953      0.155950E-01  0.315617      0.790348      0.944869    
   4.80000     -0.181590E-01 -0.207534     -0.182419E-01  0.281443      0.776699      0.941071    
   4.96000     -0.479060E-01 -0.195464     -0.496952E-01  0.247732      0.762729      0.937153    
   5.12000     -0.710818E-01 -0.179311     -0.786353E-01  0.214592      0.748450      0.933118    
   5.28000     -0.858549E-01 -0.159695     -0.104955      0.182130      0.733875      0.928965    
   5.44000     -0.912986E-01 -0.137273     -0.128568      0.150446      0.719018      0.924696    
   5.60000     -0.874266E-01 -0.112726     -0.149412      0.119639      0.703893      0.920311    
   5.76000     -0.751399E-01 -0.867434E-01 -0.167448      0.897984E-01  0.688513      0.915812    
   5.92000     -0.560947E-01 -0.600090E-01 -0.182656      0.610123E-01  0.672892      0.911200    
   6.08000     -0.325064E-01 -0.331892E-01 -0.195042      0.333612E-01  0.657046      0.906476    
   6.24000     -0.691212E-02 -0.691857E-02 -0.204633      0.692018E-02  0.640988      0.901640    
   6.40000      0.180867E-01  0.182108E-01 -0.211476     -0.182419E-01  0.624734      0.896695    
   6.56000      0.400745E-01  0.416605E-01 -0.215641     -0.420628E-01  0.608297      0.891641    
   6.72000      0.570435E-01  0.629547E-01 -0.217214     -0.644866E-01  0.591692      0.886480    
   6.88000      0.675663E-01  0.816876E-01 -0.216302     -0.854646E-01  0.574936      0.881212    
   7.04000      0.709067E-01  0.975297E-01 -0.213029     -0.104955      0.558042      0.875840    
   7.20000      0.670596E-01  0.110232     -0.207534     -0.122922      0.541026      0.870363    
   7.36000      0.567192E-01  0.119627     -0.199970     -0.139339      0.523904      0.864784    
   7.52000      0.411827E-01  0.125631     -0.190503     -0.154186      0.506689      0.859104    
   7.68000      0.221995E-01  0.128243     -0.179311     -0.167448      0.489399      0.853325    
   7.84000      0.178314E-02  0.127539     -0.166578     -0.179119      0.472047      0.847446    
   8.00000     -0.179940E-01  0.123670     -0.152499     -0.189201      0.454649      0.841471    
