   0.00000      0.592850     -0.896481       1.22688    
  0.100000      0.624858     -0.879238       1.27614    
  0.200000      0.655291     -0.863023       1.32386    
  0.300000      0.683571     -0.847814       1.36979    
  0.400000      0.709138     -0.833589       1.41369    
  0.500000      0.731452     -0.820321       1.45528    
  0.600000      0.750006     -0.807986       1.49433    
  0.700000      0.764325     -0.796560       1.53056    
  0.800000      0.773973     -0.786020       1.56373    
  0.900000      0.778562     -0.776348       1.59359    
   1.00000      0.777751     -0.767529       1.61989    
   1.10000      0.771251     -0.759553       1.64240    
   1.20000      0.758831     -0.752416       1.66088    
   1.30000      0.740320     -0.746120       1.67513    
   1.40000      0.715607     -0.740674       1.68494    
   1.50000      0.684647     -0.736093       1.69014    
   1.60000      0.647460     -0.732400       1.69055    
   1.70000      0.604129     -0.729623       1.68602    
   1.80000      0.554805     -0.727796       1.67645    
   1.90000      0.499705     -0.726962       1.66171    
   2.00000      0.439107     -0.727165       1.64174    
   2.10000      0.373353     -0.728458       1.61649    
   2.20000      0.302844     -0.730894       1.58592    
   2.30000      0.228037     -0.734531       1.55005    
   2.40000      0.149443     -0.739426       1.50891    
   2.50000      0.676217E-01 -0.745638       1.46256    
   2.60000     -0.168244E-01 -0.753226       1.41109    
   2.70000     -0.103253     -0.762243       1.35462    
   2.80000     -0.190987     -0.772741       1.29331    
   2.90000     -0.279324     -0.784767       1.22733    
   3.00000     -0.367538     -0.798359       1.15690    
   3.10000     -0.454888     -0.813547       1.08226    
   3.20000     -0.540624     -0.830353       1.00367    
   3.30000     -0.623997     -0.848786      0.921433    
   3.40000     -0.704259     -0.868845      0.835857    
   3.50000     -0.780675     -0.890512      0.747287    
   3.60000     -0.852530     -0.913757      0.656086    
   3.70000     -0.919132     -0.938533      0.562637    
   3.80000     -0.979822     -0.964778      0.467342    
   3.90000      -1.03398     -0.992409      0.370614    
   4.00000      -1.08102      -1.02133      0.272884    
   4.10000      -1.12043      -1.05142      0.174590    
   4.20000      -1.15172      -1.08255      0.761783E-01
   4.30000      -1.17448      -1.11457     -0.218983E-01
   4.40000      -1.18836      -1.14730     -0.119187    
   4.50000      -1.19308      -1.18055     -0.215234    
   4.60000      -1.18843      -1.21413     -0.309590    
   4.70000      -1.17426      -1.24780     -0.401813    
   4.80000      -1.15051      -1.28133     -0.491468    
   4.90000      -1.11720      -1.31448     -0.578136    
   5.00000      -1.07441      -1.34697     -0.661409    
   5.10000      -1.02230      -1.37854     -0.740899    
   5.20000     -0.961131      -1.40891     -0.816238    
   5.30000     -0.891206      -1.43777     -0.887081    
   5.40000     -0.812919      -1.46485     -0.953108    
   5.50000     -0.726730      -1.48984      -1.01403    
   5.60000     -0.633166      -1.51245      -1.06957    
   5.70000     -0.532816      -1.53238      -1.11951    
   5.80000     -0.426329      -1.54935      -1.16365    
   5.90000     -0.314405      -1.56306      -1.20181    
   6.00000     -0.197794      -1.57325      -1.23388    
   6.10000     -0.772878E-01  -1.57966      -1.25976    
   6.20000      0.462883E-01  -1.58203      -1.27938    
   6.30000      0.172079      -1.58013      -1.29273    
   6.40000      0.299206      -1.57377      -1.29983    
   6.50000      0.426778      -1.56273      -1.30074    
   6.60000      0.553895      -1.54686      -1.29554    
   6.70000      0.679659      -1.52602      -1.28437    
   6.80000      0.803176      -1.50009      -1.26738    
   6.90000      0.923571      -1.46899      -1.24478    
   7.00000       1.03999      -1.43265      -1.21681    
   7.10000       1.15160      -1.39106      -1.18371    
   7.20000       1.25762      -1.34422      -1.14580    
   7.30000       1.35730      -1.29217      -1.10338    
   7.40000       1.44994      -1.23498      -1.05681    
   7.50000       1.53490      -1.17275      -1.00646    
   7.60000       1.61160      -1.10564     -0.952710    
   7.70000       1.67951      -1.03380     -0.895982    
   7.80000       1.73819     -0.957446     -0.836696    
   7.90000       1.78726     -0.876806     -0.775290    
   8.00000       1.82642     -0.792144     -0.712212    
   8.10000       1.85546     -0.703754     -0.647915    
   8.20000       1.87422     -0.611954     -0.582859    
   8.30000       1.88264     -0.517089     -0.517501    
   8.40000       1.88076     -0.419525     -0.452297    
   8.50000       1.86867     -0.319648     -0.387699    
   8.60000       1.84655     -0.217862     -0.324150    
   8.70000       1.81466     -0.114589     -0.262081    
   8.80000       1.77335     -0.102583E-01 -0.201912    
   8.90000       1.72302      0.946876E-01 -0.144042    
   9.00000       1.66415      0.199801     -0.888558E-01
   9.10000       1.59729      0.304632     -0.367139E-01
   9.20000       1.52304      0.408729      0.120456E-01
   9.30000       1.44206      0.511643      0.571105E-01
   9.40000       1.35506      0.612932      0.981956E-01
   9.50000       1.26279      0.712164      0.135045    
   9.60000       1.16605      0.808918      0.167433    
   9.70000       1.06563      0.902787      0.195167    
   9.80000      0.962397      0.993383      0.218084    
   9.90000      0.857191       1.08034      0.236057    
   10.0000      0.750878       1.16331      0.248991    
