    -2.00000        0.135335    
    -1.96000        0.140858    
    -1.92000        0.146607    
    -1.88000        0.152590    
    -1.84000        0.158817    
    -1.80000        0.165299    
    -1.76000        0.172045    
    -1.72000        0.179066    
    -1.68000        0.186374    
    -1.64000        0.193980    
    -1.60000        0.201897    
    -1.56000        0.210136    
    -1.52000        0.218712    
    -1.48000        0.227638    
    -1.44000        0.236928    
    -1.40000        0.246597    
    -1.36000        0.256661    
    -1.32000        0.267135    
    -1.28000        0.278037    
    -1.24000        0.289384    
    -1.20000        0.301194    
    -1.16000        0.313486    
    -1.12000        0.326280    
    -1.08000        0.339596    
    -1.04000        0.353455    
    -1.00000        0.367879    
   -0.960000        0.382893    
   -0.920000        0.398519    
   -0.880000        0.414783    
   -0.840000        0.431711    
   -0.800000        0.449329    
   -0.760000        0.467666    
   -0.720000        0.486752    
   -0.680000        0.506617    
   -0.640000        0.527292    
   -0.600000        0.548812    
   -0.560000        0.571209    
   -0.520000        0.594521    
   -0.480000        0.618783    
   -0.440000        0.644036    
   -0.400000        0.670320    
   -0.360000        0.697676    
   -0.320000        0.726149    
   -0.280000        0.755784    
   -0.240000        0.786628    
   -0.200000        0.818731    
   -0.160000        0.852144    
   -0.120000        0.886920    
   -0.800000E-01    0.923116    
   -0.400000E-01    0.960789    
     0.00000         1.00000    
    0.400000E-01    0.960789    
    0.800000E-01    0.923116    
    0.120000        0.886920    
    0.160000        0.852144    
    0.200000        0.818731    
    0.240000        0.786628    
    0.280000        0.755784    
    0.320000        0.726149    
    0.360000        0.697676    
    0.400000        0.670320    
    0.440000        0.644036    
    0.480000        0.618783    
    0.520000        0.594521    
    0.560000        0.571209    
    0.600000        0.548812    
    0.640000        0.527292    
    0.680000        0.506617    
    0.720000        0.486752    
    0.760000        0.467666    
    0.800000        0.449329    
    0.840000        0.431711    
    0.880000        0.414783    
    0.920000        0.398519    
    0.960000        0.382893    
     1.00000        0.367879    
     1.04000        0.353455    
     1.08000        0.339596    
     1.12000        0.326280    
     1.16000        0.313486    
     1.20000        0.301194    
     1.24000        0.289384    
     1.28000        0.278037    
     1.32000        0.267135    
     1.36000        0.256661    
     1.40000        0.246597    
     1.44000        0.236928    
     1.48000        0.227638    
     1.52000        0.218712    
     1.56000        0.210136    
     1.60000        0.201897    
     1.64000        0.193980    
     1.68000        0.186374    
     1.72000        0.179066    
     1.76000        0.172045    
     1.80000        0.165299    
     1.84000        0.158817    
     1.88000        0.152590    
     1.92000        0.146607    
     1.96000        0.140858    
     2.00000        0.135335    
