   0.00000       1.31358      0.548248      0.734865    
  0.100000       1.90344      0.855335E-01  0.639051    
  0.200000       1.52102     -0.939603E-01  0.951709    
  0.300000       1.13527     -0.902835      0.617727    
  0.400000      0.928832      -1.01367      0.651519    
  0.500000       1.35686     -0.686140       1.19217    
  0.600000       1.45553     -0.969949       1.20456    
  0.700000       1.85747     -0.549720       1.44063    
  0.800000       2.12756     -0.238475E-02   1.51609    
  0.900000       1.21574     -0.482364       1.85971    
   1.00000      0.305917     -0.167139       1.71651    
   1.10000     -0.677941     -0.313551       1.41371    
   1.20000     -0.300150     -0.501479       1.38469    
   1.30000     -0.254695      0.368695       1.21386    
   1.40000     -0.805543      0.453643      0.878232    
   1.50000     -0.442322     -0.461143       1.31709    
   1.60000     -0.396919      0.436495E-01   1.08118    
   1.70000     -0.476285     -0.407645       1.63903    
   1.80000     -0.271327     -0.134806E-01  0.786047    
   1.90000      0.675834     -0.129704      0.519082    
   2.00000      0.690541      0.169721      0.783616    
   2.10000      0.751611      0.192343      0.952852    
   2.20000      0.482638       1.08189       1.93112    
   2.30000       1.30718      0.929869       1.56778    
   2.40000       1.22391      0.712810       1.46964    
   2.50000       1.70299      0.207288       1.30345    
   2.60000       1.17589      0.150988       1.69873    
   2.70000      0.534781      0.108494      0.933642    
   2.80000       1.19683     -0.878647       1.10890    
   2.90000       1.05437      -1.19626      0.950874    
   3.00000       1.21834      -1.99550      0.948623    
   3.10000      0.764179      -2.55264      0.403161    
   3.20000      0.553443      -2.31312     -0.407980E-01
   3.30000      0.277778      -2.43165     -0.409407    
   3.40000      0.317967      -1.85456      0.442211E-01
   3.50000      0.138452      -1.28500      0.521831    
   3.60000      0.197923E-01 -0.677138      0.729895    
   3.70000      0.739810E-01  -1.19876      0.883418    
   3.80000     -0.708259     -0.922975      0.896689    
   3.90000     -0.412066      -1.90060       2.22853    
   4.00000      0.158734      -1.06889       2.09095    
   4.10000     -0.157134      -1.46727       1.52447    
   4.20000      0.190334      -1.02409       1.02427    
   4.30000     -0.974734E-01 -0.516020      0.818107    
   4.40000      0.231504     -0.657257       1.15780    
   4.50000      0.436908E-01 -0.526463       1.11278    
   4.60000     -0.690732     -0.418851      0.878480    
   4.70000     -0.893626      0.479519E-01   1.44443    
   4.80000      0.301707E-01 -0.244162       1.46904    
   4.90000      0.146689     -0.566824      0.225241    
   5.00000     -0.102827      0.479753      0.132232    
   5.10000     -0.338061      0.447321     -0.181025    
   5.20000      -1.27998      0.549733E-01  0.617132E-01
   5.30000     -0.994029      0.263056     -0.377524    
   5.40000      -1.82302     -0.165051      -1.04629    
   5.50000      -1.76718     -0.721366E-01 -0.899937    
   5.60000      -1.29449     -0.455029E-01 -0.262141    
   5.70000      -1.15465     -0.741216     -0.532849    
   5.80000      -1.24015     -0.925093     -0.766286    
   5.90000      -1.38409     -0.661762     -0.611374    
   6.00000      -1.07905     -0.933585      -1.22592    
   6.10000      -1.11637      -1.04076     -0.936253    
   6.20000      -1.06770      -1.20486      -1.19204    
   6.30000      -2.17441      -1.69151      -1.11988    
   6.40000      -1.97586      -1.27677     -0.956967    
   6.50000      -2.51629      -1.31436     -0.510261    
   6.60000      -1.48979      -1.89727      0.284998    
   6.70000     -0.914690      -2.20148     -0.291628E-01
   6.80000      -1.36112      -1.68257      0.835293E-01
   6.90000     -0.105654      -1.92573      0.127964    
   7.00000      0.282923E-01  -1.53104     -0.577880    
   7.10000      0.647427      -1.26360     -0.704705    
   7.20000       1.12932      -1.64293     -0.769995    
   7.30000       1.47101      -1.17442     -0.988441    
   7.40000       1.74915      -1.42106      -1.18208    
   7.50000       1.75724      -1.00562     -0.842108    
   7.60000       2.32565     -0.835054     -0.887460    
   7.70000       2.25822      -1.22368      -1.12969    
   7.80000       1.65119      -1.27559      -1.33036    
   7.90000       1.58858     -0.689539     -0.609429    
   8.00000       1.86653      -1.03467     -0.459612    
   8.10000       1.63725      -1.09817      -1.47299    
   8.20000       1.17648     -0.517639     -0.841946    
   8.30000       1.39568      -1.07336      -1.03804    
   8.40000      0.836918      -1.23932     -0.659271    
   8.50000      0.877714     -0.723092     -0.969023    
   8.60000      0.716751      -1.05311      -1.21875    
   8.70000       1.12690     -0.686371      -1.66281    
   8.80000       1.11152     -0.358164     -0.645801    
   8.90000      0.870419     -0.712205E-01 -0.115299    
   9.00000       1.28455     -0.104976     -0.195796    
   9.10000       1.06719     -0.326223     -0.439904    
   9.20000      0.798042      -1.25091     -0.373294    
   9.30000       1.03491      -1.08430     -0.624739    
   9.40000       1.40905     -0.601654      0.448387E-01
   9.50000       1.52570     -0.908172      0.358377    
   9.60000       1.32348     -0.618335      0.354177    
   9.70000      0.880189     -0.167737      0.433035    
   9.80000      0.886254     -0.216884      0.449785    
   9.90000      0.474629      0.168536      0.348619    
   10.0000      0.646436      0.830375      0.160854    
