  -2.00000      0.335463E-03  0.183156E-01  0.135335      0.263597      0.367879      0.606531      0.778801    
  -1.96000      0.393669E-03  0.198411E-01  0.140858      0.270721      0.375311      0.612626      0.782705    
  -1.92000      0.461975E-03  0.214936E-01  0.146607      0.278037      0.382893      0.618783      0.786628    
  -1.88000      0.542133E-03  0.232837E-01  0.152590      0.285551      0.390628      0.625002      0.790571    
  -1.84000      0.636198E-03  0.252230E-01  0.158817      0.293269      0.398519      0.631284      0.794534    
  -1.80000      0.746586E-03  0.273237E-01  0.165299      0.301194      0.406570      0.637628      0.798516    
  -1.76000      0.876127E-03  0.295994E-01  0.172045      0.309334      0.414783      0.644036      0.802519    
  -1.72000      0.102814E-02  0.320647E-01  0.179066      0.317694      0.423162      0.650509      0.806541    
  -1.68000      0.120654E-02  0.347353E-01  0.186374      0.326280      0.431711      0.657047      0.810584    
  -1.64000      0.141589E-02  0.376283E-01  0.193980      0.335098      0.440432      0.663650      0.814647    
  -1.60000      0.166156E-02  0.407622E-01  0.201897      0.344154      0.449329      0.670320      0.818731    
  -1.56000      0.194986E-02  0.441572E-01  0.210136      0.353455      0.458406      0.677057      0.822835    
  -1.52000      0.228818E-02  0.478349E-01  0.218712      0.363007      0.467666      0.683861      0.826959    
  -1.48000      0.268520E-02  0.518189E-01  0.227638      0.372817      0.477114      0.690734      0.831104    
  -1.44000      0.315111E-02  0.561348E-01  0.236928      0.382893      0.486752      0.697676      0.835270    
  -1.40000      0.369786E-02  0.608101E-01  0.246597      0.393241      0.496585      0.704688      0.839457    
  -1.36000      0.433948E-02  0.658748E-01  0.256661      0.403868      0.506617      0.711770      0.843665    
  -1.32000      0.509243E-02  0.713613E-01  0.267135      0.414783      0.516851      0.718924      0.847894    
  -1.28000      0.597602E-02  0.773047E-01  0.278037      0.425993      0.527292      0.726149      0.852144    
  -1.24000      0.701293E-02  0.837432E-01  0.289384      0.437505      0.537944      0.733447      0.856415    
  -1.20000      0.822975E-02  0.907180E-01  0.301194      0.449329      0.548812      0.740818      0.860708    
  -1.16000      0.965770E-02  0.982736E-01  0.313486      0.461472      0.559898      0.748264      0.865022    
  -1.12000      0.113334E-01  0.106459      0.326280      0.473944      0.571209      0.755784      0.869358    
  -1.08000      0.132999E-01  0.115325      0.339596      0.486752      0.582748      0.763379      0.873716    
  -1.04000      0.156076E-01  0.124930      0.353455      0.499907      0.594521      0.771052      0.878095    
  -1.00000      0.183156E-01  0.135335      0.367879      0.513417      0.606531      0.778801      0.882497    
 -0.960000      0.214936E-01  0.146607      0.382893      0.527292      0.618783      0.786628      0.886920    
 -0.920000      0.252230E-01  0.158817      0.398519      0.541543      0.631284      0.794534      0.891366    
 -0.880000      0.295994E-01  0.172045      0.414783      0.556178      0.644036      0.802519      0.895834    
 -0.840000      0.347353E-01  0.186374      0.431711      0.571209      0.657047      0.810584      0.900325    
 -0.800000      0.407622E-01  0.201897      0.449329      0.586646      0.670320      0.818731      0.904837    
 -0.760000      0.478349E-01  0.218712      0.467666      0.602501      0.683861      0.826959      0.909373    
 -0.720000      0.561348E-01  0.236928      0.486752      0.618783      0.697676      0.835270      0.913931    
 -0.680000      0.658748E-01  0.256661      0.506617      0.635506      0.711770      0.843665      0.918512    
 -0.640000      0.773047E-01  0.278037      0.527292      0.652681      0.726149      0.852144      0.923116    
 -0.600000      0.907180E-01  0.301194      0.548812      0.670320      0.740818      0.860708      0.927743    
 -0.560000      0.106459      0.326280      0.571209      0.688436      0.755784      0.869358      0.932394    
 -0.520000      0.124930      0.353455      0.594521      0.707041      0.771052      0.878095      0.937067    
 -0.480000      0.146607      0.382893      0.618783      0.726149      0.786628      0.886920      0.941765    
 -0.440000      0.172045      0.414783      0.644036      0.745774      0.802519      0.895834      0.946485    
 -0.400000      0.201897      0.449329      0.670320      0.765928      0.818731      0.904837      0.951229    
 -0.360000      0.236928      0.486752      0.697676      0.786628      0.835270      0.913931      0.955997    
 -0.320000      0.278037      0.527292      0.726149      0.807887      0.852144      0.923116      0.960789    
 -0.280000      0.326280      0.571209      0.755784      0.829720      0.869358      0.932394      0.965605    
 -0.240000      0.382893      0.618783      0.786628      0.852144      0.886920      0.941765      0.970446    
 -0.200000      0.449329      0.670320      0.818731      0.875173      0.904837      0.951229      0.975310    
 -0.160000      0.527292      0.726149      0.852144      0.898825      0.923116      0.960789      0.980199    
 -0.120000      0.618783      0.786628      0.886920      0.923116      0.941765      0.970446      0.985112    
 -0.800000E-01  0.726149      0.852144      0.923116      0.948064      0.960789      0.980199      0.990050    
 -0.400000E-01  0.852144      0.923116      0.960789      0.973686      0.980199      0.990050      0.995012    
   0.00000       1.00000       1.00000       1.00000       1.00000       1.00000       1.00000       1.00000    
  0.400000E-01  0.852144      0.923116      0.960789      0.973686      0.980199      0.990050      0.995012    
  0.800000E-01  0.726149      0.852144      0.923116      0.948064      0.960789      0.980199      0.990050    
  0.120000      0.618783      0.786628      0.886920      0.923116      0.941765      0.970446      0.985112    
  0.160000      0.527292      0.726149      0.852144      0.898825      0.923116      0.960789      0.980199    
  0.200000      0.449329      0.670320      0.818731      0.875173      0.904837      0.951229      0.975310    
  0.240000      0.382893      0.618783      0.786628      0.852144      0.886920      0.941765      0.970446    
  0.280000      0.326280      0.571209      0.755784      0.829720      0.869358      0.932394      0.965605    
  0.320000      0.278037      0.527292      0.726149      0.807887      0.852144      0.923116      0.960789    
  0.360000      0.236928      0.486752      0.697676      0.786628      0.835270      0.913931      0.955997    
  0.400000      0.201897      0.449329      0.670320      0.765928      0.818731      0.904837      0.951229    
  0.440000      0.172045      0.414783      0.644036      0.745774      0.802519      0.895834      0.946485    
  0.480000      0.146607      0.382893      0.618783      0.726149      0.786628      0.886920      0.941765    
  0.520000      0.124930      0.353455      0.594521      0.707041      0.771052      0.878095      0.937067    
  0.560000      0.106459      0.326280      0.571209      0.688436      0.755784      0.869358      0.932394    
  0.600000      0.907180E-01  0.301194      0.548812      0.670320      0.740818      0.860708      0.927743    
  0.640000      0.773047E-01  0.278037      0.527292      0.652681      0.726149      0.852144      0.923116    
  0.680000      0.658748E-01  0.256661      0.506617      0.635506      0.711770      0.843665      0.918512    
  0.720000      0.561348E-01  0.236928      0.486752      0.618783      0.697676      0.835270      0.913931    
  0.760000      0.478349E-01  0.218712      0.467666      0.602501      0.683861      0.826959      0.909373    
  0.800000      0.407622E-01  0.201897      0.449329      0.586646      0.670320      0.818731      0.904837    
  0.840000      0.347353E-01  0.186374      0.431711      0.571209      0.657047      0.810584      0.900325    
  0.880000      0.295994E-01  0.172045      0.414783      0.556178      0.644036      0.802519      0.895834    
  0.920000      0.252230E-01  0.158817      0.398519      0.541543      0.631284      0.794534      0.891366    
  0.960000      0.214936E-01  0.146607      0.382893      0.527292      0.618783      0.786628      0.886920    
   1.00000      0.183156E-01  0.135335      0.367879      0.513417      0.606531      0.778801      0.882497    
   1.04000      0.156076E-01  0.124930      0.353455      0.499907      0.594521      0.771052      0.878095    
   1.08000      0.132999E-01  0.115325      0.339596      0.486752      0.582748      0.763379      0.873716    
   1.12000      0.113334E-01  0.106459      0.326280      0.473944      0.571209      0.755784      0.869358    
   1.16000      0.965770E-02  0.982736E-01  0.313486      0.461472      0.559898      0.748264      0.865022    
   1.20000      0.822975E-02  0.907180E-01  0.301194      0.449329      0.548812      0.740818      0.860708    
   1.24000      0.701293E-02  0.837432E-01  0.289384      0.437505      0.537944      0.733447      0.856415    
   1.28000      0.597602E-02  0.773047E-01  0.278037      0.425993      0.527292      0.726149      0.852144    
   1.32000      0.509243E-02  0.713613E-01  0.267135      0.414783      0.516851      0.718924      0.847894    
   1.36000      0.433948E-02  0.658748E-01  0.256661      0.403868      0.506617      0.711770      0.843665    
   1.40000      0.369786E-02  0.608101E-01  0.246597      0.393241      0.496585      0.704688      0.839457    
   1.44000      0.315111E-02  0.561348E-01  0.236928      0.382893      0.486752      0.697676      0.835270    
   1.48000      0.268520E-02  0.518189E-01  0.227638      0.372817      0.477114      0.690734      0.831104    
   1.52000      0.228818E-02  0.478349E-01  0.218712      0.363007      0.467666      0.683861      0.826959    
   1.56000      0.194986E-02  0.441572E-01  0.210136      0.353455      0.458406      0.677057      0.822835    
   1.60000      0.166156E-02  0.407622E-01  0.201897      0.344154      0.449329      0.670320      0.818731    
   1.64000      0.141589E-02  0.376283E-01  0.193980      0.335098      0.440432      0.663650      0.814647    
   1.68000      0.120654E-02  0.347353E-01  0.186374      0.326280      0.431711      0.657047      0.810584    
   1.72000      0.102814E-02  0.320647E-01  0.179066      0.317694      0.423162      0.650509      0.806541    
   1.76000      0.876127E-03  0.295994E-01  0.172045      0.309334      0.414783      0.644036      0.802519    
   1.80000      0.746586E-03  0.273237E-01  0.165299      0.301194      0.406570      0.637628      0.798516    
   1.84000      0.636198E-03  0.252230E-01  0.158817      0.293269      0.398519      0.631284      0.794534    
   1.88000      0.542133E-03  0.232837E-01  0.152590      0.285551      0.390628      0.625002      0.790571    
   1.92000      0.461975E-03  0.214936E-01  0.146607      0.278037      0.382893      0.618783      0.786628    
   1.96000      0.393669E-03  0.198411E-01  0.140858      0.270721      0.375311      0.612626      0.782705    
   2.00000      0.335463E-03  0.183156E-01  0.135335      0.263597      0.367879      0.606531      0.778801    
