   0.00000      0.838534      -1.50659      0.950448    
  0.100000      0.730647      -1.39782       1.10517    
  0.200000      0.604166      -1.24345       1.24682    
  0.300000      0.449325      -1.05619       1.36486    
  0.400000      0.262768     -0.850982       1.45011    
  0.500000      0.499713E-01 -0.642829       1.49645    
  0.600000     -0.174408     -0.444847       1.50208    
  0.700000     -0.388467     -0.266857       1.46990    
  0.800000     -0.566801     -0.114652       1.40716    
  0.900000     -0.685164      0.100524E-01   1.32433    
   1.00000     -0.724948      0.109015       1.23353    
   1.10000     -0.676516      0.186326       1.14682    
   1.20000     -0.540795      0.246852       1.07449    
   1.30000     -0.328988      0.294463       1.02384    
   1.40000     -0.606713E-01  0.330347      0.998266    
   1.50000      0.239170      0.351772      0.996851    
   1.60000      0.543548      0.351670       1.01444    
   1.70000      0.826711      0.319334       1.04226    
   1.80000       1.06679      0.242282       1.06901    
   1.90000       1.24762      0.109064       1.08257    
   2.00000       1.35954     -0.874981E-01   1.07192    
   2.10000       1.39945     -0.347357       1.02925    
   2.20000       1.37008     -0.661310      0.951739    
   2.30000       1.27880      -1.01069      0.842685    
   2.40000       1.13625      -1.36893      0.711656    
   2.50000      0.954989      -1.70492      0.573596    
   2.60000      0.748279      -1.98749      0.446873    
   2.70000      0.529239      -2.19034      0.350549    
   2.80000      0.310215      -2.29623      0.301277    
   2.90000      0.102371      -2.29954      0.310299    
   3.00000     -0.846501E-01  -2.20680      0.381118    
   3.10000     -0.243106      -2.03479      0.508313    
   3.20000     -0.367601      -1.80689      0.677832    
   3.30000     -0.455564      -1.54849      0.868821    
   3.40000     -0.507636      -1.28259       1.05672    
   3.50000     -0.527789      -1.02656       1.21705    
   3.60000     -0.523059     -0.790774       1.32907    
   3.70000     -0.502830     -0.578988       1.37859    
   3.80000     -0.477750     -0.390290       1.35933    
   3.90000     -0.458465     -0.221630       1.27263    
   4.00000     -0.454406     -0.702499E-01   1.12589    
   4.10000     -0.472854      0.646478E-01  0.930247    
   4.20000     -0.518397      0.181226      0.698286    
   4.30000     -0.592752      0.275275      0.442359    
   4.40000     -0.694847      0.341101      0.173790    
   4.50000     -0.821008      0.372687     -0.971324E-01
   4.60000     -0.965184      0.364825     -0.360757    
   4.70000      -1.11926      0.314051     -0.607747    
   4.80000      -1.27361      0.219307     -0.829154    
   4.90000      -1.41795      0.823166E-01  -1.01697    
   5.00000      -1.54263     -0.923387E-01  -1.16494    
   5.10000      -1.63999     -0.297460      -1.26931    
   5.20000      -1.70546     -0.523782      -1.32914    
   5.30000      -1.73806     -0.760791      -1.34608    
   5.40000      -1.73974     -0.997681      -1.32365    
   5.50000      -1.71393      -1.22429      -1.26646    
   5.60000      -1.66330      -1.43181      -1.17958    
   5.70000      -1.58777      -1.61322      -1.06848    
   5.80000      -1.48320      -1.76330     -0.939396    
   5.90000      -1.34149      -1.87844     -0.800106    
   6.00000      -1.15216      -1.95634     -0.660390    
   6.10000     -0.905224      -1.99572     -0.531960    
   6.20000     -0.594468      -1.99633     -0.427476    
   6.30000     -0.220476      -1.95910     -0.358749    
   6.40000      0.207574      -1.88650     -0.334500    
   6.50000      0.671756      -1.78286     -0.358324    
   6.60000       1.14699      -1.65447     -0.427473    
   6.70000       1.60403      -1.50933     -0.532923    
   6.80000       2.01321      -1.35654     -0.660778    
   6.90000       2.34826      -1.20537     -0.794723    
   7.00000       2.58939      -1.06422     -0.918902    
   7.10000       2.72547     -0.939690      -1.02053    
   7.20000       2.75476     -0.835854      -1.09162    
   7.30000       2.68456     -0.754046      -1.12956    
   7.40000       2.52980     -0.692975      -1.13646    
   7.50000       2.31097     -0.649218      -1.11763    
   7.60000       2.05161     -0.617943      -1.07968    
   7.70000       1.77591     -0.593756      -1.02861    
   7.80000       1.50640     -0.571556     -0.968532    
   7.90000       1.26209     -0.547302     -0.901011    
   8.00000       1.05718     -0.518607     -0.825270    
   8.10000      0.900300     -0.485047     -0.739006    
   8.20000      0.794419     -0.448084     -0.639602    
   8.30000      0.737234     -0.410518     -0.525367    
   8.40000      0.722059     -0.375492     -0.396526    
   8.50000      0.739023     -0.345190     -0.255700    
   8.60000      0.776441     -0.319523     -0.107825    
   8.70000      0.822180     -0.295187      0.404150E-01
   8.80000      0.864874     -0.265468      0.181431    
   8.90000      0.894908     -0.221019      0.307582    
   9.00000      0.905142     -0.151544      0.411845    
   9.10000      0.891395     -0.480813E-01  0.488222    
   9.20000      0.852732      0.946998E-01  0.531951    
   9.30000      0.791559      0.276762      0.539685    
   9.40000      0.713449      0.492006      0.509772    
   9.50000      0.626616      0.728780      0.442669    
   9.60000      0.540954      0.971434      0.341391    
   9.70000      0.466651       1.20249      0.211765    
   9.80000      0.412540       1.40493      0.622781E-01
   9.90000      0.384502       1.56409     -0.965840E-01
   10.0000      0.384263       1.66899     -0.253447    
