    -2.00000        0.183156E-01
    -1.96000        0.214592E-01
    -1.92000        0.250621E-01
    -1.88000        0.291763E-01
    -1.84000        0.338573E-01
    -1.80000        0.391639E-01
    -1.76000        0.451575E-01
    -1.72000        0.519019E-01
    -1.68000        0.594631E-01
    -1.64000        0.679081E-01
    -1.60000        0.773047E-01
    -1.56000        0.877205E-01
    -1.52000        0.992216E-01
    -1.48000        0.111872    
    -1.44000        0.125732    
    -1.40000        0.140858    
    -1.36000        0.157300    
    -1.32000        0.175100    
    -1.28000        0.194291    
    -1.24000        0.214896    
    -1.20000        0.236928    
    -1.16000        0.260383    
    -1.12000        0.285247    
    -1.08000        0.311486    
    -1.04000        0.339053    
    -1.00000        0.367879    
   -0.960000        0.397882    
   -0.920000        0.428956    
   -0.880000        0.460980    
   -0.840000        0.493812    
   -0.800000        0.527292    
   -0.760000        0.561244    
   -0.720000        0.595473    
   -0.680000        0.629770    
   -0.640000        0.663916    
   -0.600000        0.697676    
   -0.560000        0.730811    
   -0.520000        0.763074    
   -0.480000        0.794216    
   -0.440000        0.823987    
   -0.400000        0.852144    
   -0.360000        0.878447    
   -0.320000        0.902668    
   -0.280000        0.924595    
   -0.240000        0.944027    
   -0.200000        0.960789    
   -0.160000        0.974725    
   -0.120000        0.985703    
   -0.800000E-01    0.993620    
   -0.400000E-01    0.998401    
     0.00000         1.00000    
    0.400000E-01    0.998401    
    0.800000E-01    0.993620    
    0.120000        0.985703    
    0.160000        0.974725    
    0.200000        0.960789    
    0.240000        0.944027    
    0.280000        0.924595    
    0.320000        0.902668    
    0.360000        0.878447    
    0.400000        0.852144    
    0.440000        0.823987    
    0.480000        0.794216    
    0.520000        0.763074    
    0.560000        0.730811    
    0.600000        0.697676    
    0.640000        0.663916    
    0.680000        0.629770    
    0.720000        0.595473    
    0.760000        0.561244    
    0.800000        0.527292    
    0.840000        0.493812    
    0.880000        0.460980    
    0.920000        0.428956    
    0.960000        0.397882    
     1.00000        0.367879    
     1.04000        0.339053    
     1.08000        0.311486    
     1.12000        0.285247    
     1.16000        0.260383    
     1.20000        0.236928    
     1.24000        0.214896    
     1.28000        0.194291    
     1.32000        0.175100    
     1.36000        0.157300    
     1.40000        0.140858    
     1.44000        0.125732    
     1.48000        0.111872    
     1.52000        0.992216E-01
     1.56000        0.877205E-01
     1.60000        0.773047E-01
     1.64000        0.679081E-01
     1.68000        0.594631E-01
     1.72000        0.519019E-01
     1.76000        0.451575E-01
     1.80000        0.391639E-01
     1.84000        0.338573E-01
     1.88000        0.291763E-01
     1.92000        0.250621E-01
     1.96000        0.214592E-01
     2.00000        0.183156E-01
