  -2.00000      0.160381E-27  0.112535E-06  0.183156E-01  0.169013      0.367879      0.778801      0.939413    
  -1.96000      0.202222E-26  0.212059E-06  0.214592E-01  0.181341      0.382740      0.786549      0.941741    
  -1.92000      0.242253E-25  0.394518E-06  0.250621E-01  0.194291      0.397882      0.794216      0.944027    
  -1.88000      0.275723E-24  0.724633E-06  0.291763E-01  0.207870      0.413292      0.801797      0.946272    
  -1.84000      0.298155E-23  0.131405E-05  0.338573E-01  0.222081      0.428956      0.809288      0.948475    
  -1.80000      0.306319E-22  0.235258E-05  0.391639E-01  0.236928      0.444858      0.816686      0.950635    
  -1.76000      0.299000E-21  0.415832E-05  0.451575E-01  0.252407      0.460980      0.823987      0.952753    
  -1.72000      0.277288E-20  0.725659E-05  0.519019E-01  0.268516      0.477305      0.831187      0.954827    
  -1.68000      0.244318E-19  0.125023E-04  0.594631E-01  0.285247      0.493812      0.838283      0.956858    
  -1.64000      0.204524E-18  0.212660E-04  0.679081E-01  0.302590      0.510482      0.845269      0.958846    
  -1.60000      0.162666E-17  0.357128E-04  0.773047E-01  0.320531      0.527292      0.852144      0.960789    
  -1.56000      0.122918E-16  0.592112E-04  0.877205E-01  0.339053      0.544221      0.858902      0.962689    
  -1.52000      0.882463E-16  0.969224E-04  0.992216E-01  0.358135      0.561244      0.865541      0.964544    
  -1.48000      0.601924E-15  0.156634E-03  0.111872      0.377754      0.578336      0.872057      0.966354    
  -1.44000      0.390078E-14  0.249912E-03  0.125732      0.397882      0.595473      0.878447      0.968119    
  -1.40000      0.240173E-13  0.393669E-03  0.140858      0.418486      0.612626      0.884706      0.969839    
  -1.36000      0.140496E-12  0.612232E-03  0.157300      0.439532      0.629770      0.890831      0.971514    
  -1.32000      0.780845E-12  0.940029E-03  0.175100      0.460980      0.646876      0.896820      0.973142    
  -1.28000      0.412317E-11  0.142498E-02  0.194291      0.482788      0.663916      0.902668      0.974725    
  -1.24000      0.206853E-10  0.213263E-02  0.214896      0.504909      0.680859      0.908373      0.976261    
  -1.20000      0.985951E-10  0.315111E-02  0.236928      0.527292      0.697676      0.913931      0.977751    
  -1.16000      0.446492E-09  0.459678E-02  0.260383      0.549886      0.714337      0.919339      0.979194    
  -1.12000      0.192104E-08  0.662040E-02  0.285247      0.572633      0.730811      0.924595      0.980591    
  -1.08000      0.785277E-08  0.941360E-02  0.311486      0.595473      0.747067      0.929694      0.981940    
  -1.04000      0.304981E-07  0.132150E-01  0.339053      0.618344      0.763074      0.934634      0.983242    
  -1.00000      0.112535E-06  0.183156E-01  0.367879      0.641180      0.778801      0.939413      0.984496    
 -0.960000      0.394518E-06  0.250621E-01  0.397882      0.663916      0.794216      0.944027      0.985703    
 -0.920000      0.131405E-05  0.338573E-01  0.428956      0.686480      0.809288      0.948475      0.986862    
 -0.880000      0.415832E-05  0.451575E-01  0.460980      0.708803      0.823987      0.952753      0.987973    
 -0.840000      0.125023E-04  0.594631E-01  0.493812      0.730811      0.838283      0.956858      0.989036    
 -0.800000      0.357128E-04  0.773047E-01  0.527292      0.752432      0.852144      0.960789      0.990050    
 -0.760000      0.969224E-04  0.992216E-01  0.561244      0.773592      0.865541      0.964544      0.991016    
 -0.720000      0.249912E-03  0.125732      0.595473      0.794216      0.878447      0.968119      0.991933    
 -0.680000      0.612232E-03  0.157300      0.629770      0.814231      0.890831      0.971514      0.992801    
 -0.640000      0.142498E-02  0.194291      0.663916      0.833564      0.902668      0.974725      0.993620    
 -0.600000      0.315111E-02  0.236928      0.697676      0.852144      0.913931      0.977751      0.994391    
 -0.560000      0.662040E-02  0.285247      0.730811      0.869899      0.924595      0.980591      0.995112    
 -0.520000      0.132150E-01  0.339053      0.763074      0.886763      0.934634      0.983242      0.995784    
 -0.480000      0.250621E-01  0.397882      0.794216      0.902668      0.944027      0.985703      0.996406    
 -0.440000      0.451575E-01  0.460980      0.823987      0.917553      0.952753      0.987973      0.996980    
 -0.400000      0.773047E-01  0.527292      0.852144      0.931358      0.960789      0.990050      0.997503    
 -0.360000      0.125732      0.595473      0.878447      0.944027      0.968119      0.991933      0.997977    
 -0.320000      0.194291      0.663916      0.902668      0.955509      0.974725      0.993620      0.998401    
 -0.280000      0.285247      0.730811      0.924595      0.965756      0.980591      0.995112      0.998776    
 -0.240000      0.397882      0.794216      0.944027      0.974725      0.985703      0.996406      0.999100    
 -0.200000      0.527292      0.852144      0.960789      0.982379      0.990050      0.997503      0.999375    
 -0.160000      0.663916      0.902668      0.974725      0.988687      0.993620      0.998401      0.999600    
 -0.120000      0.794216      0.944027      0.985703      0.993620      0.996406      0.999100      0.999775    
 -0.800000E-01  0.902668      0.974725      0.993620      0.997160      0.998401      0.999600      0.999900    
 -0.400000E-01  0.974725      0.993620      0.998401      0.999289      0.999600      0.999900      0.999975    
   0.00000       1.00000       1.00000       1.00000       1.00000       1.00000       1.00000       1.00000    
  0.400000E-01  0.974725      0.993620      0.998401      0.999289      0.999600      0.999900      0.999975    
  0.800000E-01  0.902668      0.974725      0.993620      0.997160      0.998401      0.999600      0.999900    
  0.120000      0.794216      0.944027      0.985703      0.993620      0.996406      0.999100      0.999775    
  0.160000      0.663916      0.902668      0.974725      0.988687      0.993620      0.998401      0.999600    
  0.200000      0.527292      0.852144      0.960789      0.982379      0.990050      0.997503      0.999375    
  0.240000      0.397882      0.794216      0.944027      0.974725      0.985703      0.996406      0.999100    
  0.280000      0.285247      0.730811      0.924595      0.965756      0.980591      0.995112      0.998776    
  0.320000      0.194291      0.663916      0.902668      0.955509      0.974725      0.993620      0.998401    
  0.360000      0.125732      0.595473      0.878447      0.944027      0.968119      0.991933      0.997977    
  0.400000      0.773047E-01  0.527292      0.852144      0.931358      0.960789      0.990050      0.997503    
  0.440000      0.451575E-01  0.460980      0.823987      0.917553      0.952753      0.987973      0.996980    
  0.480000      0.250621E-01  0.397882      0.794216      0.902668      0.944027      0.985703      0.996406    
  0.520000      0.132150E-01  0.339053      0.763074      0.886763      0.934634      0.983242      0.995784    
  0.560000      0.662040E-02  0.285247      0.730811      0.869899      0.924595      0.980591      0.995112    
  0.600000      0.315111E-02  0.236928      0.697676      0.852144      0.913931      0.977751      0.994391    
  0.640000      0.142498E-02  0.194291      0.663916      0.833564      0.902668      0.974725      0.993620    
  0.680000      0.612232E-03  0.157300      0.629770      0.814231      0.890831      0.971514      0.992801    
  0.720000      0.249912E-03  0.125732      0.595473      0.794216      0.878447      0.968119      0.991933    
  0.760000      0.969224E-04  0.992216E-01  0.561244      0.773592      0.865541      0.964544      0.991016    
  0.800000      0.357128E-04  0.773047E-01  0.527292      0.752432      0.852144      0.960789      0.990050    
  0.840000      0.125023E-04  0.594631E-01  0.493812      0.730811      0.838283      0.956858      0.989036    
  0.880000      0.415832E-05  0.451575E-01  0.460980      0.708803      0.823987      0.952753      0.987973    
  0.920000      0.131405E-05  0.338573E-01  0.428956      0.686480      0.809288      0.948475      0.986862    
  0.960000      0.394518E-06  0.250621E-01  0.397882      0.663916      0.794216      0.944027      0.985703    
   1.00000      0.112535E-06  0.183156E-01  0.367879      0.641180      0.778801      0.939413      0.984496    
   1.04000      0.304981E-07  0.132150E-01  0.339053      0.618344      0.763074      0.934634      0.983242    
   1.08000      0.785277E-08  0.941360E-02  0.311486      0.595473      0.747067      0.929694      0.981940    
   1.12000      0.192104E-08  0.662040E-02  0.285247      0.572633      0.730811      0.924595      0.980591    
   1.16000      0.446492E-09  0.459678E-02  0.260383      0.549886      0.714337      0.919339      0.979194    
   1.20000      0.985951E-10  0.315111E-02  0.236928      0.527292      0.697676      0.913931      0.977751    
   1.24000      0.206853E-10  0.213263E-02  0.214896      0.504909      0.680859      0.908373      0.976261    
   1.28000      0.412317E-11  0.142498E-02  0.194291      0.482788      0.663916      0.902668      0.974725    
   1.32000      0.780845E-12  0.940029E-03  0.175100      0.460980      0.646876      0.896820      0.973142    
   1.36000      0.140496E-12  0.612232E-03  0.157300      0.439532      0.629770      0.890831      0.971514    
   1.40000      0.240173E-13  0.393669E-03  0.140858      0.418486      0.612626      0.884706      0.969839    
   1.44000      0.390078E-14  0.249912E-03  0.125732      0.397882      0.595473      0.878447      0.968119    
   1.48000      0.601924E-15  0.156634E-03  0.111872      0.377754      0.578336      0.872057      0.966354    
   1.52000      0.882463E-16  0.969224E-04  0.992216E-01  0.358135      0.561244      0.865541      0.964544    
   1.56000      0.122918E-16  0.592112E-04  0.877205E-01  0.339053      0.544221      0.858902      0.962689    
   1.60000      0.162666E-17  0.357128E-04  0.773047E-01  0.320531      0.527292      0.852144      0.960789    
   1.64000      0.204524E-18  0.212660E-04  0.679081E-01  0.302590      0.510482      0.845269      0.958846    
   1.68000      0.244318E-19  0.125023E-04  0.594631E-01  0.285247      0.493812      0.838283      0.956858    
   1.72000      0.277288E-20  0.725659E-05  0.519019E-01  0.268516      0.477305      0.831187      0.954827    
   1.76000      0.299000E-21  0.415832E-05  0.451575E-01  0.252407      0.460980      0.823987      0.952753    
   1.80000      0.306319E-22  0.235258E-05  0.391639E-01  0.236928      0.444858      0.816686      0.950635    
   1.84000      0.298155E-23  0.131405E-05  0.338573E-01  0.222081      0.428956      0.809288      0.948475    
   1.88000      0.275723E-24  0.724633E-06  0.291763E-01  0.207870      0.413292      0.801797      0.946272    
   1.92000      0.242253E-25  0.394518E-06  0.250621E-01  0.194291      0.397882      0.794216      0.944027    
   1.96000      0.202222E-26  0.212059E-06  0.214592E-01  0.181341      0.382740      0.786549      0.941741    
   2.00000      0.160381E-27  0.112535E-06  0.183156E-01  0.169013      0.367879      0.778801      0.939413    
