   0.00000       1.31358      0.548248      0.734865    
  0.100000       2.04418     -0.113160      0.563159    
  0.200000       1.39892     -0.341230      0.960841    
  0.300000      0.797369      -1.41110      0.449333    
  0.400000      0.484284      -1.45408      0.476441    
  0.500000       1.05770     -0.899608       1.19171    
  0.600000       1.14023      -1.22035       1.13555    
  0.700000       1.62968     -0.560733       1.38902    
  0.800000       1.90386      0.221200       1.40610    
  0.900000      0.550814     -0.453341       1.78790    
   1.00000     -0.696874      0.466655E-02   1.48015    
   1.10000      -1.95200     -0.200057      0.980125    
   1.20000      -1.26333     -0.445557      0.891216    
   1.30000      -1.08276      0.765807      0.616572    
   1.40000      -1.72925      0.817039      0.139061    
   1.50000      -1.08646     -0.492916      0.750341    
   1.60000     -0.928126      0.227971      0.396877    
   1.70000     -0.953626     -0.406232       1.14898    
   1.80000     -0.592742      0.157547     -0.740299E-01
   1.90000      0.746243     -0.161555E-01 -0.405408    
   2.00000      0.713242      0.388430      0.971697E-02
   2.10000      0.746398      0.385548      0.261413    
   2.20000      0.329478       1.56030       1.59064    
   2.30000       1.43030       1.22907      0.993361    
   2.40000       1.21188      0.837804      0.804475    
   2.50000       1.77530      0.876787E-01  0.538601    
   2.60000      0.929648      0.779896E-02   1.05585    
   2.70000     -0.137957E-02 -0.469646E-01 -0.426973E-01
   2.80000      0.910575      -1.37884      0.222815    
   2.90000      0.657532      -1.69568      0.140571E-01
   3.00000      0.841023      -2.64183      0.328395E-01
   3.10000      0.171723      -3.18518     -0.687285    
   3.20000     -0.112842      -2.60720      -1.21215    
   3.30000     -0.462640      -2.56500      -1.59370    
   3.40000     -0.356376      -1.58580     -0.831484    
   3.50000     -0.557556     -0.699130     -0.101224    
   3.60000     -0.660609      0.165693      0.202609    
   3.70000     -0.521934     -0.571435      0.407082    
   3.80000      -1.52923     -0.166793      0.404493    
   3.90000     -0.993161      -1.49409       2.18892    
   4.00000     -0.131024     -0.260137       1.83531    
   4.10000     -0.542625     -0.795771      0.931592    
   4.20000     -0.218297E-01 -0.146776      0.193794    
   4.30000     -0.405492      0.536010     -0.841096E-01
   4.40000      0.780037E-01  0.282904      0.400178    
   4.50000     -0.179220      0.420270      0.322551    
   4.60000      -1.15541      0.515492     -0.502979E-02
   4.70000      -1.33064       1.09003      0.778369    
   4.80000      0.333612E-01  0.589703      0.762793    
   4.90000      0.188778      0.912260E-01 -0.968777    
   5.00000     -0.164464       1.48940     -0.996776    
   5.10000     -0.468596       1.30970      -1.32196    
   5.20000      -1.70416      0.659451     -0.868377    
   5.30000      -1.17392      0.878191      -1.37778    
   5.40000      -2.19925      0.218053      -2.15609    
   5.50000      -1.94137      0.319837      -1.76687    
   5.60000      -1.14292      0.323646     -0.747456    
   5.70000     -0.864105     -0.650172      -1.04566    
   5.80000     -0.914750     -0.848399      -1.26897    
   5.90000      -1.04080     -0.425029     -0.948791    
   6.00000     -0.549143     -0.762433      -1.69829    
   6.10000     -0.563257     -0.848588      -1.16136    
   6.20000     -0.460079      -1.00498      -1.40967    
   6.30000      -1.92934      -1.58505      -1.19407    
   6.40000      -1.50743     -0.896741     -0.875207    
   6.50000      -2.12274     -0.880292     -0.200515    
   6.60000     -0.566528      -1.60359      0.887477    
   6.70000      0.244501      -1.88853      0.381446    
   6.80000     -0.396013      -1.03660      0.496982    
   6.90000       1.32113      -1.28986      0.510658    
   7.00000       1.37391     -0.659129     -0.491304    
   7.10000       2.07979     -0.255422     -0.623597    
   7.20000       2.54073     -0.761449     -0.661632    
   7.30000       2.77426     -0.771407E-01 -0.903985    
   7.40000       2.90390     -0.419276      -1.09238    
   7.50000       2.65941      0.163716     -0.543483    
   7.60000       3.19610      0.365247     -0.563767    
   7.70000       2.82869     -0.206440     -0.848871    
   7.80000       1.76569     -0.272883      -1.05346    
   7.90000       1.53286      0.529204      0.534016E-02
   8.00000       1.78190      0.281872E-02  0.199649    
   8.10000       1.32458     -0.965654E-01  -1.19557    
   8.20000      0.595044      0.683720     -0.246200    
   8.30000      0.848951     -0.139790     -0.498230    
   8.40000      0.292876E-01 -0.364165      0.488113E-01
   8.50000      0.918345E-01  0.353355     -0.382742    
   8.60000     -0.123959     -0.135592     -0.695480    
   8.70000      0.451020      0.360379      -1.24390    
   8.80000      0.400478      0.761223      0.230231    
   8.90000      0.493612E-01   1.07184      0.917651    
   9.00000      0.614704      0.922596      0.719559    
   9.10000      0.277025      0.533823      0.318350    
   9.20000     -0.100944     -0.771128      0.372765    
   9.30000      0.238086     -0.486595     -0.714004E-02
   9.40000      0.732846      0.199877      0.891405    
   9.50000      0.836348     -0.240474       1.23032    
   9.60000      0.500163      0.163970       1.11087    
   9.70000     -0.132028      0.750285       1.11503    
   9.80000     -0.101409      0.610111       1.03571    
   9.90000     -0.638221       1.07014      0.804773    
   10.0000     -0.339740       1.86395      0.477770    
