  -2.00000     -0.234824E-02 -0.549469E-01 -0.135335     -0.878657E-01   0.00000      0.303265      0.584101    
  -1.96000     -0.269270E-02 -0.579360E-01 -0.135224     -0.830211E-01  0.750622E-02  0.312439      0.590942    
  -1.92000     -0.308599E-02 -0.610418E-01 -0.134878     -0.778504E-01  0.153157E-01  0.321767      0.597837    
  -1.88000     -0.353470E-02 -0.642631E-01 -0.134279     -0.723397E-01  0.234377E-01  0.331251      0.604787    
  -1.84000     -0.404622E-02 -0.675976E-01 -0.133407     -0.664742E-01  0.318815E-01  0.340893      0.611791    
  -1.80000     -0.462883E-02 -0.710417E-01 -0.132239     -0.602388E-01  0.406570E-01  0.350695      0.618850    
  -1.76000     -0.529180E-02 -0.745906E-01 -0.130754     -0.536179E-01  0.497739E-01  0.360660      0.625965    
  -1.72000     -0.604549E-02 -0.782378E-01 -0.128928     -0.465951E-01  0.592427E-01  0.370790      0.633135    
  -1.68000     -0.690140E-02 -0.819752E-01 -0.126734     -0.391536E-01  0.690737E-01  0.381087      0.640362    
  -1.64000     -0.787232E-02 -0.857924E-01 -0.124147     -0.312758E-01  0.792777E-01  0.391554      0.647645    
  -1.60000     -0.897241E-02 -0.896768E-01 -0.121138     -0.229436E-01  0.898658E-01  0.402192      0.654985    
  -1.56000     -0.102172E-01 -0.936132E-01 -0.117676     -0.141382E-01  0.100849      0.413005      0.662382    
  -1.52000     -0.116239E-01 -0.975832E-01 -0.113730     -0.484009E-02  0.112240      0.423994      0.669837    
  -1.48000     -0.132112E-01 -0.101565     -0.109266      0.497090E-02  0.124050      0.435163      0.677350    
  -1.44000     -0.149993E-01 -0.105533     -0.104248      0.153157E-01  0.136291      0.446513      0.684922    
  -1.40000     -0.170102E-01 -0.109458     -0.986388E-01  0.262160E-01  0.148976      0.458047      0.692552    
  -1.36000     -0.192673E-01 -0.113305     -0.923979E-01  0.376944E-01  0.162117      0.469768      0.700242    
  -1.32000     -0.217956E-01 -0.117032     -0.854833E-01  0.497739E-01  0.175729      0.481679      0.707991    
  -1.28000     -0.246212E-01 -0.120595     -0.778504E-01  0.624789E-01  0.189825      0.493781      0.715801    
  -1.24000     -0.277712E-01 -0.123940     -0.694522E-01  0.758342E-01  0.204419      0.506078      0.723671    
  -1.20000     -0.312730E-01 -0.127005     -0.602388E-01  0.898658E-01  0.219525      0.518573      0.731602    
  -1.16000     -0.351540E-01 -0.129721     -0.501578E-01  0.104600      0.235157      0.531267      0.739594    
  -1.12000     -0.394403E-01 -0.132009     -0.391536E-01  0.120066      0.251332      0.544164      0.747648    
  -1.08000     -0.441556E-01 -0.133777     -0.271676E-01  0.136291      0.268064      0.557267      0.755764    
  -1.04000     -0.493199E-01 -0.134925     -0.141382E-01  0.153305      0.285370      0.570578      0.763943    
  -1.00000     -0.549469E-01 -0.135335       0.00000      0.171139      0.303265      0.584101      0.772185    
 -0.960000     -0.610418E-01 -0.134878      0.153157E-01  0.189825      0.321767      0.597837      0.780490    
 -0.920000     -0.675976E-01 -0.133407      0.318815E-01  0.209397      0.340893      0.611791      0.788859    
 -0.880000     -0.745906E-01 -0.130754      0.497739E-01  0.229887      0.360660      0.625965      0.797292    
 -0.840000     -0.819752E-01 -0.126734      0.690737E-01  0.251332      0.381087      0.640362      0.805790    
 -0.800000     -0.896768E-01 -0.121138      0.898658E-01  0.273768      0.402192      0.654985      0.814354    
 -0.760000     -0.975832E-01 -0.113730      0.112240      0.297234      0.423994      0.669837      0.822983    
 -0.720000     -0.105533     -0.104248      0.136291      0.321767      0.446513      0.684922      0.831677    
 -0.680000     -0.113305     -0.923979E-01  0.162117      0.347410      0.469768      0.700242      0.840439    
 -0.640000     -0.120595     -0.778504E-01  0.189825      0.374204      0.493781      0.715801      0.849267    
 -0.600000     -0.127005     -0.602388E-01  0.219525      0.402192      0.518573      0.731602      0.858163    
 -0.560000     -0.132009     -0.391536E-01  0.251332      0.431420      0.544164      0.747648      0.867126    
 -0.520000     -0.134925     -0.141382E-01  0.285370      0.461933      0.570578      0.763943      0.876158    
 -0.480000     -0.134878      0.153157E-01  0.321767      0.493781      0.597837      0.780490      0.885259    
 -0.440000     -0.130754      0.497739E-01  0.360660      0.527013      0.625965      0.797292      0.894428    
 -0.400000     -0.121138      0.898658E-01  0.402192      0.561681      0.654985      0.814354      0.903668    
 -0.360000     -0.104248      0.136291      0.446513      0.597837      0.684922      0.831677      0.912978    
 -0.320000     -0.778504E-01  0.189825      0.493781      0.635538      0.715801      0.849267      0.922358    
 -0.280000     -0.391536E-01  0.251332      0.544164      0.674839      0.747648      0.867126      0.931809    
 -0.240000      0.153157E-01  0.321767      0.597837      0.715801      0.780490      0.885259      0.941332    
 -0.200000      0.898658E-01  0.402192      0.654985      0.758484      0.814354      0.903668      0.950927    
 -0.160000      0.189825      0.493781      0.715801      0.802951      0.849267      0.922358      0.960595    
 -0.120000      0.321767      0.597837      0.780490      0.849267      0.885259      0.941332      0.970335    
 -0.800000E-01  0.493781      0.715801      0.849267      0.897501      0.922358      0.960595      0.980149    
 -0.400000E-01  0.715801      0.849267      0.922358      0.947721      0.960595      0.980149      0.990037    
   0.00000       1.00000       1.00000       1.00000       1.00000       1.00000       1.00000       1.00000    
  0.400000E-01  0.715801      0.849267      0.922358      0.947721      0.960595      0.980149      0.990037    
  0.800000E-01  0.493781      0.715801      0.849267      0.897501      0.922358      0.960595      0.980149    
  0.120000      0.321767      0.597837      0.780490      0.849267      0.885259      0.941332      0.970335    
  0.160000      0.189825      0.493781      0.715801      0.802951      0.849267      0.922358      0.960595    
  0.200000      0.898658E-01  0.402192      0.654985      0.758484      0.814354      0.903668      0.950927    
  0.240000      0.153157E-01  0.321767      0.597837      0.715801      0.780490      0.885259      0.941332    
  0.280000     -0.391536E-01  0.251332      0.544164      0.674839      0.747648      0.867126      0.931809    
  0.320000     -0.778504E-01  0.189825      0.493781      0.635538      0.715801      0.849267      0.922358    
  0.360000     -0.104248      0.136291      0.446513      0.597837      0.684922      0.831677      0.912978    
  0.400000     -0.121138      0.898658E-01  0.402192      0.561681      0.654985      0.814354      0.903668    
  0.440000     -0.130754      0.497739E-01  0.360660      0.527013      0.625965      0.797292      0.894428    
  0.480000     -0.134878      0.153157E-01  0.321767      0.493781      0.597837      0.780490      0.885259    
  0.520000     -0.134925     -0.141382E-01  0.285370      0.461933      0.570578      0.763943      0.876158    
  0.560000     -0.132009     -0.391536E-01  0.251332      0.431420      0.544164      0.747648      0.867126    
  0.600000     -0.127005     -0.602388E-01  0.219525      0.402192      0.518573      0.731602      0.858163    
  0.640000     -0.120595     -0.778504E-01  0.189825      0.374204      0.493781      0.715801      0.849267    
  0.680000     -0.113305     -0.923979E-01  0.162117      0.347410      0.469768      0.700242      0.840439    
  0.720000     -0.105533     -0.104248      0.136291      0.321767      0.446513      0.684922      0.831677    
  0.760000     -0.975832E-01 -0.113730      0.112240      0.297234      0.423994      0.669837      0.822983    
  0.800000     -0.896768E-01 -0.121138      0.898658E-01  0.273768      0.402192      0.654985      0.814354    
  0.840000     -0.819752E-01 -0.126734      0.690737E-01  0.251332      0.381087      0.640362      0.805790    
  0.880000     -0.745906E-01 -0.130754      0.497739E-01  0.229887      0.360660      0.625965      0.797292    
  0.920000     -0.675976E-01 -0.133407      0.318815E-01  0.209397      0.340893      0.611791      0.788859    
  0.960000     -0.610418E-01 -0.134878      0.153157E-01  0.189825      0.321767      0.597837      0.780490    
   1.00000     -0.549469E-01 -0.135335       0.00000      0.171139      0.303265      0.584101      0.772185    
   1.04000     -0.493199E-01 -0.134925     -0.141382E-01  0.153305      0.285370      0.570578      0.763943    
   1.08000     -0.441556E-01 -0.133777     -0.271676E-01  0.136291      0.268064      0.557267      0.755764    
   1.12000     -0.394403E-01 -0.132009     -0.391536E-01  0.120066      0.251332      0.544164      0.747648    
   1.16000     -0.351540E-01 -0.129721     -0.501578E-01  0.104600      0.235157      0.531267      0.739594    
   1.20000     -0.312730E-01 -0.127005     -0.602388E-01  0.898658E-01  0.219525      0.518573      0.731602    
   1.24000     -0.277712E-01 -0.123940     -0.694522E-01  0.758342E-01  0.204419      0.506078      0.723671    
   1.28000     -0.246212E-01 -0.120595     -0.778504E-01  0.624789E-01  0.189825      0.493781      0.715801    
   1.32000     -0.217956E-01 -0.117032     -0.854833E-01  0.497739E-01  0.175729      0.481679      0.707991    
   1.36000     -0.192673E-01 -0.113305     -0.923979E-01  0.376944E-01  0.162117      0.469768      0.700242    
   1.40000     -0.170102E-01 -0.109458     -0.986388E-01  0.262160E-01  0.148976      0.458047      0.692552    
   1.44000     -0.149993E-01 -0.105533     -0.104248      0.153157E-01  0.136291      0.446513      0.684922    
   1.48000     -0.132112E-01 -0.101565     -0.109266      0.497090E-02  0.124050      0.435163      0.677350    
   1.52000     -0.116239E-01 -0.975832E-01 -0.113730     -0.484009E-02  0.112240      0.423994      0.669837    
   1.56000     -0.102172E-01 -0.936132E-01 -0.117676     -0.141382E-01  0.100849      0.413005      0.662382    
   1.60000     -0.897241E-02 -0.896768E-01 -0.121138     -0.229436E-01  0.898658E-01  0.402192      0.654985    
   1.64000     -0.787232E-02 -0.857924E-01 -0.124147     -0.312758E-01  0.792777E-01  0.391554      0.647645    
   1.68000     -0.690140E-02 -0.819752E-01 -0.126734     -0.391536E-01  0.690737E-01  0.381087      0.640362    
   1.72000     -0.604549E-02 -0.782378E-01 -0.128928     -0.465951E-01  0.592427E-01  0.370790      0.633135    
   1.76000     -0.529180E-02 -0.745906E-01 -0.130754     -0.536179E-01  0.497739E-01  0.360660      0.625965    
   1.80000     -0.462883E-02 -0.710417E-01 -0.132239     -0.602388E-01  0.406570E-01  0.350695      0.618850    
   1.84000     -0.404622E-02 -0.675976E-01 -0.133407     -0.664742E-01  0.318815E-01  0.340893      0.611791    
   1.88000     -0.353470E-02 -0.642631E-01 -0.134279     -0.723397E-01  0.234377E-01  0.331251      0.604787    
   1.92000     -0.308599E-02 -0.610418E-01 -0.134878     -0.778504E-01  0.153157E-01  0.321767      0.597837    
   1.96000     -0.269270E-02 -0.579360E-01 -0.135224     -0.830211E-01  0.750622E-02  0.312439      0.590942    
   2.00000     -0.234824E-02 -0.549469E-01 -0.135335     -0.878657E-01   0.00000      0.303265      0.584101    
