    -6.00000       -0.123938E-01
    -5.88000       -0.136386E-01
    -5.76000       -0.149993E-01
    -5.64000       -0.164853E-01
    -5.52000       -0.181064E-01
    -5.40000       -0.198730E-01
    -5.28000       -0.217956E-01
    -5.16000       -0.238855E-01
    -5.04000       -0.261539E-01
    -4.92000       -0.286126E-01
    -4.80000       -0.312730E-01
    -4.68000       -0.341468E-01
    -4.56000       -0.372449E-01
    -4.44000       -0.405780E-01
    -4.32000       -0.441556E-01
    -4.20000       -0.479858E-01
    -4.08000       -0.520750E-01
    -3.96000       -0.564268E-01
    -3.84000       -0.610418E-01
    -3.72000       -0.659164E-01
    -3.60000       -0.710417E-01
    -3.48000       -0.764024E-01
    -3.36000       -0.819752E-01
    -3.24000       -0.877271E-01
    -3.12000       -0.936132E-01
    -3.00000       -0.995741E-01
    -2.88000       -0.105533    
    -2.76000       -0.111394    
    -2.64000       -0.117032    
    -2.52000       -0.122299    
    -2.40000       -0.127005    
    -2.28000       -0.130924    
    -2.16000       -0.133777    
    -2.04000       -0.135230    
    -1.92000       -0.134878    
    -1.80000       -0.132239    
    -1.68000       -0.126734    
    -1.56000       -0.117676    
    -1.44000       -0.104248    
    -1.32000       -0.854833E-01
    -1.20000       -0.602388E-01
    -1.08000       -0.271676E-01
   -0.960000        0.153157E-01
   -0.840000        0.690737E-01
   -0.720000        0.136291    
   -0.600000        0.219525    
   -0.480000        0.321767    
   -0.360000        0.446513    
   -0.240000        0.597837    
   -0.120000        0.780490    
     0.00000         1.00000    
    0.120000        0.780490    
    0.240000        0.597837    
    0.360000        0.446513    
    0.480000        0.321767    
    0.600000        0.219525    
    0.720000        0.136291    
    0.840000        0.690737E-01
    0.960000        0.153157E-01
     1.08000       -0.271676E-01
     1.20000       -0.602388E-01
     1.32000       -0.854833E-01
     1.44000       -0.104248    
     1.56000       -0.117676    
     1.68000       -0.126734    
     1.80000       -0.132239    
     1.92000       -0.134878    
     2.04000       -0.135230    
     2.16000       -0.133777    
     2.28000       -0.130924    
     2.40000       -0.127005    
     2.52000       -0.122299    
     2.64000       -0.117032    
     2.76000       -0.111394    
     2.88000       -0.105533    
     3.00000       -0.995741E-01
     3.12000       -0.936132E-01
     3.24000       -0.877271E-01
     3.36000       -0.819752E-01
     3.48000       -0.764024E-01
     3.60000       -0.710417E-01
     3.72000       -0.659164E-01
     3.84000       -0.610418E-01
     3.96000       -0.564268E-01
     4.08000       -0.520750E-01
     4.20000       -0.479858E-01
     4.32000       -0.441556E-01
     4.44000       -0.405780E-01
     4.56000       -0.372449E-01
     4.68000       -0.341468E-01
     4.80000       -0.312730E-01
     4.92000       -0.286126E-01
     5.04000       -0.261539E-01
     5.16000       -0.238855E-01
     5.28000       -0.217956E-01
     5.40000       -0.198730E-01
     5.52000       -0.181064E-01
     5.64000       -0.164853E-01
     5.76000       -0.149993E-01
     5.88000       -0.136386E-01
     6.00000       -0.123938E-01
