  -2.00000       0.00000       0.00000       0.00000       0.00000      0.500000      0.750000    
  -1.96000       0.00000       0.00000       0.00000      0.200000E-01  0.510000      0.755000    
  -1.92000       0.00000       0.00000       0.00000      0.400000E-01  0.520000      0.760000    
  -1.88000       0.00000       0.00000       0.00000      0.600000E-01  0.530000      0.765000    
  -1.84000       0.00000       0.00000       0.00000      0.800000E-01  0.540000      0.770000    
  -1.80000       0.00000       0.00000       0.00000      0.100000      0.550000      0.775000    
  -1.76000       0.00000       0.00000       0.00000      0.120000      0.560000      0.780000    
  -1.72000       0.00000       0.00000       0.00000      0.140000      0.570000      0.785000    
  -1.68000       0.00000       0.00000       0.00000      0.160000      0.580000      0.790000    
  -1.64000       0.00000       0.00000       0.00000      0.180000      0.590000      0.795000    
  -1.60000       0.00000       0.00000       0.00000      0.200000      0.600000      0.800000    
  -1.56000       0.00000       0.00000       0.00000      0.220000      0.610000      0.805000    
  -1.52000       0.00000       0.00000       0.00000      0.240000      0.620000      0.810000    
  -1.48000       0.00000       0.00000      0.133333E-01  0.260000      0.630000      0.815000    
  -1.44000       0.00000       0.00000      0.400000E-01  0.280000      0.640000      0.820000    
  -1.40000       0.00000       0.00000      0.666667E-01  0.300000      0.650000      0.825000    
  -1.36000       0.00000       0.00000      0.933333E-01  0.320000      0.660000      0.830000    
  -1.32000       0.00000       0.00000      0.120000      0.340000      0.670000      0.835000    
  -1.28000       0.00000       0.00000      0.146667      0.360000      0.680000      0.840000    
  -1.24000       0.00000       0.00000      0.173333      0.380000      0.690000      0.845000    
  -1.20000       0.00000       0.00000      0.200000      0.400000      0.700000      0.850000    
  -1.16000       0.00000       0.00000      0.226667      0.420000      0.710000      0.855000    
  -1.12000       0.00000       0.00000      0.253333      0.440000      0.720000      0.860000    
  -1.08000       0.00000       0.00000      0.280000      0.460000      0.730000      0.865000    
  -1.04000       0.00000       0.00000      0.306667      0.480000      0.740000      0.870000    
  -1.00000       0.00000       0.00000      0.333333      0.500000      0.750000      0.875000    
 -0.960000       0.00000      0.400000E-01  0.360000      0.520000      0.760000      0.880000    
 -0.920000       0.00000      0.800000E-01  0.386667      0.540000      0.770000      0.885000    
 -0.880000       0.00000      0.120000      0.413333      0.560000      0.780000      0.890000    
 -0.840000       0.00000      0.160000      0.440000      0.580000      0.790000      0.895000    
 -0.800000       0.00000      0.200000      0.466667      0.600000      0.800000      0.900000    
 -0.760000       0.00000      0.240000      0.493333      0.620000      0.810000      0.905000    
 -0.720000       0.00000      0.280000      0.520000      0.640000      0.820000      0.910000    
 -0.680000       0.00000      0.320000      0.546667      0.660000      0.830000      0.915000    
 -0.640000       0.00000      0.360000      0.573333      0.680000      0.840000      0.920000    
 -0.600000       0.00000      0.400000      0.600000      0.700000      0.850000      0.925000    
 -0.560000       0.00000      0.440000      0.626667      0.720000      0.860000      0.930000    
 -0.520000       0.00000      0.480000      0.653333      0.740000      0.870000      0.935000    
 -0.480000      0.400000E-01  0.520000      0.680000      0.760000      0.880000      0.940000    
 -0.440000      0.120000      0.560000      0.706667      0.780000      0.890000      0.945000    
 -0.400000      0.200000      0.600000      0.733333      0.800000      0.900000      0.950000    
 -0.360000      0.280000      0.640000      0.760000      0.820000      0.910000      0.955000    
 -0.320000      0.360000      0.680000      0.786667      0.840000      0.920000      0.960000    
 -0.280000      0.440000      0.720000      0.813333      0.860000      0.930000      0.965000    
 -0.240000      0.520000      0.760000      0.840000      0.880000      0.940000      0.970000    
 -0.200000      0.600000      0.800000      0.866667      0.900000      0.950000      0.975000    
 -0.160000      0.680000      0.840000      0.893333      0.920000      0.960000      0.980000    
 -0.120000      0.760000      0.880000      0.920000      0.940000      0.970000      0.985000    
 -0.800000E-01  0.840000      0.920000      0.946667      0.960000      0.980000      0.990000    
 -0.400000E-01  0.920000      0.960000      0.973333      0.980000      0.990000      0.995000    
   0.00000       1.00000       1.00000       1.00000       1.00000       1.00000       1.00000    
  0.400000E-01  0.920000      0.960000      0.973333      0.980000      0.990000      0.995000    
  0.800000E-01  0.840000      0.920000      0.946667      0.960000      0.980000      0.990000    
  0.120000      0.760000      0.880000      0.920000      0.940000      0.970000      0.985000    
  0.160000      0.680000      0.840000      0.893333      0.920000      0.960000      0.980000    
  0.200000      0.600000      0.800000      0.866667      0.900000      0.950000      0.975000    
  0.240000      0.520000      0.760000      0.840000      0.880000      0.940000      0.970000    
  0.280000      0.440000      0.720000      0.813333      0.860000      0.930000      0.965000    
  0.320000      0.360000      0.680000      0.786667      0.840000      0.920000      0.960000    
  0.360000      0.280000      0.640000      0.760000      0.820000      0.910000      0.955000    
  0.400000      0.200000      0.600000      0.733333      0.800000      0.900000      0.950000    
  0.440000      0.120000      0.560000      0.706667      0.780000      0.890000      0.945000    
  0.480000      0.400000E-01  0.520000      0.680000      0.760000      0.880000      0.940000    
  0.520000       0.00000      0.480000      0.653333      0.740000      0.870000      0.935000    
  0.560000       0.00000      0.440000      0.626667      0.720000      0.860000      0.930000    
  0.600000       0.00000      0.400000      0.600000      0.700000      0.850000      0.925000    
  0.640000       0.00000      0.360000      0.573333      0.680000      0.840000      0.920000    
  0.680000       0.00000      0.320000      0.546667      0.660000      0.830000      0.915000    
  0.720000       0.00000      0.280000      0.520000      0.640000      0.820000      0.910000    
  0.760000       0.00000      0.240000      0.493333      0.620000      0.810000      0.905000    
  0.800000       0.00000      0.200000      0.466667      0.600000      0.800000      0.900000    
  0.840000       0.00000      0.160000      0.440000      0.580000      0.790000      0.895000    
  0.880000       0.00000      0.120000      0.413333      0.560000      0.780000      0.890000    
  0.920000       0.00000      0.800000E-01  0.386667      0.540000      0.770000      0.885000    
  0.960000       0.00000      0.400000E-01  0.360000      0.520000      0.760000      0.880000    
   1.00000       0.00000       0.00000      0.333333      0.500000      0.750000      0.875000    
   1.04000       0.00000       0.00000      0.306667      0.480000      0.740000      0.870000    
   1.08000       0.00000       0.00000      0.280000      0.460000      0.730000      0.865000    
   1.12000       0.00000       0.00000      0.253333      0.440000      0.720000      0.860000    
   1.16000       0.00000       0.00000      0.226667      0.420000      0.710000      0.855000    
   1.20000       0.00000       0.00000      0.200000      0.400000      0.700000      0.850000    
   1.24000       0.00000       0.00000      0.173333      0.380000      0.690000      0.845000    
   1.28000       0.00000       0.00000      0.146667      0.360000      0.680000      0.840000    
   1.32000       0.00000       0.00000      0.120000      0.340000      0.670000      0.835000    
   1.36000       0.00000       0.00000      0.933333E-01  0.320000      0.660000      0.830000    
   1.40000       0.00000       0.00000      0.666667E-01  0.300000      0.650000      0.825000    
   1.44000       0.00000       0.00000      0.400000E-01  0.280000      0.640000      0.820000    
   1.48000       0.00000       0.00000      0.133333E-01  0.260000      0.630000      0.815000    
   1.52000       0.00000       0.00000       0.00000      0.240000      0.620000      0.810000    
   1.56000       0.00000       0.00000       0.00000      0.220000      0.610000      0.805000    
   1.60000       0.00000       0.00000       0.00000      0.200000      0.600000      0.800000    
   1.64000       0.00000       0.00000       0.00000      0.180000      0.590000      0.795000    
   1.68000       0.00000       0.00000       0.00000      0.160000      0.580000      0.790000    
   1.72000       0.00000       0.00000       0.00000      0.140000      0.570000      0.785000    
   1.76000       0.00000       0.00000       0.00000      0.120000      0.560000      0.780000    
   1.80000       0.00000       0.00000       0.00000      0.100000      0.550000      0.775000    
   1.84000       0.00000       0.00000       0.00000      0.800000E-01  0.540000      0.770000    
   1.88000       0.00000       0.00000       0.00000      0.600000E-01  0.530000      0.765000    
   1.92000       0.00000       0.00000       0.00000      0.400000E-01  0.520000      0.760000    
   1.96000       0.00000       0.00000       0.00000      0.200000E-01  0.510000      0.755000    
   2.00000       0.00000       0.00000       0.00000       0.00000      0.500000      0.750000    
