   0.00000       1.67904     -0.964263     -0.607906E-01
  0.100000       1.30506      -1.04327      0.327648    
  0.200000      0.901605      -1.77373      0.647405E-01
  0.300000      0.657786      -1.82246      0.159024    
  0.400000       1.04657      -1.42307      0.767370    
  0.500000       1.10790      -1.62892      0.851192    
  0.600000       1.47054      -1.12327       1.15438    
  0.700000       1.69786     -0.473101       1.29141    
  0.800000      0.722236     -0.847152       1.68912    
  0.900000     -0.276513     -0.425350       1.58740    
   1.00000      -1.36021     -0.461585       1.30895    
   1.10000     -0.908970     -0.545556       1.14670    
   1.20000     -0.717747      0.632830       1.17757    
   1.30000      -1.13569      0.816174      0.869391    
   1.40000      -1.08139     -0.113801      0.974442    
   1.50000      -1.12606      0.477962      0.758828    
   1.60000      -1.42886     -0.112134       1.12502    
   1.70000      -1.41309     -0.428841E-01  0.340147    
   1.80000     -0.124483      0.103708     -0.983473E-01
   1.90000      0.388959      0.216812      0.170616    
   2.00000      0.983851      0.326061      0.452090    
   2.10000      0.597054       1.21386       1.27935    
   2.20000       1.30185      0.647160       1.11449    
   2.30000       1.63802      0.450408       1.25584    
   2.40000       1.91658      0.587966      0.883689    
   2.50000       1.54376      0.262409       1.36222    
   2.60000       1.11276      0.495631      0.417964    
   2.70000       1.57737     -0.559758       1.04471    
   2.80000      0.949646     -0.813801       1.07939    
   2.90000       1.09439      -1.73212      0.929112    
   3.00000      0.697485      -2.32984      0.368479    
   3.10000      0.691999      -2.85100     -0.653088    
   3.20000     -0.623136E-01  -3.02509     -0.830219    
   3.30000     -0.336405E-01  -2.58136     -0.503509    
   3.40000     -0.534563      -1.91091     -0.789650E-01
   3.50000     -0.376950      -1.43381     -0.193727    
   3.60000      0.126388E-01  -1.85166      0.379577    
   3.70000      -1.07840      -1.04393      0.284353    
   3.80000     -0.846929      -1.63008       1.47611    
   3.90000     -0.557534     -0.471007       1.44809    
   4.00000     -0.574870     -0.393161       1.40171    
   4.10000     -0.204326     -0.138152       1.35389    
   4.20000     -0.270169      0.419428       1.48250    
   4.30000     -0.503030E-01  0.319694E-01   1.51449    
   4.40000     -0.837041E-01 -0.170482       1.21805    
   4.50000     -0.600776     -0.437687      0.918798    
   4.60000     -0.842553      0.303228       1.27526    
   4.70000      0.359111     -0.381547E-01   1.31487    
   4.80000      0.296988      0.386060     -0.533398    
   4.90000     -0.248135      0.750852     -0.628782    
   5.00000     -0.242340       1.07654     -0.616355    
   5.10000      -1.23774      0.575905     -0.187690    
   5.20000     -0.906629      0.459310     -0.456137    
   5.30000      -1.84298      0.258085      -1.29053    
   5.40000      -1.79646      0.268057      -1.27632    
   5.50000      -1.03512      0.239399     -0.729489    
   5.60000     -0.825835     -0.610002      -1.38862    
   5.70000      -1.53276     -0.610622      -1.69926    
   5.80000      -1.79633     -0.230506     -0.862534    
   5.90000      -1.47022      -1.16187      -1.33509    
   6.00000      -1.39248      -1.30769     -0.973030    
   6.10000     -0.752984      -1.25785      -1.38521    
   6.20000      -1.80755      -1.86003      -1.10237    
   6.30000      -1.15905      -1.35863     -0.561278    
   6.40000      -1.63802      -1.51746     -0.304777    
   6.50000      -1.20331      -2.06758     -0.879126E-01
   6.60000     -0.856257      -1.94279     -0.109946    
   6.70000      -1.13148      -1.49802      0.173128    
   6.80000     -0.490523E-01  -1.91454      0.156770    
   6.90000     -0.689568E-01  -1.49205      0.672673E-01
   7.00000      0.517975      -1.24106     -0.195293    
   7.10000      0.977029      -1.43524     -0.584263E-01
   7.20000       2.15129     -0.757977     -0.257858    
   7.30000       2.45814      -1.20438     -0.519289    
   7.40000       3.06737     -0.860086     -0.580669    
   7.50000       3.06182     -0.301789      -1.18724    
   7.60000       2.84525     -0.330015      -1.22988    
   7.70000       2.87087     -0.671719      -1.53158    
   7.80000       2.13122     -0.214437E-01  -1.08293    
   7.90000       2.35485     -0.489062     -0.518204    
   8.00000       1.85561     -0.693959      -1.21379    
   8.10000       1.21895      0.324574E-01 -0.725756    
   8.20000       1.15018     -0.656105     -0.729198    
   8.30000      0.514231     -0.608049     -0.302314    
   8.40000      0.480242     -0.486302     -0.746893    
   8.50000     -0.980435E-01 -0.843389     -0.917053    
   8.60000      0.168187     -0.300435      -1.11523    
   8.70000      0.510812      0.249319E-01 -0.219457    
   8.80000      0.333712     -0.101745     -0.265161    
   8.90000      0.418036      0.154208     -0.396494    
   9.00000      0.375379      0.853428E-01  0.139979    
   9.10000      0.455473     -0.990371     -0.186378    
   9.20000      0.461152     -0.520038     -0.213350    
   9.30000       1.12162     -0.332205E-01  0.654348E-01
   9.40000       1.22050     -0.594504      0.572541    
   9.50000       1.21850     -0.151707      0.829949    
   9.60000      0.624983     -0.337115E-01   1.30155    
   9.70000      0.623965     -0.268287      0.731382    
   9.80000      0.458834     -0.160096      0.350238    
   9.90000      0.273958      0.395554      0.291342    
   10.0000      0.518903      0.796371      0.254079    
