    -2.00000        0.370140E-01
    -1.96000        0.406742E-01
    -1.92000        0.446730E-01
    -1.88000        0.490386E-01
    -1.84000        0.538011E-01
    -1.80000        0.589922E-01
    -1.76000        0.646459E-01
    -1.72000        0.707980E-01
    -1.68000        0.774864E-01
    -1.64000        0.847510E-01
    -1.60000        0.926336E-01
    -1.56000        0.101178    
    -1.52000        0.110429    
    -1.48000        0.120435    
    -1.44000        0.131244    
    -1.40000        0.142905    
    -1.36000        0.155469    
    -1.32000        0.168988    
    -1.28000        0.183511    
    -1.24000        0.199091    
    -1.20000        0.215775    
    -1.16000        0.233611    
    -1.12000        0.252643    
    -1.08000        0.272910    
    -1.04000        0.294448    
    -1.00000        0.317283    
   -0.960000        0.341436    
   -0.920000        0.366914    
   -0.880000        0.393716    
   -0.840000        0.421823    
   -0.800000        0.451202    
   -0.760000        0.481798    
   -0.720000        0.513536    
   -0.680000        0.546316    
   -0.640000        0.580008    
   -0.600000        0.614453    
   -0.560000        0.649457    
   -0.520000        0.684790    
   -0.480000        0.720180    
   -0.440000        0.755316    
   -0.400000        0.789845    
   -0.360000        0.823369    
   -0.320000        0.855451    
   -0.280000        0.885615    
   -0.240000        0.913354    
   -0.200000        0.938138    
   -0.160000        0.959431    
   -0.120000        0.976708    
   -0.800000E-01    0.989483    
   -0.400000E-01    0.997343    
     0.00000         1.00000    
    0.400000E-01    0.997343    
    0.800000E-01    0.989483    
    0.120000        0.976708    
    0.160000        0.959431    
    0.200000        0.938138    
    0.240000        0.913354    
    0.280000        0.885615    
    0.320000        0.855451    
    0.360000        0.823369    
    0.400000        0.789845    
    0.440000        0.755316    
    0.480000        0.720180    
    0.520000        0.684790    
    0.560000        0.649457    
    0.600000        0.614453    
    0.640000        0.580008    
    0.680000        0.546316    
    0.720000        0.513536    
    0.760000        0.481798    
    0.800000        0.451202    
    0.840000        0.421823    
    0.880000        0.393716    
    0.920000        0.366914    
    0.960000        0.341436    
     1.00000        0.317283    
     1.04000        0.294448    
     1.08000        0.272910    
     1.12000        0.252643    
     1.16000        0.233611    
     1.20000        0.215775    
     1.24000        0.199091    
     1.28000        0.183511    
     1.32000        0.168988    
     1.36000        0.155469    
     1.40000        0.142905    
     1.44000        0.131244    
     1.48000        0.120435    
     1.52000        0.110429    
     1.56000        0.101178    
     1.60000        0.926336E-01
     1.64000        0.847510E-01
     1.68000        0.774864E-01
     1.72000        0.707980E-01
     1.76000        0.646459E-01
     1.80000        0.589922E-01
     1.84000        0.538011E-01
     1.88000        0.490386E-01
     1.92000        0.446730E-01
     1.96000        0.406742E-01
     2.00000        0.370140E-01
