   0.00000       1.31358      0.548248      0.734865    
  0.100000       1.59420      0.365840      0.711941    
  0.200000       1.76533      0.158386      0.733714    
  0.300000       1.78660     -0.143087      0.738727    
  0.400000       1.68312     -0.497431      0.720081    
  0.500000       1.57684     -0.782128      0.764298    
  0.600000       1.51774      -1.00441      0.862637    
  0.700000       1.54221      -1.12062       1.00133    
  0.800000       1.65493      -1.06940       1.15968    
  0.900000       1.68522     -0.972524       1.35067    
   1.00000       1.49996     -0.849272       1.52736    
   1.10000       1.06161     -0.726903       1.62132    
   1.20000      0.563976     -0.649848       1.63922    
   1.30000      0.140999     -0.498646       1.59280    
   1.40000     -0.252010     -0.271215       1.46755    
   1.50000     -0.555223     -0.153346       1.35922    
   1.60000     -0.741359     -0.891907E-01   1.26681    
   1.70000     -0.848023     -0.874954E-01   1.25190    
   1.80000     -0.874220     -0.886856E-01   1.19452    
   1.90000     -0.718660     -0.836800E-01   1.04170    
   2.00000     -0.440020     -0.447190E-01  0.886033    
   2.10000     -0.131953      0.233945E-01  0.789826    
   2.20000      0.116855      0.210342      0.871913    
   2.30000      0.396221      0.454172       1.03306    
   2.40000      0.686717      0.649472       1.17334    
   2.50000      0.996839      0.713294       1.25608    
   2.60000       1.22774      0.668881       1.34219    
   2.70000       1.27267      0.570372       1.34078    
   2.80000       1.27125      0.329351       1.27775    
   2.90000       1.26513     -0.410421E-01   1.18461    
   3.00000       1.26717     -0.538401       1.08186    
   3.10000       1.21902      -1.13720      0.918815    
   3.20000       1.09811      -1.69235      0.663760    
   3.30000      0.911018      -2.14229      0.332124    
   3.40000      0.708691      -2.40342      0.541505E-01
   3.50000      0.507129      -2.42540     -0.673749E-01
   3.60000      0.309643      -2.21509     -0.415230E-01
   3.70000      0.143736      -1.95401      0.831292E-01
   3.80000     -0.798333E-01  -1.69503      0.248574    
   3.90000     -0.301093      -1.57907      0.584495    
   4.00000     -0.394746      -1.48817       1.00993    
   4.10000     -0.420272      -1.42135       1.33341    
   4.20000     -0.380472      -1.33720       1.46440    
   4.30000     -0.330358      -1.16461       1.43157    
   4.40000     -0.253000     -0.964703       1.35921    
   4.50000     -0.176678     -0.772883       1.29104    
   4.60000     -0.214680     -0.592318       1.19941    
   4.70000     -0.365208     -0.378120       1.16764    
   4.80000     -0.434483     -0.193170       1.20156    
   4.90000     -0.385443     -0.110242       1.09957    
   5.00000     -0.312990      0.269811E-01  0.865618    
   5.10000     -0.283988      0.221022      0.559809    
   5.20000     -0.412657      0.355544      0.280987    
   5.30000     -0.609378      0.442004      0.143721E-01
   5.40000     -0.896419      0.445471     -0.316445    
   5.50000      -1.21957      0.393319     -0.643779    
   5.60000      -1.44398      0.327507     -0.825280    
   5.70000      -1.54049      0.172704     -0.905667    
   5.80000      -1.56286     -0.673282E-01 -0.967683    
   5.90000      -1.56700     -0.290089     -0.999437    
   6.00000      -1.52606     -0.493356      -1.07643    
   6.10000      -1.45283     -0.687748      -1.15384    
   6.20000      -1.36691     -0.876557      -1.23009    
   6.30000      -1.42429      -1.10574      -1.29344    
   6.40000      -1.57293      -1.29143      -1.31062    
   6.50000      -1.79617      -1.40757      -1.23143    
   6.60000      -1.91471      -1.54827     -0.986511    
   6.70000      -1.83111      -1.74817     -0.692953    
   6.80000      -1.68865      -1.89114     -0.421246    
   6.90000      -1.40135      -1.98302     -0.185925    
   7.00000     -0.998888      -1.99543     -0.896824E-01
   7.10000     -0.514131      -1.90745     -0.128346    
   7.20000      0.334002E-01  -1.81514     -0.239464    
   7.30000      0.598124      -1.69135     -0.399938    
   7.40000       1.13811      -1.57257     -0.597746    
   7.50000       1.59727      -1.43066     -0.751114    
   7.60000       2.01696      -1.25109     -0.847686    
   7.70000       2.37028      -1.11972     -0.937215    
   7.80000       2.54723      -1.05841      -1.04909    
   7.90000       2.56195     -0.965492      -1.07119    
   8.00000       2.52040     -0.883153     -0.985984    
   8.10000       2.43392     -0.846942     -0.984584    
   8.20000       2.25563     -0.767547     -0.996769    
   8.30000       2.05322     -0.720138      -1.00053    
   8.40000       1.80146     -0.749555     -0.959856    
   8.50000       1.53067     -0.754697     -0.921974    
   8.60000       1.26723     -0.762463     -0.939766    
   8.70000       1.08636     -0.743479      -1.05115    
   8.80000      0.989200     -0.653552      -1.08154    
   8.90000      0.911505     -0.490133     -0.942130    
   9.00000      0.893432     -0.307291     -0.724735    
   9.10000      0.901452     -0.175575     -0.540365    
   9.20000      0.873907     -0.221552     -0.404278    
   9.30000      0.850175     -0.375997     -0.339604    
   9.40000      0.894912     -0.487380     -0.246028    
   9.50000       1.00205     -0.576121     -0.758595E-01
   9.60000       1.10298     -0.623485      0.119312    
   9.70000       1.11742     -0.571743      0.303633    
   9.80000       1.06572     -0.463747      0.458792    
   9.90000      0.938927     -0.300139      0.561727    
   10.0000      0.795639     -0.290143E-01  0.591273    
