  -2.00000      0.215041E-03  0.370140E-01  0.164372      0.317283      0.702496      0.906675    
  -1.96000      0.267165E-03  0.406742E-01  0.173715      0.329194      0.711343      0.910037    
  -1.92000      0.331706E-03  0.446730E-01  0.183511      0.341436      0.720180      0.913354    
  -1.88000      0.411558E-03  0.490386E-01  0.193777      0.354009      0.729001      0.916624    
  -1.84000      0.510273E-03  0.538011E-01  0.204527      0.366914      0.737801      0.919848    
  -1.80000      0.632203E-03  0.589922E-01  0.215775      0.380150      0.746574      0.923023    
  -1.76000      0.782672E-03  0.646459E-01  0.227535      0.393716      0.755316      0.926149    
  -1.72000      0.968187E-03  0.707980E-01  0.239820      0.407608      0.764020      0.929224    
  -1.68000      0.119669E-02  0.774864E-01  0.252643      0.421823      0.772680      0.932248    
  -1.64000      0.147785E-02  0.847510E-01  0.266015      0.436356      0.781291      0.935220    
  -1.60000      0.182344E-02  0.926336E-01  0.279947      0.451202      0.789845      0.938138    
  -1.56000      0.224776E-02  0.101178      0.294448      0.466352      0.798336      0.941002    
  -1.52000      0.276810E-02  0.110429      0.309526      0.481798      0.806759      0.943810    
  -1.48000      0.340544E-02  0.120435      0.325187      0.497530      0.815105      0.946561    
  -1.44000      0.418507E-02  0.131244      0.341436      0.513536      0.823369      0.949255    
  -1.40000      0.513744E-02  0.142905      0.358274      0.529803      0.831543      0.951889    
  -1.36000      0.629917E-02  0.155469      0.375702      0.546316      0.839619      0.954464    
  -1.32000      0.771413E-02  0.168988      0.393716      0.563057      0.847591      0.956979    
  -1.28000      0.943474E-02  0.183511      0.412311      0.580008      0.855451      0.959431    
  -1.24000      0.115235E-01  0.199091      0.431477      0.597148      0.863191      0.961821    
  -1.20000      0.140545E-01  0.215775      0.451202      0.614453      0.870804      0.964147    
  -1.16000      0.171157E-01  0.233611      0.471468      0.631899      0.878281      0.966408    
  -1.12000      0.208104E-01  0.252643      0.492255      0.649457      0.885615      0.968603    
  -1.08000      0.252601E-01  0.272910      0.513536      0.667098      0.892798      0.970732    
  -1.04000      0.306064E-01  0.294448      0.535281      0.684790      0.899820      0.972793    
  -1.00000      0.370140E-01  0.317283      0.557453      0.702496      0.906675      0.974785    
 -0.960000      0.446730E-01  0.341436      0.580008      0.720180      0.913354      0.976708    
 -0.920000      0.538011E-01  0.366914      0.602899      0.737801      0.919848      0.978561    
 -0.880000      0.646459E-01  0.393716      0.626070      0.755316      0.926149      0.980342    
 -0.840000      0.774864E-01  0.421823      0.649457      0.772680      0.932248      0.982050    
 -0.800000      0.926336E-01  0.451202      0.672992      0.789845      0.938138      0.983686    
 -0.760000      0.110429      0.481798      0.696594      0.806759      0.943810      0.985248    
 -0.720000      0.131244      0.513536      0.720180      0.823369      0.949255      0.986735    
 -0.680000      0.155469      0.546316      0.743653      0.839619      0.954464      0.988147    
 -0.640000      0.183511      0.580008      0.766912      0.855451      0.959431      0.989483    
 -0.600000      0.215775      0.614453      0.789845      0.870804      0.964147      0.990741    
 -0.560000      0.252643      0.649457      0.812332      0.885615      0.968603      0.991922    
 -0.520000      0.294448      0.684790      0.834246      0.899820      0.972793      0.993025    
 -0.480000      0.341436      0.720180      0.855451      0.913354      0.976708      0.994049    
 -0.440000      0.393716      0.755316      0.875804      0.926149      0.980342      0.994993    
 -0.400000      0.451202      0.789845      0.895157      0.938138      0.983686      0.995857    
 -0.360000      0.513536      0.823369      0.913354      0.949255      0.986735      0.996641    
 -0.320000      0.580008      0.855451      0.930238      0.959431      0.989483      0.997343    
 -0.280000      0.649457      0.885615      0.945650      0.968603      0.991922      0.997964    
 -0.240000      0.720180      0.913354      0.959431      0.976708      0.994049      0.998503    
 -0.200000      0.789845      0.938138      0.971427      0.983686      0.995857      0.998960    
 -0.160000      0.855451      0.959431      0.981489      0.989483      0.997343      0.999334    
 -0.120000      0.913354      0.976708      0.989483      0.994049      0.998503      0.999625    
 -0.800000E-01  0.959431      0.989483      0.995290      0.997343      0.999334      0.999833    
 -0.400000E-01  0.989483      0.997343      0.998817      0.999334      0.999833      0.999958    
   0.00000       1.00000       1.00000       1.00000       1.00000       1.00000       1.00000    
  0.400000E-01  0.989483      0.997343      0.998817      0.999334      0.999833      0.999958    
  0.800000E-01  0.959431      0.989483      0.995290      0.997343      0.999334      0.999833    
  0.120000      0.913354      0.976708      0.989483      0.994049      0.998503      0.999625    
  0.160000      0.855451      0.959431      0.981489      0.989483      0.997343      0.999334    
  0.200000      0.789845      0.938138      0.971427      0.983686      0.995857      0.998960    
  0.240000      0.720180      0.913354      0.959431      0.976708      0.994049      0.998503    
  0.280000      0.649457      0.885615      0.945650      0.968603      0.991922      0.997964    
  0.320000      0.580008      0.855451      0.930238      0.959431      0.989483      0.997343    
  0.360000      0.513536      0.823369      0.913354      0.949255      0.986735      0.996641    
  0.400000      0.451202      0.789845      0.895157      0.938138      0.983686      0.995857    
  0.440000      0.393716      0.755316      0.875804      0.926149      0.980342      0.994993    
  0.480000      0.341436      0.720180      0.855451      0.913354      0.976708      0.994049    
  0.520000      0.294448      0.684790      0.834246      0.899820      0.972793      0.993025    
  0.560000      0.252643      0.649457      0.812332      0.885615      0.968603      0.991922    
  0.600000      0.215775      0.614453      0.789845      0.870804      0.964147      0.990741    
  0.640000      0.183511      0.580008      0.766912      0.855451      0.959431      0.989483    
  0.680000      0.155469      0.546316      0.743653      0.839619      0.954464      0.988147    
  0.720000      0.131244      0.513536      0.720180      0.823369      0.949255      0.986735    
  0.760000      0.110429      0.481798      0.696594      0.806759      0.943810      0.985248    
  0.800000      0.926336E-01  0.451202      0.672992      0.789845      0.938138      0.983686    
  0.840000      0.774864E-01  0.421823      0.649457      0.772680      0.932248      0.982050    
  0.880000      0.646459E-01  0.393716      0.626070      0.755316      0.926149      0.980342    
  0.920000      0.538011E-01  0.366914      0.602899      0.737801      0.919848      0.978561    
  0.960000      0.446730E-01  0.341436      0.580008      0.720180      0.913354      0.976708    
   1.00000      0.370140E-01  0.317283      0.557453      0.702496      0.906675      0.974785    
   1.04000      0.306064E-01  0.294448      0.535281      0.684790      0.899820      0.972793    
   1.08000      0.252601E-01  0.272910      0.513536      0.667098      0.892798      0.970732    
   1.12000      0.208104E-01  0.252643      0.492255      0.649457      0.885615      0.968603    
   1.16000      0.171157E-01  0.233611      0.471468      0.631899      0.878281      0.966408    
   1.20000      0.140545E-01  0.215775      0.451202      0.614453      0.870804      0.964147    
   1.24000      0.115235E-01  0.199091      0.431477      0.597148      0.863191      0.961821    
   1.28000      0.943474E-02  0.183511      0.412311      0.580008      0.855451      0.959431    
   1.32000      0.771413E-02  0.168988      0.393716      0.563057      0.847591      0.956979    
   1.36000      0.629917E-02  0.155469      0.375702      0.546316      0.839619      0.954464    
   1.40000      0.513744E-02  0.142905      0.358274      0.529803      0.831543      0.951889    
   1.44000      0.418507E-02  0.131244      0.341436      0.513536      0.823369      0.949255    
   1.48000      0.340544E-02  0.120435      0.325187      0.497530      0.815105      0.946561    
   1.52000      0.276810E-02  0.110429      0.309526      0.481798      0.806759      0.943810    
   1.56000      0.224776E-02  0.101178      0.294448      0.466352      0.798336      0.941002    
   1.60000      0.182344E-02  0.926336E-01  0.279947      0.451202      0.789845      0.938138    
   1.64000      0.147785E-02  0.847510E-01  0.266015      0.436356      0.781291      0.935220    
   1.68000      0.119669E-02  0.774864E-01  0.252643      0.421823      0.772680      0.932248    
   1.72000      0.968187E-03  0.707980E-01  0.239820      0.407608      0.764020      0.929224    
   1.76000      0.782672E-03  0.646459E-01  0.227535      0.393716      0.755316      0.926149    
   1.80000      0.632203E-03  0.589922E-01  0.215775      0.380150      0.746574      0.923023    
   1.84000      0.510273E-03  0.538011E-01  0.204527      0.366914      0.737801      0.919848    
   1.88000      0.411558E-03  0.490386E-01  0.193777      0.354009      0.729001      0.916624    
   1.92000      0.331706E-03  0.446730E-01  0.183511      0.341436      0.720180      0.913354    
   1.96000      0.267165E-03  0.406742E-01  0.173715      0.329194      0.711343      0.910037    
   2.00000      0.215041E-03  0.370140E-01  0.164372      0.317283      0.702496      0.906675    
