   0.00000       1.67904     -0.964263     -0.607906E-01
  0.100000       1.09153      -1.01859      0.460374    
  0.200000      0.496384      -1.93071      0.786098E-01
  0.300000      0.164364      -1.86800      0.188113    
  0.400000      0.722947      -1.19658      0.971768    
  0.500000      0.843222      -1.36915       1.00075    
  0.600000       1.38593     -0.594239       1.30637    
  0.700000       1.74287      0.310709       1.36225    
  0.800000      0.483027     -0.244323       1.75776    
  0.900000     -0.743837      0.243281       1.46373    
   1.00000      -2.02497      0.490215E-01  0.948569    
   1.10000      -1.40146     -0.238244      0.820497    
   1.20000      -1.20571      0.887170      0.511047    
   1.30000      -1.78167      0.912147      0.132009E-01
   1.40000      -1.05446     -0.424083      0.618918    
   1.50000     -0.746762      0.205160      0.321559    
   1.60000     -0.618794     -0.449478       1.12572    
   1.70000     -0.150446      0.750748E-01  0.382820E-02
   1.80000       1.23299     -0.104131     -0.294229    
   1.90000       1.23214      0.291851      0.136487    
   2.00000       1.22876      0.305027      0.422810    
   2.10000      0.753158       1.49709       1.79100    
   2.20000       1.75091       1.24562       1.28252    
   2.30000       1.47026      0.873046       1.12057    
   2.40000       1.95161      0.820405E-01  0.864873    
   2.50000       1.05242     -0.749666E-01   1.36625    
   2.60000      0.298347E-01 -0.194866      0.269065    
   2.70000      0.843972      -1.56118      0.453434    
   2.80000      0.594841      -1.94198      0.198114    
   2.90000      0.781620      -2.90078      0.198545    
   3.00000      0.136606      -3.43646     -0.496005    
   3.10000     -0.141846      -2.80655     -0.997667    
   3.20000     -0.462301      -2.64983      -1.36939    
   3.30000     -0.325277      -1.55754     -0.597579    
   3.40000     -0.478574     -0.528826      0.201407    
   3.50000     -0.554712      0.476514      0.606227    
   3.60000     -0.390442     -0.157138      0.888867    
   3.70000      -1.34141      0.209339      0.942666    
   3.80000     -0.796687      -1.20271       2.74242    
   3.90000      0.109410     -0.170365       2.44382    
   4.00000     -0.234645     -0.836889       1.49514    
   4.10000      0.302374     -0.325674      0.621852    
   4.20000     -0.567674E-01  0.291997      0.181824    
   4.30000      0.411145      0.441098E-01  0.545929    
   4.40000      0.146489      0.186492      0.431117    
   4.50000     -0.871617      0.287790      0.998215E-01
   4.60000      -1.14646      0.842313      0.898741    
   4.70000      0.125852      0.326490      0.976389    
   4.80000      0.299665     -0.240544     -0.649758    
   4.90000     -0.187147E-01   1.08393     -0.689541    
   5.00000     -0.317992      0.919076      -1.03753    
   5.10000      -1.56580      0.277611     -0.617486    
   5.20000      -1.10939      0.478109      -1.10969    
   5.30000      -2.15838     -0.184302      -1.87139    
   5.40000      -1.97439     -0.109710      -1.48108    
   5.50000      -1.21363     -0.103953     -0.411180    
   5.60000     -0.893495      -1.05889     -0.598154    
   5.70000     -0.862571      -1.28042     -0.770433    
   5.80000     -0.926746     -0.852071     -0.463512    
   5.90000     -0.418231      -1.11535      -1.23036    
   6.00000     -0.433752      -1.14175     -0.762781    
   6.10000     -0.380052      -1.24771      -1.05069    
   6.20000      -1.91502      -1.78572     -0.904785    
   6.30000      -1.64605      -1.08903     -0.644974    
   6.40000      -2.34867      -1.02244      0.749108E-02
   6.50000     -0.865128      -1.71421       1.11758    
   6.60000     -0.124291E-01  -2.02916      0.655503    
   6.70000     -0.584359      -1.21210      0.738332    
   6.80000       1.14339      -1.44150      0.694986    
   6.90000       1.27730     -0.813958     -0.393540    
   7.00000       2.00388     -0.392620     -0.665493    
   7.10000       2.45219     -0.887306     -0.824383    
   7.20000       2.62015     -0.243293      -1.14721    
   7.30000       2.65837     -0.595414      -1.37627    
   7.40000       2.31532     -0.678991E-01 -0.820211    
   7.50000       2.76478      0.846602E-01 -0.767166    
   7.60000       2.35696     -0.537803     -0.988750    
   7.70000       1.24204     -0.677655      -1.15763    
   7.80000      0.950901      0.630069E-01 -0.894634E-01
   7.90000       1.18528     -0.464082      0.143205    
   8.00000      0.781415     -0.593723      -1.23778    
   8.10000      0.120213      0.156039     -0.366586    
   8.20000      0.440753     -0.644870     -0.641102    
   8.30000     -0.266108     -0.895159     -0.131543    
   8.40000     -0.114816     -0.195838     -0.564690    
   8.50000     -0.215226     -0.658735     -0.912321    
   8.60000      0.459146     -0.173844      -1.51261    
   8.70000      0.523289      0.252089     -0.950172E-01
   8.80000      0.269922      0.611063      0.646853    
   8.90000      0.903673      0.502640      0.512364    
   9.00000      0.640243      0.126241      0.117240    
   9.10000      0.285140      -1.19961      0.148336    
   9.20000      0.614902      -1.01416     -0.259862    
   9.30000       1.10949     -0.377505      0.586817    
   9.40000       1.23597     -0.797159      0.913123    
   9.50000      0.921105     -0.381205      0.782653    
   9.60000      0.290120      0.267463      0.771904    
   9.70000      0.287001      0.227983      0.707549    
   9.80000     -0.273045      0.760764      0.493186    
   9.90000     -0.783347E-02   1.61559      0.155850    
   10.0000      0.262736       1.80959     -0.324430    
