    -2.00000         0.00000    
    -1.96000         0.00000    
    -1.92000         0.00000    
    -1.88000         0.00000    
    -1.84000         0.00000    
    -1.80000         0.00000    
    -1.76000         0.00000    
    -1.72000         0.00000    
    -1.68000         0.00000    
    -1.64000         0.00000    
    -1.60000         0.00000    
    -1.56000         0.00000    
    -1.52000         0.00000    
    -1.48000         0.00000    
    -1.44000         0.00000    
    -1.40000         0.00000    
    -1.36000         0.00000    
    -1.32000         0.00000    
    -1.28000         0.00000    
    -1.24000         0.00000    
    -1.20000         0.00000    
    -1.16000         0.00000    
    -1.12000         0.00000    
    -1.08000         0.00000    
    -1.04000         0.00000    
    -1.00000         0.00000    
   -0.960000        0.155238E-03
   -0.920000        0.120443E-02
   -0.880000        0.394053E-02
   -0.840000        0.905052E-02
   -0.800000        0.171200E-01
   -0.760000        0.286378E-01
   -0.720000        0.440006E-01
   -0.680000        0.635175E-01
   -0.640000        0.874147E-01
   -0.600000        0.115840    
   -0.560000        0.148868    
   -0.520000        0.186502    
   -0.480000        0.228685    
   -0.440000        0.275296    
   -0.400000        0.326160    
   -0.360000        0.381053    
   -0.320000        0.439702    
   -0.280000        0.501795    
   -0.240000        0.566981    
   -0.200000        0.634880    
   -0.160000        0.705081    
   -0.120000        0.777151    
   -0.800000E-01    0.850639    
   -0.400000E-01    0.925080    
     0.00000         1.00000    
    0.400000E-01    0.925080    
    0.800000E-01    0.850639    
    0.120000        0.777151    
    0.160000        0.705081    
    0.200000        0.634880    
    0.240000        0.566981    
    0.280000        0.501795    
    0.320000        0.439702    
    0.360000        0.381053    
    0.400000        0.326160    
    0.440000        0.275296    
    0.480000        0.228685    
    0.520000        0.186502    
    0.560000        0.148868    
    0.600000        0.115840    
    0.640000        0.874147E-01
    0.680000        0.635175E-01
    0.720000        0.440006E-01
    0.760000        0.286378E-01
    0.800000        0.171200E-01
    0.840000        0.905052E-02
    0.880000        0.394053E-02
    0.920000        0.120443E-02
    0.960000        0.155238E-03
     1.00000         0.00000    
     1.04000         0.00000    
     1.08000         0.00000    
     1.12000         0.00000    
     1.16000         0.00000    
     1.20000         0.00000    
     1.24000         0.00000    
     1.28000         0.00000    
     1.32000         0.00000    
     1.36000         0.00000    
     1.40000         0.00000    
     1.44000         0.00000    
     1.48000         0.00000    
     1.52000         0.00000    
     1.56000         0.00000    
     1.60000         0.00000    
     1.64000         0.00000    
     1.68000         0.00000    
     1.72000         0.00000    
     1.76000         0.00000    
     1.80000         0.00000    
     1.84000         0.00000    
     1.88000         0.00000    
     1.92000         0.00000    
     1.96000         0.00000    
     2.00000         0.00000    
