  -2.00000       0.00000       0.00000       0.00000       0.00000      0.207031      0.550415    
  -1.96000       0.00000       0.00000       0.00000      0.197012E-04  0.217718      0.558677    
  -1.92000       0.00000       0.00000       0.00000      0.155238E-03  0.228685      0.566981    
  -1.88000       0.00000       0.00000       0.00000      0.515992E-03  0.239928      0.575329    
  -1.84000       0.00000       0.00000       0.00000      0.120443E-02  0.251446      0.583717    
  -1.80000       0.00000       0.00000       0.00000      0.231625E-02  0.263236      0.592147    
  -1.76000       0.00000       0.00000       0.00000      0.394053E-02  0.275296      0.600617    
  -1.72000       0.00000       0.00000       0.00000      0.615987E-02  0.287621      0.609126    
  -1.68000       0.00000       0.00000       0.00000      0.905052E-02  0.300209      0.617673    
  -1.64000       0.00000       0.00000       0.00000      0.126826E-01  0.313057      0.626258    
  -1.60000       0.00000       0.00000       0.00000      0.171200E-01  0.326160      0.634880    
  -1.56000       0.00000       0.00000       0.00000      0.224210E-01  0.339515      0.643538    
  -1.52000       0.00000       0.00000       0.00000      0.286378E-01  0.353119      0.652231    
  -1.48000       0.00000       0.00000      0.586682E-05  0.358173E-01  0.366966      0.660958    
  -1.44000       0.00000       0.00000      0.155238E-03  0.440006E-01  0.381053      0.669719    
  -1.40000       0.00000       0.00000      0.704198E-03  0.532237E-01  0.395374      0.678513    
  -1.36000       0.00000       0.00000      0.189297E-02  0.635175E-01  0.409926      0.687338    
  -1.32000       0.00000       0.00000      0.394053E-02  0.749075E-01  0.424704      0.696194    
  -1.28000       0.00000       0.00000      0.704524E-02  0.874147E-01  0.439702      0.705081    
  -1.24000       0.00000       0.00000      0.113854E-01  0.101055      0.454915      0.713996    
  -1.20000       0.00000       0.00000      0.171200E-01  0.115840      0.470339      0.722940    
  -1.16000       0.00000       0.00000      0.243891E-01  0.131777      0.485967      0.731912    
  -1.12000       0.00000       0.00000      0.333145E-01  0.148868      0.501795      0.740910    
  -1.08000       0.00000       0.00000      0.440006E-01  0.167111      0.517816      0.749934    
  -1.04000       0.00000       0.00000      0.565347E-01  0.186502      0.534024      0.758982    
  -1.00000       0.00000       0.00000      0.709877E-01  0.207031      0.550415      0.768055    
 -0.960000       0.00000      0.155238E-03  0.874147E-01  0.228685      0.566981      0.777151    
 -0.920000       0.00000      0.120443E-02  0.105856      0.251446      0.583717      0.786269    
 -0.880000       0.00000      0.394053E-02  0.126336      0.275296      0.600617      0.795408    
 -0.840000       0.00000      0.905052E-02  0.148868      0.300209      0.617673      0.804567    
 -0.800000       0.00000      0.171200E-01  0.173448      0.326160      0.634880      0.813746    
 -0.760000       0.00000      0.286378E-01  0.200063      0.353119      0.652231      0.822944    
 -0.720000       0.00000      0.440006E-01  0.228685      0.381053      0.669719      0.832159    
 -0.680000       0.00000      0.635175E-01  0.259276      0.409926      0.687338      0.841391    
 -0.640000       0.00000      0.874147E-01  0.291788      0.439702      0.705081      0.850639    
 -0.600000       0.00000      0.115840      0.326160      0.470339      0.722940      0.859901    
 -0.560000       0.00000      0.148868      0.362323      0.501795      0.740910      0.869178    
 -0.520000       0.00000      0.186502      0.400199      0.534024      0.758982      0.878468    
 -0.480000      0.155238E-03  0.228685      0.439702      0.566981      0.777151      0.887770    
 -0.440000      0.394053E-02  0.275296      0.480735      0.600617      0.795408      0.897083    
 -0.400000      0.171200E-01  0.326160      0.523198      0.634880      0.813746      0.906406    
 -0.360000      0.440006E-01  0.381053      0.566981      0.669719      0.832159      0.915739    
 -0.320000      0.874147E-01  0.439702      0.611971      0.705081      0.850639      0.925080    
 -0.280000      0.148868      0.501795      0.658045      0.740910      0.869178      0.934429    
 -0.240000      0.228685      0.566981      0.705081      0.777151      0.887770      0.943784    
 -0.200000      0.326160      0.634880      0.752947      0.813746      0.906406      0.953145    
 -0.160000      0.439702      0.705081      0.801512      0.850639      0.925080      0.962510    
 -0.120000      0.566981      0.777151      0.850639      0.887770      0.943784      0.971879    
 -0.800000E-01  0.705081      0.850639      0.900189      0.925080      0.962510      0.981251    
 -0.400000E-01  0.850639      0.925080      0.950024      0.962510      0.981251      0.990625    
   0.00000       1.00000       1.00000       1.00000       1.00000       1.00000       1.00000    
  0.400000E-01  0.850639      0.925080      0.950024      0.962510      0.981251      0.990625    
  0.800000E-01  0.705081      0.850639      0.900189      0.925080      0.962510      0.981251    
  0.120000      0.566981      0.777151      0.850639      0.887770      0.943784      0.971879    
  0.160000      0.439702      0.705081      0.801512      0.850639      0.925080      0.962510    
  0.200000      0.326160      0.634880      0.752947      0.813746      0.906406      0.953145    
  0.240000      0.228685      0.566981      0.705081      0.777151      0.887770      0.943784    
  0.280000      0.148868      0.501795      0.658045      0.740910      0.869178      0.934429    
  0.320000      0.874147E-01  0.439702      0.611971      0.705081      0.850639      0.925080    
  0.360000      0.440006E-01  0.381053      0.566981      0.669719      0.832159      0.915739    
  0.400000      0.171200E-01  0.326160      0.523198      0.634880      0.813746      0.906406    
  0.440000      0.394053E-02  0.275296      0.480735      0.600617      0.795408      0.897083    
  0.480000      0.155238E-03  0.228685      0.439702      0.566981      0.777151      0.887770    
  0.520000       0.00000      0.186502      0.400199      0.534024      0.758982      0.878468    
  0.560000       0.00000      0.148868      0.362323      0.501795      0.740910      0.869178    
  0.600000       0.00000      0.115840      0.326160      0.470339      0.722940      0.859901    
  0.640000       0.00000      0.874147E-01  0.291788      0.439702      0.705081      0.850639    
  0.680000       0.00000      0.635175E-01  0.259276      0.409926      0.687338      0.841391    
  0.720000       0.00000      0.440006E-01  0.228685      0.381053      0.669719      0.832159    
  0.760000       0.00000      0.286378E-01  0.200063      0.353119      0.652231      0.822944    
  0.800000       0.00000      0.171200E-01  0.173448      0.326160      0.634880      0.813746    
  0.840000       0.00000      0.905052E-02  0.148868      0.300209      0.617673      0.804567    
  0.880000       0.00000      0.394053E-02  0.126336      0.275296      0.600617      0.795408    
  0.920000       0.00000      0.120443E-02  0.105856      0.251446      0.583717      0.786269    
  0.960000       0.00000      0.155238E-03  0.874147E-01  0.228685      0.566981      0.777151    
   1.00000       0.00000       0.00000      0.709877E-01  0.207031      0.550415      0.768055    
   1.04000       0.00000       0.00000      0.565347E-01  0.186502      0.534024      0.758982    
   1.08000       0.00000       0.00000      0.440006E-01  0.167111      0.517816      0.749934    
   1.12000       0.00000       0.00000      0.333145E-01  0.148868      0.501795      0.740910    
   1.16000       0.00000       0.00000      0.243891E-01  0.131777      0.485967      0.731912    
   1.20000       0.00000       0.00000      0.171200E-01  0.115840      0.470339      0.722940    
   1.24000       0.00000       0.00000      0.113854E-01  0.101055      0.454915      0.713996    
   1.28000       0.00000       0.00000      0.704524E-02  0.874147E-01  0.439702      0.705081    
   1.32000       0.00000       0.00000      0.394053E-02  0.749075E-01  0.424704      0.696194    
   1.36000       0.00000       0.00000      0.189297E-02  0.635175E-01  0.409926      0.687338    
   1.40000       0.00000       0.00000      0.704198E-03  0.532237E-01  0.395374      0.678513    
   1.44000       0.00000       0.00000      0.155238E-03  0.440006E-01  0.381053      0.669719    
   1.48000       0.00000       0.00000      0.586682E-05  0.358173E-01  0.366966      0.660958    
   1.52000       0.00000       0.00000       0.00000      0.286378E-01  0.353119      0.652231    
   1.56000       0.00000       0.00000       0.00000      0.224210E-01  0.339515      0.643538    
   1.60000       0.00000       0.00000       0.00000      0.171200E-01  0.326160      0.634880    
   1.64000       0.00000       0.00000       0.00000      0.126826E-01  0.313057      0.626258    
   1.68000       0.00000       0.00000       0.00000      0.905052E-02  0.300209      0.617673    
   1.72000       0.00000       0.00000       0.00000      0.615987E-02  0.287621      0.609126    
   1.76000       0.00000       0.00000       0.00000      0.394053E-02  0.275296      0.600617    
   1.80000       0.00000       0.00000       0.00000      0.231625E-02  0.263236      0.592147    
   1.84000       0.00000       0.00000       0.00000      0.120443E-02  0.251446      0.583717    
   1.88000       0.00000       0.00000       0.00000      0.515992E-03  0.239928      0.575329    
   1.92000       0.00000       0.00000       0.00000      0.155238E-03  0.228685      0.566981    
   1.96000       0.00000       0.00000       0.00000      0.197012E-04  0.217718      0.558677    
   2.00000       0.00000       0.00000       0.00000       0.00000      0.207031      0.550415    
