   0.00000       1.31358      0.548248      0.734865    
  0.100000       2.04864     -0.121391      0.559591    
  0.200000       1.39865     -0.364358      0.953934    
  0.300000      0.774136      -1.45469      0.434955    
  0.400000      0.431275      -1.51406      0.450103    
  0.500000      0.983710     -0.955156       1.16172    
  0.600000       1.05621      -1.25770       1.10598    
  0.700000       1.54575     -0.566238       1.36006    
  0.800000       1.83116      0.266054       1.37932    
  0.900000      0.484619     -0.358579       1.76767    
   1.00000     -0.763855      0.147605       1.46821    
   1.10000      -2.00347     -0.249840E-01  0.964531    
   1.20000      -1.28151     -0.267343      0.872068    
   1.30000      -1.07395      0.922194      0.589314    
   1.40000      -1.70877      0.927706      0.878328E-01
   1.50000      -1.03453     -0.436854      0.701427    
   1.60000     -0.811057      0.228523      0.373134    
   1.70000     -0.749937     -0.453389       1.16346    
   1.80000     -0.275517      0.993075E-01 -0.188968E-01
   1.90000       1.16820     -0.789114E-01 -0.310051    
   2.00000       1.17930      0.317811      0.157075    
   2.10000       1.18155      0.315550      0.453542    
   2.20000      0.703683       1.48933       1.83191    
   2.30000       1.76461       1.18166       1.27634    
   2.40000       1.49240      0.829751       1.09626    
   2.50000       1.99429      0.706769E-01  0.834713    
   2.60000       1.09202     -0.413550E-01   1.36493    
   2.70000      0.813828E-01 -0.124759      0.280262    
   2.80000      0.923800      -1.49929      0.541015    
   2.90000      0.651147      -1.85696      0.292054    
   3.00000      0.847355      -2.83788      0.273519    
   3.10000      0.185593      -3.40378     -0.471809    
   3.20000     -0.108527      -2.79587     -0.988990    
   3.30000     -0.451746      -2.67679      -1.34316    
   3.40000     -0.310928      -1.61234     -0.554953    
   3.50000     -0.461843     -0.640745      0.216080    
   3.60000     -0.517449      0.306164      0.580767    
   3.70000     -0.368179     -0.361341      0.835068    
   3.80000      -1.37076      0.655627E-01  0.858933    
   3.90000     -0.809443      -1.30167       2.68765    
   4.00000      0.101482     -0.143561       2.37630    
   4.10000     -0.267178     -0.790742       1.46579    
   4.20000      0.274179     -0.257047      0.660494    
   4.30000     -0.105655      0.335830      0.277391    
   4.40000      0.375024      0.135983E-01  0.670337    
   4.50000      0.111876      0.119104      0.544702    
   4.60000     -0.896697      0.223298      0.191161    
   4.70000      -1.11511      0.813053      0.971123    
   4.80000      0.205150      0.312162      0.967470    
   4.90000      0.322747     -0.229333     -0.730972    
   5.00000     -0.411270E-01   1.13329     -0.703373    
   5.10000     -0.355704      0.943815     -0.996716    
   5.20000      -1.61886      0.267240     -0.538988    
   5.30000      -1.11425      0.484369      -1.06266    
   5.40000      -2.16228     -0.174060      -1.85881    
   5.50000      -1.92091     -0.789496E-01  -1.46944    
   5.60000      -1.14556     -0.717010E-01 -0.430065    
   5.70000     -0.900789      -1.03562     -0.683992    
   5.80000     -0.952923      -1.22987     -0.848735    
   5.90000      -1.04473     -0.814282     -0.509529    
   6.00000     -0.517856      -1.12850      -1.29012    
   6.10000     -0.508964      -1.15876     -0.793734    
   6.20000     -0.424211      -1.27515      -1.07473    
   6.30000      -1.95342      -1.82855     -0.892893    
   6.40000      -1.61541      -1.11343     -0.633014    
   6.50000      -2.33300      -1.06878     -0.162770E-01
   6.60000     -0.833551      -1.76813       1.06692    
   6.70000     -0.200719E-01  -2.06154      0.569668    
   6.80000     -0.658134      -1.23201      0.664457    
   6.90000       1.06641      -1.49132      0.652079    
   7.00000       1.14750     -0.857677     -0.409435    
   7.10000       1.88859     -0.448899     -0.625059    
   7.20000       2.38539     -0.963032     -0.740400    
   7.30000       2.60964     -0.306436      -1.06267    
   7.40000       2.68739     -0.674856      -1.31971    
   7.50000       2.36410     -0.101961     -0.803364    
   7.60000       2.83349      0.762297E-01 -0.800489    
   7.70000       2.44549     -0.558276      -1.04903    
   7.80000       1.33467     -0.687772      -1.22963    
   7.90000       1.06018      0.745139E-01 -0.126188    
   8.00000       1.31552     -0.483870      0.104764    
   8.10000      0.884124     -0.601675      -1.30523    
   8.20000      0.198701      0.166777     -0.379903    
   8.30000      0.518477     -0.669221     -0.653745    
   8.40000     -0.223761     -0.913771     -0.136711    
   8.50000     -0.843297E-01 -0.200719     -0.591432    
   8.60000     -0.204912     -0.671867     -0.926941    
   8.70000      0.487436     -0.166709      -1.51734    
   8.80000      0.533900      0.239036     -0.793571E-01
   8.90000      0.245884      0.578870      0.622630    
   9.00000      0.882998      0.461761      0.469205    
   9.10000      0.617090      0.757311E-01  0.655276E-01
   9.20000      0.271947      -1.23724      0.957461E-01
   9.30000      0.634457     -0.971145     -0.299817    
   9.40000       1.15223     -0.308580      0.596917    
   9.50000       1.26587     -0.755485      0.950439    
   9.60000      0.927989     -0.349939      0.821863    
   9.70000      0.286254      0.253609      0.785606    
   9.80000      0.313882      0.157061      0.681289    
   9.90000     -0.240020      0.680739      0.470719    
   10.0000      0.491823E-01   1.55658      0.166806    
