  -2.00000       0.00000       0.00000       0.00000       0.00000      0.250000      0.562500    
  -1.96000       0.00000       0.00000       0.00000      0.400000E-03  0.260100      0.570025    
  -1.92000       0.00000       0.00000       0.00000      0.160000E-02  0.270400      0.577600    
  -1.88000       0.00000       0.00000       0.00000      0.360000E-02  0.280900      0.585225    
  -1.84000       0.00000       0.00000       0.00000      0.640000E-02  0.291600      0.592900    
  -1.80000       0.00000       0.00000       0.00000      0.100000E-01  0.302500      0.600625    
  -1.76000       0.00000       0.00000       0.00000      0.144000E-01  0.313600      0.608400    
  -1.72000       0.00000       0.00000       0.00000      0.196000E-01  0.324900      0.616225    
  -1.68000       0.00000       0.00000       0.00000      0.256000E-01  0.336400      0.624100    
  -1.64000       0.00000       0.00000       0.00000      0.324000E-01  0.348100      0.632025    
  -1.60000       0.00000       0.00000       0.00000      0.400000E-01  0.360000      0.640000    
  -1.56000       0.00000       0.00000       0.00000      0.484000E-01  0.372100      0.648025    
  -1.52000       0.00000       0.00000       0.00000      0.576000E-01  0.384400      0.656100    
  -1.48000       0.00000       0.00000      0.177778E-03  0.676000E-01  0.396900      0.664225    
  -1.44000       0.00000       0.00000      0.160000E-02  0.784000E-01  0.409600      0.672400    
  -1.40000       0.00000       0.00000      0.444444E-02  0.900000E-01  0.422500      0.680625    
  -1.36000       0.00000       0.00000      0.871111E-02  0.102400      0.435600      0.688900    
  -1.32000       0.00000       0.00000      0.144000E-01  0.115600      0.448900      0.697225    
  -1.28000       0.00000       0.00000      0.215111E-01  0.129600      0.462400      0.705600    
  -1.24000       0.00000       0.00000      0.300444E-01  0.144400      0.476100      0.714025    
  -1.20000       0.00000       0.00000      0.400000E-01  0.160000      0.490000      0.722500    
  -1.16000       0.00000       0.00000      0.513778E-01  0.176400      0.504100      0.731025    
  -1.12000       0.00000       0.00000      0.641778E-01  0.193600      0.518400      0.739600    
  -1.08000       0.00000       0.00000      0.784000E-01  0.211600      0.532900      0.748225    
  -1.04000       0.00000       0.00000      0.940444E-01  0.230400      0.547600      0.756900    
  -1.00000       0.00000       0.00000      0.111111      0.250000      0.562500      0.765625    
 -0.960000       0.00000      0.160000E-02  0.129600      0.270400      0.577600      0.774400    
 -0.920000       0.00000      0.640000E-02  0.149511      0.291600      0.592900      0.783225    
 -0.880000       0.00000      0.144000E-01  0.170844      0.313600      0.608400      0.792100    
 -0.840000       0.00000      0.256000E-01  0.193600      0.336400      0.624100      0.801025    
 -0.800000       0.00000      0.400000E-01  0.217778      0.360000      0.640000      0.810000    
 -0.760000       0.00000      0.576000E-01  0.243378      0.384400      0.656100      0.819025    
 -0.720000       0.00000      0.784000E-01  0.270400      0.409600      0.672400      0.828100    
 -0.680000       0.00000      0.102400      0.298844      0.435600      0.688900      0.837225    
 -0.640000       0.00000      0.129600      0.328711      0.462400      0.705600      0.846400    
 -0.600000       0.00000      0.160000      0.360000      0.490000      0.722500      0.855625    
 -0.560000       0.00000      0.193600      0.392711      0.518400      0.739600      0.864900    
 -0.520000       0.00000      0.230400      0.426844      0.547600      0.756900      0.874225    
 -0.480000      0.160000E-02  0.270400      0.462400      0.577600      0.774400      0.883600    
 -0.440000      0.144000E-01  0.313600      0.499378      0.608400      0.792100      0.893025    
 -0.400000      0.400000E-01  0.360000      0.537778      0.640000      0.810000      0.902500    
 -0.360000      0.784000E-01  0.409600      0.577600      0.672400      0.828100      0.912025    
 -0.320000      0.129600      0.462400      0.618844      0.705600      0.846400      0.921600    
 -0.280000      0.193600      0.518400      0.661511      0.739600      0.864900      0.931225    
 -0.240000      0.270400      0.577600      0.705600      0.774400      0.883600      0.940900    
 -0.200000      0.360000      0.640000      0.751111      0.810000      0.902500      0.950625    
 -0.160000      0.462400      0.705600      0.798044      0.846400      0.921600      0.960400    
 -0.120000      0.577600      0.774400      0.846400      0.883600      0.940900      0.970225    
 -0.800000E-01  0.705600      0.846400      0.896178      0.921600      0.960400      0.980100    
 -0.400000E-01  0.846400      0.921600      0.947378      0.960400      0.980100      0.990025    
   0.00000       1.00000       1.00000       1.00000       1.00000       1.00000       1.00000    
  0.400000E-01  0.846400      0.921600      0.947378      0.960400      0.980100      0.990025    
  0.800000E-01  0.705600      0.846400      0.896178      0.921600      0.960400      0.980100    
  0.120000      0.577600      0.774400      0.846400      0.883600      0.940900      0.970225    
  0.160000      0.462400      0.705600      0.798044      0.846400      0.921600      0.960400    
  0.200000      0.360000      0.640000      0.751111      0.810000      0.902500      0.950625    
  0.240000      0.270400      0.577600      0.705600      0.774400      0.883600      0.940900    
  0.280000      0.193600      0.518400      0.661511      0.739600      0.864900      0.931225    
  0.320000      0.129600      0.462400      0.618844      0.705600      0.846400      0.921600    
  0.360000      0.784000E-01  0.409600      0.577600      0.672400      0.828100      0.912025    
  0.400000      0.400000E-01  0.360000      0.537778      0.640000      0.810000      0.902500    
  0.440000      0.144000E-01  0.313600      0.499378      0.608400      0.792100      0.893025    
  0.480000      0.160000E-02  0.270400      0.462400      0.577600      0.774400      0.883600    
  0.520000       0.00000      0.230400      0.426844      0.547600      0.756900      0.874225    
  0.560000       0.00000      0.193600      0.392711      0.518400      0.739600      0.864900    
  0.600000       0.00000      0.160000      0.360000      0.490000      0.722500      0.855625    
  0.640000       0.00000      0.129600      0.328711      0.462400      0.705600      0.846400    
  0.680000       0.00000      0.102400      0.298844      0.435600      0.688900      0.837225    
  0.720000       0.00000      0.784000E-01  0.270400      0.409600      0.672400      0.828100    
  0.760000       0.00000      0.576000E-01  0.243378      0.384400      0.656100      0.819025    
  0.800000       0.00000      0.400000E-01  0.217778      0.360000      0.640000      0.810000    
  0.840000       0.00000      0.256000E-01  0.193600      0.336400      0.624100      0.801025    
  0.880000       0.00000      0.144000E-01  0.170844      0.313600      0.608400      0.792100    
  0.920000       0.00000      0.640000E-02  0.149511      0.291600      0.592900      0.783225    
  0.960000       0.00000      0.160000E-02  0.129600      0.270400      0.577600      0.774400    
   1.00000       0.00000       0.00000      0.111111      0.250000      0.562500      0.765625    
   1.04000       0.00000       0.00000      0.940444E-01  0.230400      0.547600      0.756900    
   1.08000       0.00000       0.00000      0.784000E-01  0.211600      0.532900      0.748225    
   1.12000       0.00000       0.00000      0.641778E-01  0.193600      0.518400      0.739600    
   1.16000       0.00000       0.00000      0.513778E-01  0.176400      0.504100      0.731025    
   1.20000       0.00000       0.00000      0.400000E-01  0.160000      0.490000      0.722500    
   1.24000       0.00000       0.00000      0.300444E-01  0.144400      0.476100      0.714025    
   1.28000       0.00000       0.00000      0.215111E-01  0.129600      0.462400      0.705600    
   1.32000       0.00000       0.00000      0.144000E-01  0.115600      0.448900      0.697225    
   1.36000       0.00000       0.00000      0.871111E-02  0.102400      0.435600      0.688900    
   1.40000       0.00000       0.00000      0.444444E-02  0.900000E-01  0.422500      0.680625    
   1.44000       0.00000       0.00000      0.160000E-02  0.784000E-01  0.409600      0.672400    
   1.48000       0.00000       0.00000      0.177778E-03  0.676000E-01  0.396900      0.664225    
   1.52000       0.00000       0.00000       0.00000      0.576000E-01  0.384400      0.656100    
   1.56000       0.00000       0.00000       0.00000      0.484000E-01  0.372100      0.648025    
   1.60000       0.00000       0.00000       0.00000      0.400000E-01  0.360000      0.640000    
   1.64000       0.00000       0.00000       0.00000      0.324000E-01  0.348100      0.632025    
   1.68000       0.00000       0.00000       0.00000      0.256000E-01  0.336400      0.624100    
   1.72000       0.00000       0.00000       0.00000      0.196000E-01  0.324900      0.616225    
   1.76000       0.00000       0.00000       0.00000      0.144000E-01  0.313600      0.608400    
   1.80000       0.00000       0.00000       0.00000      0.100000E-01  0.302500      0.600625    
   1.84000       0.00000       0.00000       0.00000      0.640000E-02  0.291600      0.592900    
   1.88000       0.00000       0.00000       0.00000      0.360000E-02  0.280900      0.585225    
   1.92000       0.00000       0.00000       0.00000      0.160000E-02  0.270400      0.577600    
   1.96000       0.00000       0.00000       0.00000      0.400000E-03  0.260100      0.570025    
   2.00000       0.00000       0.00000       0.00000       0.00000      0.250000      0.562500    
