    -4.00000        0.588235E-01
    -3.92000        0.611008E-01
    -3.84000        0.635098E-01
    -3.76000        0.660607E-01
    -3.68000        0.687644E-01
    -3.60000        0.716332E-01
    -3.52000        0.746804E-01
    -3.44000        0.779205E-01
    -3.36000        0.813696E-01
    -3.28000        0.850456E-01
    -3.20000        0.889680E-01
    -3.12000        0.931584E-01
    -3.04000        0.976410E-01
    -2.96000        0.102442    
    -2.88000        0.107592    
    -2.80000        0.113122    
    -2.72000        0.119070    
    -2.64000        0.125477    
    -2.56000        0.132387    
    -2.48000        0.139852    
    -2.40000        0.147929    
    -2.32000        0.156681    
    -2.24000        0.166179    
    -2.16000        0.176504    
    -2.08000        0.187744    
    -2.00000        0.200000    
    -1.92000        0.213383    
    -1.84000        0.228019    
    -1.76000        0.244045    
    -1.68000        0.261616    
    -1.60000        0.280899    
    -1.52000        0.302078    
    -1.44000        0.325351    
    -1.36000        0.350926    
    -1.28000        0.379018    
    -1.20000        0.409836    
    -1.12000        0.443577    
    -1.04000        0.480400    
   -0.960000        0.520400    
   -0.880000        0.563571    
   -0.800000        0.609756    
   -0.720000        0.658588    
   -0.640000        0.709421    
   -0.560000        0.761267    
   -0.480000        0.812744    
   -0.400000        0.862069    
   -0.320000        0.907112    
   -0.240000        0.945537    
   -0.160000        0.975039    
   -0.800000E-01    0.993641    
     0.00000         1.00000    
    0.800000E-01    0.993641    
    0.160000        0.975039    
    0.240000        0.945537    
    0.320000        0.907112    
    0.400000        0.862069    
    0.480000        0.812744    
    0.560000        0.761267    
    0.640000        0.709421    
    0.720000        0.658588    
    0.800000        0.609756    
    0.880000        0.563571    
    0.960000        0.520400    
     1.04000        0.480400    
     1.12000        0.443577    
     1.20000        0.409836    
     1.28000        0.379018    
     1.36000        0.350926    
     1.44000        0.325351    
     1.52000        0.302078    
     1.60000        0.280899    
     1.68000        0.261616    
     1.76000        0.244045    
     1.84000        0.228019    
     1.92000        0.213383    
     2.00000        0.200000    
     2.08000        0.187744    
     2.16000        0.176504    
     2.24000        0.166179    
     2.32000        0.156681    
     2.40000        0.147929    
     2.48000        0.139852    
     2.56000        0.132387    
     2.64000        0.125477    
     2.72000        0.119070    
     2.80000        0.113122    
     2.88000        0.107592    
     2.96000        0.102442    
     3.04000        0.976410E-01
     3.12000        0.931584E-01
     3.20000        0.889680E-01
     3.28000        0.850456E-01
     3.36000        0.813696E-01
     3.44000        0.779205E-01
     3.52000        0.746804E-01
     3.60000        0.716332E-01
     3.68000        0.687644E-01
     3.76000        0.660607E-01
     3.84000        0.635098E-01
     3.92000        0.611008E-01
     4.00000        0.588235E-01
