  -4.00000      0.153846E-01  0.588235E-01  0.123288      0.200000      0.500000      0.800000    
  -3.92000      0.160088E-01  0.611008E-01  0.127722      0.206543      0.510100      0.806387    
  -3.84000      0.166716E-01  0.635098E-01  0.132387      0.213383      0.520400      0.812744    
  -3.76000      0.173761E-01  0.660607E-01  0.137299      0.220536      0.530898      0.819068    
  -3.68000      0.181259E-01  0.687644E-01  0.142474      0.228019      0.541594      0.825355    
  -3.60000      0.189251E-01  0.716332E-01  0.147929      0.235849      0.552486      0.831601    
  -3.52000      0.197779E-01  0.746804E-01  0.153684      0.244045      0.563571      0.837802    
  -3.44000      0.206892E-01  0.779205E-01  0.159760      0.252627      0.574845      0.843953    
  -3.36000      0.216645E-01  0.813696E-01  0.166179      0.261616      0.586304      0.850051    
  -3.28000      0.227099E-01  0.850456E-01  0.172965      0.271032      0.597943      0.856091    
  -3.20000      0.238322E-01  0.889680E-01  0.180144      0.280899      0.609756      0.862069    
  -3.12000      0.250391E-01  0.931584E-01  0.187744      0.291240      0.621736      0.867980    
  -3.04000      0.263391E-01  0.976410E-01  0.195795      0.302078      0.633874      0.873820    
  -2.96000      0.277420E-01  0.102442      0.204330      0.313440      0.646162      0.879585    
  -2.88000      0.292589E-01  0.107592      0.213383      0.325351      0.658588      0.885269    
  -2.80000      0.309023E-01  0.113122      0.222993      0.337838      0.671141      0.890869    
  -2.72000      0.326866E-01  0.119070      0.233199      0.350926      0.683807      0.896379    
  -2.64000      0.346280E-01  0.125477      0.244045      0.364644      0.696573      0.901795    
  -2.56000      0.367453E-01  0.132387      0.255577      0.379018      0.709421      0.907112    
  -2.48000      0.390601E-01  0.139852      0.267844      0.394073      0.722335      0.912326    
  -2.40000      0.415973E-01  0.147929      0.280899      0.409836      0.735294      0.917431    
  -2.32000      0.443861E-01  0.156681      0.294796      0.426330      0.748279      0.922424    
  -2.24000      0.474599E-01  0.166179      0.309593      0.443577      0.761267      0.927300    
  -2.16000      0.508585E-01  0.176504      0.325351      0.461595      0.774234      0.932053    
  -2.08000      0.546281E-01  0.187744      0.342132      0.480400      0.787154      0.936680    
  -2.00000      0.588235E-01  0.200000      0.360000      0.500000      0.800000      0.941176    
  -1.92000      0.635098E-01  0.213383      0.379018      0.520400      0.812744      0.945537    
  -1.84000      0.687644E-01  0.228019      0.399248      0.541594      0.825355      0.949758    
  -1.76000      0.746804E-01  0.244045      0.420749      0.563571      0.837802      0.953834    
  -1.68000      0.813696E-01  0.261616      0.443577      0.586304      0.850051      0.957763    
  -1.60000      0.889680E-01  0.280899      0.467775      0.609756      0.862069      0.961538    
  -1.52000      0.976410E-01  0.302078      0.493378      0.633874      0.873820      0.965158    
  -1.44000      0.107592      0.325351      0.520400      0.658588      0.885269      0.968617    
  -1.36000      0.119070      0.350926      0.548834      0.683807      0.896379      0.971912    
  -1.28000      0.132387      0.379018      0.578644      0.709421      0.907112      0.975039    
  -1.20000      0.147929      0.409836      0.609756      0.735294      0.917431      0.977995    
  -1.12000      0.166179      0.443577      0.642050      0.761267      0.927300      0.980777    
  -1.04000      0.187744      0.480400      0.675351      0.787154      0.936680      0.983381    
 -0.960000      0.213383      0.520400      0.709421      0.812744      0.945537      0.985804    
 -0.880000      0.244045      0.563571      0.743949      0.837802      0.953834      0.988045    
 -0.800000      0.280899      0.609756      0.778547      0.862069      0.961538      0.990099    
 -0.720000      0.325351      0.658588      0.812744      0.885269      0.968617      0.991965    
 -0.640000      0.379018      0.709421      0.845992      0.907112      0.975039      0.993641    
 -0.560000      0.443577      0.761267      0.877672      0.927300      0.980777      0.995124    
 -0.480000      0.520400      0.812744      0.907112      0.945537      0.985804      0.996413    
 -0.400000      0.609756      0.862069      0.933610      0.961538      0.990099      0.997506    
 -0.320000      0.709421      0.907112      0.956470      0.975039      0.993641      0.998403    
 -0.240000      0.812744      0.945537      0.975039      0.985804      0.996413      0.999101    
 -0.160000      0.907112      0.975039      0.988750      0.993641      0.998403      0.999600    
 -0.800000E-01  0.975039      0.993641      0.997164      0.998403      0.999600      0.999900    
   0.00000       1.00000       1.00000       1.00000       1.00000       1.00000       1.00000    
  0.800000E-01  0.975039      0.993641      0.997164      0.998403      0.999600      0.999900    
  0.160000      0.907112      0.975039      0.988750      0.993641      0.998403      0.999600    
  0.240000      0.812744      0.945537      0.975039      0.985804      0.996413      0.999101    
  0.320000      0.709421      0.907112      0.956470      0.975039      0.993641      0.998403    
  0.400000      0.609756      0.862069      0.933610      0.961538      0.990099      0.997506    
  0.480000      0.520400      0.812744      0.907112      0.945537      0.985804      0.996413    
  0.560000      0.443577      0.761267      0.877672      0.927300      0.980777      0.995124    
  0.640000      0.379018      0.709421      0.845992      0.907112      0.975039      0.993641    
  0.720000      0.325351      0.658588      0.812744      0.885269      0.968617      0.991965    
  0.800000      0.280899      0.609756      0.778547      0.862069      0.961538      0.990099    
  0.880000      0.244045      0.563571      0.743949      0.837802      0.953834      0.988045    
  0.960000      0.213383      0.520400      0.709421      0.812744      0.945537      0.985804    
   1.04000      0.187744      0.480400      0.675351      0.787154      0.936680      0.983381    
   1.12000      0.166179      0.443577      0.642050      0.761267      0.927300      0.980777    
   1.20000      0.147929      0.409836      0.609756      0.735294      0.917431      0.977995    
   1.28000      0.132387      0.379018      0.578644      0.709421      0.907112      0.975039    
   1.36000      0.119070      0.350926      0.548834      0.683807      0.896379      0.971912    
   1.44000      0.107592      0.325351      0.520400      0.658588      0.885269      0.968617    
   1.52000      0.976410E-01  0.302078      0.493378      0.633874      0.873820      0.965158    
   1.60000      0.889680E-01  0.280899      0.467775      0.609756      0.862069      0.961538    
   1.68000      0.813696E-01  0.261616      0.443577      0.586304      0.850051      0.957763    
   1.76000      0.746804E-01  0.244045      0.420749      0.563571      0.837802      0.953834    
   1.84000      0.687644E-01  0.228019      0.399248      0.541594      0.825355      0.949758    
   1.92000      0.635098E-01  0.213383      0.379018      0.520400      0.812744      0.945537    
   2.00000      0.588235E-01  0.200000      0.360000      0.500000      0.800000      0.941176    
   2.08000      0.546281E-01  0.187744      0.342132      0.480400      0.787154      0.936680    
   2.16000      0.508585E-01  0.176504      0.325351      0.461595      0.774234      0.932053    
   2.24000      0.474599E-01  0.166179      0.309593      0.443577      0.761267      0.927300    
   2.32000      0.443861E-01  0.156681      0.294796      0.426330      0.748279      0.922424    
   2.40000      0.415973E-01  0.147929      0.280899      0.409836      0.735294      0.917431    
   2.48000      0.390601E-01  0.139852      0.267844      0.394073      0.722335      0.912326    
   2.56000      0.367453E-01  0.132387      0.255577      0.379018      0.709421      0.907112    
   2.64000      0.346280E-01  0.125477      0.244045      0.364644      0.696573      0.901795    
   2.72000      0.326866E-01  0.119070      0.233199      0.350926      0.683807      0.896379    
   2.80000      0.309023E-01  0.113122      0.222993      0.337838      0.671141      0.890869    
   2.88000      0.292589E-01  0.107592      0.213383      0.325351      0.658588      0.885269    
   2.96000      0.277420E-01  0.102442      0.204330      0.313440      0.646162      0.879585    
   3.04000      0.263391E-01  0.976410E-01  0.195795      0.302078      0.633874      0.873820    
   3.12000      0.250391E-01  0.931584E-01  0.187744      0.291240      0.621736      0.867980    
   3.20000      0.238322E-01  0.889680E-01  0.180144      0.280899      0.609756      0.862069    
   3.28000      0.227099E-01  0.850456E-01  0.172965      0.271032      0.597943      0.856091    
   3.36000      0.216645E-01  0.813696E-01  0.166179      0.261616      0.586304      0.850051    
   3.44000      0.206892E-01  0.779205E-01  0.159760      0.252627      0.574845      0.843953    
   3.52000      0.197779E-01  0.746804E-01  0.153684      0.244045      0.563571      0.837802    
   3.60000      0.189251E-01  0.716332E-01  0.147929      0.235849      0.552486      0.831601    
   3.68000      0.181259E-01  0.687644E-01  0.142474      0.228019      0.541594      0.825355    
   3.76000      0.173761E-01  0.660607E-01  0.137299      0.220536      0.530898      0.819068    
   3.84000      0.166716E-01  0.635098E-01  0.132387      0.213383      0.520400      0.812744    
   3.92000      0.160088E-01  0.611008E-01  0.127722      0.206543      0.510100      0.806387    
   4.00000      0.153846E-01  0.588235E-01  0.123288      0.200000      0.500000      0.800000    
