   0.00000      0.791313      -1.51799       1.04316    
  0.100000      0.661782      -1.45533       1.16938    
  0.200000      0.581053      -1.32507       1.29901    
  0.300000      0.528886      -1.13271       1.42875    
  0.400000      0.460147     -0.907182       1.53924    
  0.500000      0.327036     -0.684352       1.60857    
  0.600000      0.106455     -0.493707       1.62440    
  0.700000     -0.180372     -0.351280       1.58487    
  0.800000     -0.466419     -0.254078       1.49760    
  0.900000     -0.667663     -0.186178       1.38144    
   1.00000     -0.730193     -0.135108       1.26361    
   1.10000     -0.655170     -0.101460       1.16864    
   1.20000     -0.479868     -0.939996E-01   1.10854    
   1.30000     -0.242226     -0.111910       1.08069    
   1.40000      0.319150E-01 -0.134149       1.07148    
   1.50000      0.321864     -0.135917       1.06725    
   1.60000      0.606167     -0.110617       1.06849    
   1.70000      0.859060     -0.718522E-01   1.09183    
   1.80000       1.05341     -0.449526E-01   1.15111    
   1.90000       1.17537     -0.607110E-01   1.23238    
   2.00000       1.23192     -0.151137       1.29365    
   2.10000       1.23573     -0.340145       1.29310    
   2.20000       1.18796     -0.628032       1.21798    
   2.30000       1.08390     -0.985576       1.08704    
   2.40000      0.931997      -1.36950      0.928578    
   2.50000      0.758649      -1.74169      0.763705    
   2.60000      0.590084      -2.06979      0.607583    
   2.70000      0.430693      -2.31630      0.472856    
   2.80000      0.266768      -2.44012      0.370109    
   2.90000      0.911650E-01  -2.41364      0.314367    
   3.00000     -0.843439E-01  -2.23910      0.329578    
   3.10000     -0.239092      -1.95443      0.436865    
   3.20000     -0.359558      -1.62398      0.632713    
   3.30000     -0.444816      -1.31815      0.879536    
   3.40000     -0.499713      -1.09052       1.12161    
   3.50000     -0.526098     -0.957139       1.31165    
   3.60000     -0.521189     -0.890116       1.42105    
   3.70000     -0.484960     -0.837118       1.43143    
   3.80000     -0.431846     -0.754326       1.33250    
   3.90000     -0.390920     -0.628604       1.13978    
   4.00000     -0.387596     -0.476382      0.904011    
   4.10000     -0.429441     -0.326451      0.683445    
   4.20000     -0.509185     -0.203365      0.504645    
   4.30000     -0.611081     -0.117374      0.353315    
   4.40000     -0.713621     -0.656943E-01  0.196242    
   4.50000     -0.798195     -0.432410E-01  0.579171E-02
   4.60000     -0.868249     -0.474835E-01 -0.228203    
   4.70000     -0.955150     -0.761708E-01 -0.490572    
   4.80000      -1.08937     -0.131490     -0.741612    
   4.90000      -1.26519     -0.226225     -0.941562    
   5.00000      -1.43969     -0.372025      -1.07652    
   5.10000      -1.56133     -0.561739      -1.15399    
   5.20000      -1.59816     -0.774033      -1.18214    
   5.30000      -1.54848     -0.989681      -1.16576    
   5.40000      -1.43744      -1.19687      -1.12042    
   5.50000      -1.30614      -1.38629      -1.07408    
   5.60000      -1.19095      -1.54720      -1.04472    
   5.70000      -1.10597      -1.67364      -1.02491    
   5.80000      -1.04569      -1.77161     -0.991992    
   5.90000     -0.996604      -1.85136     -0.925304    
   6.00000     -0.937284      -1.91501     -0.816087    
   6.10000     -0.830965      -1.95680     -0.671002    
   6.20000     -0.632141      -1.97191     -0.511567    
   6.30000     -0.312887      -1.96092     -0.372775    
   6.40000      0.114246      -1.92295     -0.296189    
   6.50000      0.600832      -1.84839     -0.312317    
   6.60000       1.09054      -1.72929     -0.422441    
   6.70000       1.54344      -1.57552     -0.597736    
   6.80000       1.93461      -1.41175     -0.794638    
   6.90000       2.24350      -1.26132     -0.970147    
   7.00000       2.45522      -1.13599      -1.09415    
   7.10000       2.56427      -1.03510      -1.15720    
   7.20000       2.57440     -0.953324      -1.16659    
   7.30000       2.49671     -0.888949      -1.13776    
   7.40000       2.34585     -0.843057      -1.08835    
   7.50000       2.13896     -0.812792      -1.03127    
   7.60000       1.90033     -0.788237     -0.971261    
   7.70000       1.66110     -0.760226     -0.912653    
   7.80000       1.44517     -0.728707     -0.864918    
   7.90000       1.25929     -0.697232     -0.831428    
   8.00000       1.10350     -0.664708     -0.799728    
   8.10000      0.983712     -0.625810     -0.755171    
   8.20000      0.908962     -0.571980     -0.695172    
   8.30000      0.883391     -0.495743     -0.619996    
   8.40000      0.901835     -0.401363     -0.519856    
   8.50000      0.947847     -0.306537     -0.381524    
   8.60000      0.998706     -0.234449     -0.210059    
   8.70000       1.03709     -0.205079     -0.387808E-01
   8.80000       1.05789     -0.222461      0.935117E-01
   8.90000       1.06410     -0.263199      0.177089    
   9.00000       1.06061     -0.280837      0.234978    
   9.10000       1.04897     -0.229535      0.293986    
   9.20000       1.02030     -0.919989E-01  0.358281    
   9.30000      0.957926      0.114646      0.406821    
   9.40000      0.855227      0.359770      0.411594    
   9.50000      0.729080      0.617554      0.359298    
   9.60000      0.612416      0.868128      0.256477    
   9.70000      0.534435       1.09574      0.119779    
   9.80000      0.507646       1.28661     -0.324202E-01
   9.90000      0.527005       1.42363     -0.182616    
   10.0000      0.572840       1.48871     -0.315755    
