   0.00000       1.31358      0.548248      0.734865    
  0.100000       2.00033     -0.408931E-01  0.593028    
  0.200000       1.48035     -0.286730      0.948500    
  0.300000      0.936628      -1.30007      0.505523    
  0.400000      0.605756      -1.44115      0.508696    
  0.500000       1.05607      -1.01735       1.13427    
  0.600000       1.10707      -1.31861       1.10944    
  0.700000       1.53376     -0.733667       1.35420    
  0.800000       1.80338      0.268236E-01   1.39896    
  0.900000      0.630156     -0.461256       1.77113    
   1.00000     -0.518955      0.359938E-01   1.54641    
   1.10000      -1.69430     -0.502533E-01   1.11505    
   1.20000      -1.16111     -0.219426       1.02336    
   1.30000      -1.05811      0.850203      0.750680    
   1.40000      -1.70305      0.889476      0.251715    
   1.50000      -1.19393     -0.297882      0.733611    
   1.60000      -1.02032      0.249896      0.421436    
   1.70000     -0.945859     -0.374546       1.09736    
   1.80000     -0.454469      0.928611E-01  0.636908E-01
   1.90000      0.932500     -0.618173E-01 -0.218200    
   2.00000       1.07409      0.279185      0.177684    
   2.10000       1.15164      0.286853      0.440812    
   2.20000      0.773672       1.32820       1.67946    
   2.30000       1.74896       1.12000       1.25782    
   2.40000       1.56251      0.882230       1.12491    
   2.50000       2.02950      0.235604      0.909398    
   2.60000       1.26380      0.108092       1.39191    
   2.70000      0.337052     -0.252013E-02  0.468800    
   2.80000       1.00024      -1.27673      0.683628    
   2.90000      0.733413      -1.70539      0.419481    
   3.00000      0.893745      -2.69807      0.341524    
   3.10000      0.296248      -3.34896     -0.376560    
   3.20000     -0.170422E-01  -2.93415     -0.891864    
   3.30000     -0.374383      -2.87273      -1.25595    
   3.40000     -0.289242      -1.94198     -0.617774    
   3.50000     -0.436379      -1.03384      0.508736E-01
   3.60000     -0.494917     -0.940549E-01  0.414546    
   3.70000     -0.399611     -0.531748      0.698359    
   3.80000      -1.31786     -0.429906E-01  0.777044    
   3.90000     -0.863458      -1.16538       2.47159    
   4.00000     -0.532628E-01 -0.135290       2.34359    
   4.10000     -0.333705     -0.703742       1.64234    
   4.20000      0.168331     -0.273881      0.948071    
   4.30000     -0.132172      0.226240      0.550847    
   4.40000      0.312611     -0.618401E-01  0.813185    
   4.50000      0.117328      0.383468E-01  0.648342    
   4.60000     -0.763543      0.173042      0.286166    
   4.70000     -0.989134      0.746915      0.923072    
   4.80000      0.129032      0.363787      0.900849    
   4.90000      0.223133     -0.110536     -0.594885    
   5.00000     -0.837161E-01   1.06844     -0.588326    
   5.10000     -0.356096      0.932622     -0.871169    
   5.20000      -1.48740      0.337566     -0.518191    
   5.30000      -1.09640      0.522115      -1.03027    
   5.40000      -2.05446     -0.599405E-01  -1.79919    
   5.50000      -1.89745     -0.107852E-01  -1.52680    
   5.60000      -1.26593     -0.337215E-01 -0.646116    
   5.70000      -1.09045     -0.908920     -0.840832    
   5.80000      -1.14100      -1.13923     -0.930706    
   5.90000      -1.18546     -0.851859     -0.595396    
   6.00000     -0.670844      -1.17083      -1.27054    
   6.10000     -0.592709      -1.21122     -0.848325    
   6.20000     -0.473362      -1.32978      -1.08725    
   6.30000      -1.80754      -1.83749     -0.923103    
   6.40000      -1.56617      -1.23347     -0.707146    
   6.50000      -2.27237      -1.18857     -0.175458    
   6.60000      -1.01953      -1.78833      0.826816    
   6.70000     -0.279617      -2.06695      0.485951    
   6.80000     -0.789341      -1.37362      0.630269    
   6.90000      0.770048      -1.59743      0.676675    
   7.00000      0.952698      -1.02714     -0.233428    
   7.10000       1.73097     -0.628066     -0.461241    
   7.20000       2.32064      -1.03411     -0.615655    
   7.30000       2.64480     -0.438200     -0.973152    
   7.40000       2.79367     -0.725965      -1.28734    
   7.50000       2.54416     -0.179935     -0.908154    
   7.60000       2.96068      0.236927E-01 -0.919507    
   7.70000       2.64985     -0.523427      -1.13015    
   7.80000       1.64590     -0.655824      -1.28793    
   7.90000       1.32403      0.247748E-02 -0.291617    
   8.00000       1.48075     -0.482805     -0.268880E-01
   8.10000       1.04160     -0.589405      -1.23623    
   8.20000      0.374287      0.815942E-01 -0.436319    
   8.30000      0.588264     -0.643879     -0.664980    
   8.40000     -0.110630     -0.881693     -0.215019    
   8.50000     -0.480015E-01 -0.275601     -0.603626    
   8.60000     -0.184969     -0.672733     -0.900003    
   8.70000      0.425725     -0.229400      -1.44805    
   8.80000      0.487366      0.133943     -0.229386    
   8.90000      0.239630      0.469579      0.419518    
   9.00000      0.816056      0.418207      0.367124    
   9.10000      0.629099      0.101674      0.561359E-01
   9.20000      0.343057      -1.05181      0.925279E-01
   9.30000      0.667217     -0.862220     -0.240931    
   9.40000       1.14134     -0.329296      0.559513    
   9.50000       1.26301     -0.746665      0.918644    
   9.60000      0.978923     -0.422626      0.838739    
   9.70000      0.408954      0.964037E-01  0.798310    
   9.80000      0.414958      0.402500E-01  0.694305    
   9.90000     -0.103364      0.551504      0.526384    
   10.0000      0.108750       1.41279      0.273153    
