  -8.00000       0.00000       0.00000       0.00000       0.00000       0.00000       0.00000    
  -7.84000       0.00000       0.00000       0.00000       0.00000       0.00000      0.596000E-03
  -7.68000       0.00000       0.00000       0.00000       0.00000       0.00000      0.236800E-02
  -7.52000       0.00000       0.00000       0.00000       0.00000       0.00000      0.529200E-02
  -7.36000       0.00000       0.00000       0.00000       0.00000       0.00000      0.934400E-02
  -7.20000       0.00000       0.00000       0.00000       0.00000       0.00000      0.145000E-01
  -7.04000       0.00000       0.00000       0.00000       0.00000       0.00000      0.207360E-01
  -6.88000       0.00000       0.00000       0.00000       0.00000       0.00000      0.280280E-01
  -6.72000       0.00000       0.00000       0.00000       0.00000       0.00000      0.363520E-01
  -6.56000       0.00000       0.00000       0.00000       0.00000       0.00000      0.456840E-01
  -6.40000       0.00000       0.00000       0.00000       0.00000       0.00000      0.560000E-01
  -6.24000       0.00000       0.00000       0.00000       0.00000       0.00000      0.672760E-01
  -6.08000       0.00000       0.00000       0.00000       0.00000       0.00000      0.794880E-01
  -5.92000       0.00000       0.00000       0.00000       0.00000       0.00000      0.926120E-01
  -5.76000       0.00000       0.00000       0.00000       0.00000       0.00000      0.106624    
  -5.60000       0.00000       0.00000       0.00000       0.00000       0.00000      0.121500    
  -5.44000       0.00000       0.00000       0.00000       0.00000       0.00000      0.137216    
  -5.28000       0.00000       0.00000       0.00000       0.00000       0.00000      0.153748    
  -5.12000       0.00000       0.00000       0.00000       0.00000       0.00000      0.171072    
  -4.96000       0.00000       0.00000       0.00000       0.00000       0.00000      0.189164    
  -4.80000       0.00000       0.00000       0.00000       0.00000       0.00000      0.208000    
  -4.64000       0.00000       0.00000       0.00000       0.00000       0.00000      0.227556    
  -4.48000       0.00000       0.00000       0.00000       0.00000       0.00000      0.247808    
  -4.32000       0.00000       0.00000       0.00000       0.00000       0.00000      0.268732    
  -4.16000       0.00000       0.00000       0.00000       0.00000       0.00000      0.290304    
  -4.00000       0.00000       0.00000       0.00000       0.00000       0.00000      0.312500    
  -3.84000       0.00000       0.00000       0.00000       0.00000      0.236800E-02  0.335296    
  -3.68000       0.00000       0.00000       0.00000       0.00000      0.934400E-02  0.358668    
  -3.52000       0.00000       0.00000       0.00000       0.00000      0.207360E-01  0.382592    
  -3.36000       0.00000       0.00000       0.00000       0.00000      0.363520E-01  0.407044    
  -3.20000       0.00000       0.00000       0.00000       0.00000      0.560000E-01  0.432000    
  -3.04000       0.00000       0.00000       0.00000       0.00000      0.794880E-01  0.457436    
  -2.88000       0.00000       0.00000       0.00000       0.00000      0.106624      0.483328    
  -2.72000       0.00000       0.00000       0.00000       0.00000      0.137216      0.509652    
  -2.56000       0.00000       0.00000       0.00000       0.00000      0.171072      0.536384    
  -2.40000       0.00000       0.00000       0.00000       0.00000      0.208000      0.563500    
  -2.24000       0.00000       0.00000       0.00000       0.00000      0.247808      0.590976    
  -2.08000       0.00000       0.00000       0.00000       0.00000      0.290304      0.618788    
  -1.92000       0.00000       0.00000       0.00000      0.236800E-02  0.335296      0.646912    
  -1.76000       0.00000       0.00000       0.00000      0.207360E-01  0.382592      0.675324    
  -1.60000       0.00000       0.00000       0.00000      0.560000E-01  0.432000      0.704000    
  -1.44000       0.00000       0.00000      0.236800E-02  0.106624      0.483328      0.732916    
  -1.28000       0.00000       0.00000      0.306892E-01  0.171072      0.536384      0.762048    
  -1.12000       0.00000       0.00000      0.881375E-01  0.247808      0.590976      0.791372    
 -0.960000       0.00000      0.236800E-02  0.171072      0.335296      0.646912      0.820864    
 -0.800000       0.00000      0.560000E-01  0.275852      0.432000      0.704000      0.850500    
 -0.640000       0.00000      0.171072      0.398836      0.536384      0.762048      0.880256    
 -0.480000      0.236800E-02  0.335296      0.536384      0.646912      0.820864      0.910108    
 -0.320000      0.171072      0.536384      0.684855      0.762048      0.880256      0.940032    
 -0.160000      0.536384      0.762048      0.840607      0.880256      0.940032      0.970004    
   0.00000       1.00000       1.00000       1.00000       1.00000       1.00000       1.00000    
  0.160000      0.536384      0.762048      0.840607      0.880256      0.940032      0.970004    
  0.320000      0.171072      0.536384      0.684855      0.762048      0.880256      0.940032    
  0.480000      0.236800E-02  0.335296      0.536384      0.646912      0.820864      0.910108    
  0.640000       0.00000      0.171072      0.398836      0.536384      0.762048      0.880256    
  0.800000       0.00000      0.560000E-01  0.275852      0.432000      0.704000      0.850500    
  0.960000       0.00000      0.236800E-02  0.171072      0.335296      0.646912      0.820864    
   1.12000       0.00000       0.00000      0.881375E-01  0.247808      0.590976      0.791372    
   1.28000       0.00000       0.00000      0.306892E-01  0.171072      0.536384      0.762048    
   1.44000       0.00000       0.00000      0.236800E-02  0.106624      0.483328      0.732916    
   1.60000       0.00000       0.00000       0.00000      0.560000E-01  0.432000      0.704000    
   1.76000       0.00000       0.00000       0.00000      0.207360E-01  0.382592      0.675324    
   1.92000       0.00000       0.00000       0.00000      0.236800E-02  0.335296      0.646912    
   2.08000       0.00000       0.00000       0.00000       0.00000      0.290304      0.618788    
   2.24000       0.00000       0.00000       0.00000       0.00000      0.247808      0.590976    
   2.40000       0.00000       0.00000       0.00000       0.00000      0.208000      0.563500    
   2.56000       0.00000       0.00000       0.00000       0.00000      0.171072      0.536384    
   2.72000       0.00000       0.00000       0.00000       0.00000      0.137216      0.509652    
   2.88000       0.00000       0.00000       0.00000       0.00000      0.106624      0.483328    
   3.04000       0.00000       0.00000       0.00000       0.00000      0.794880E-01  0.457436    
   3.20000       0.00000       0.00000       0.00000       0.00000      0.560000E-01  0.432000    
   3.36000       0.00000       0.00000       0.00000       0.00000      0.363520E-01  0.407044    
   3.52000       0.00000       0.00000       0.00000       0.00000      0.207360E-01  0.382592    
   3.68000       0.00000       0.00000       0.00000       0.00000      0.934400E-02  0.358668    
   3.84000       0.00000       0.00000       0.00000       0.00000      0.236800E-02  0.335296    
   4.00000       0.00000       0.00000       0.00000       0.00000       0.00000      0.312500    
   4.16000       0.00000       0.00000       0.00000       0.00000       0.00000      0.290304    
   4.32000       0.00000       0.00000       0.00000       0.00000       0.00000      0.268732    
   4.48000       0.00000       0.00000       0.00000       0.00000       0.00000      0.247808    
   4.64000       0.00000       0.00000       0.00000       0.00000       0.00000      0.227556    
   4.80000       0.00000       0.00000       0.00000       0.00000       0.00000      0.208000    
   4.96000       0.00000       0.00000       0.00000       0.00000       0.00000      0.189164    
   5.12000       0.00000       0.00000       0.00000       0.00000       0.00000      0.171072    
   5.28000       0.00000       0.00000       0.00000       0.00000       0.00000      0.153748    
   5.44000       0.00000       0.00000       0.00000       0.00000       0.00000      0.137216    
   5.60000       0.00000       0.00000       0.00000       0.00000       0.00000      0.121500    
   5.76000       0.00000       0.00000       0.00000       0.00000       0.00000      0.106624    
   5.92000       0.00000       0.00000       0.00000       0.00000       0.00000      0.926120E-01
   6.08000       0.00000       0.00000       0.00000       0.00000       0.00000      0.794880E-01
   6.24000       0.00000       0.00000       0.00000       0.00000       0.00000      0.672760E-01
   6.40000       0.00000       0.00000       0.00000       0.00000       0.00000      0.560000E-01
   6.56000       0.00000       0.00000       0.00000       0.00000       0.00000      0.456840E-01
   6.72000       0.00000       0.00000       0.00000       0.00000       0.00000      0.363520E-01
   6.88000       0.00000       0.00000       0.00000       0.00000       0.00000      0.280280E-01
   7.04000       0.00000       0.00000       0.00000       0.00000       0.00000      0.207360E-01
   7.20000       0.00000       0.00000       0.00000       0.00000       0.00000      0.145000E-01
   7.36000       0.00000       0.00000       0.00000       0.00000       0.00000      0.934400E-02
   7.52000       0.00000       0.00000       0.00000       0.00000       0.00000      0.529200E-02
   7.68000       0.00000       0.00000       0.00000       0.00000       0.00000      0.236800E-02
   7.84000       0.00000       0.00000       0.00000       0.00000       0.00000      0.596000E-03
   8.00000       0.00000       0.00000       0.00000       0.00000       0.00000       0.00000    
