   0.00000       1.67904     -0.964263     -0.607906E-01
  0.100000     -0.472769     -0.402469      0.877193    
  0.200000     -0.566060      -1.92085     -0.571722    
  0.300000     -0.231124     -0.462124      0.217440    
  0.400000       1.21293      0.542722       1.41549    
  0.500000      0.535037     -0.819959      0.295563    
  0.600000       1.26938      0.770218      0.823704    
  0.700000       1.04954       1.16269      0.499236    
  0.800000      -1.66609      -1.12789       1.14594    
  0.900000      -1.86523      0.632572      0.793461E-01
   1.00000      -2.24246     -0.381246     -0.327549    
   1.10000      0.735809     -0.511480      0.247834    
   1.20000      0.396749E-01   1.93174     -0.917454E-01
   1.30000      -1.35074      0.281930     -0.516998    
   1.40000      0.673068      -2.04721       1.22707    
   1.50000      0.777484E-02   1.08256     -0.259713    
   1.60000     -0.275127      -1.05023       1.55191    
   1.70000      0.374940      0.834683      -1.63710    
   1.80000       2.16400     -0.275993     -0.451344    
   1.90000      0.185600      0.674285      0.737347    
   2.00000      0.297785      0.910691E-01  0.572645    
   2.10000     -0.463758       2.13233       2.51069    
   2.20000       2.04454     -0.115251     -0.421773    
   2.30000      0.965770E-01 -0.301981      0.119926    
   2.40000       1.39882      -1.02803     -0.618649E-01
   2.50000     -0.857394     -0.859034E-01   1.21977    
   2.60000      -1.24299     -0.660599E-01  -1.41732    
   2.70000       1.67452      -2.29430      0.620309    
   2.80000     -0.670837E-01 -0.942387     -0.123300    
   2.90000      0.620783      -2.14460      0.207247    
   3.00000     -0.794396      -1.75462      -1.06913    
   3.10000     -0.324163     -0.796366E-02 -0.952639    
   3.20000     -0.523768     -0.795412     -0.874893    
   3.30000      0.156483      0.811941      0.973954    
   3.40000     -0.350567      0.923231       1.13167    
   3.50000     -0.247757       1.14050      0.605328    
   3.60000      0.131700      -1.37651      0.523729    
   3.70000      -1.82076      0.379813      0.228628    
   3.80000      0.537380      -2.50250       3.32858    
   3.90000       1.24857       1.52867      0.174978    
   4.00000     -0.706416      -1.17461     -0.863160    
   4.10000      0.780995      0.712978     -0.834112    
   4.20000     -0.633447      0.964428     -0.255294    
   4.30000      0.750902     -0.447069      0.980724    
   4.40000     -0.389384      0.160297      0.153031    
   4.50000      -1.71522      0.135084     -0.301588    
   4.60000     -0.630935       1.00279       1.52564    
   4.70000       1.97003     -0.675386      0.380644    
   4.80000      0.280416     -0.812428      -2.59303    
   4.90000     -0.553266       2.33146     -0.168111    
   5.00000     -0.575490      0.310565E-01 -0.706207    
   5.10000      -2.28791     -0.821546      0.529670    
   5.20000      0.385542      0.501022      -1.01787    
   5.30000      -2.16928     -0.946721      -1.65516    
   5.40000     -0.276320      0.181342      0.109892    
   5.50000      0.715245      0.464324E-01   1.29688    
   5.60000      0.391251E-01  -1.64423     -0.694420    
   5.70000     -0.458894     -0.597555     -0.667386    
   5.80000     -0.615292      0.411731      0.192576    
   5.90000      0.407113     -0.786360      -1.58008    
   6.00000     -0.328833     -0.460386      0.406351    
   6.10000     -0.135212     -0.618076     -0.810037    
   6.20000      -2.83804      -1.41231     -0.969576E-01
   6.30000     -0.196730E-01  0.596031      0.132334    
   6.40000      -1.71095     -0.373655      0.835308    
   6.50000       1.84855      -1.66289       1.75382    
   6.60000       1.01779      -1.13859     -0.674185    
   6.70000      -1.25301      0.726750      0.258168    
   6.80000       2.64456     -0.947215      0.123037    
   6.90000      0.290992      0.496615      -1.62926    
   7.00000       1.46052      0.285929     -0.427045    
   7.10000       1.27655      -1.17337     -0.310860    
   7.20000       1.05497      0.733192     -0.685182    
   7.30000      0.982082     -0.841798     -0.675747    
   7.40000      0.409949      0.658136      0.534306    
   7.50000       1.72782      0.175853     -0.294744    
   7.60000      0.361448      -1.09942     -0.767306    
   7.70000     -0.921036     -0.395430     -0.723809    
   7.80000      0.222025       1.09137       1.39593    
   7.90000       1.00790     -0.964745      0.215666    
   8.00000     -0.121320     -0.380416      -2.48291    
   8.10000     -0.716286       1.11807       1.15294    
   8.20000      0.777794      -1.42096     -0.648771    
   8.30000      -1.00044     -0.629693      0.657626    
   8.40000      0.282882      0.935480     -0.874889    
   8.50000     -0.181883     -0.936753     -0.803130    
   8.60000       1.12355      0.625995      -1.31540    
   8.70000      0.215752      0.617465       2.01705    
   8.80000     -0.317849      0.593906       1.10167    
   8.90000       1.16725     -0.952030E-01 -0.214840    
   9.00000     -0.223410     -0.543118     -0.617114    
   9.10000     -0.393639      -2.24479      0.581272E-01
   9.20000      0.734715      0.111734     -0.674018    
   9.30000       1.11009      0.891266       1.43304    
   9.40000      0.588917     -0.854415      0.746448    
   9.50000     -0.133955      0.477769      0.702368E-01
   9.60000     -0.745362      0.920138      0.264381    
   9.70000      0.210978     -0.152925      0.136131    
   9.80000     -0.768717      0.856780     -0.137080    
   9.90000      0.509619       1.59217     -0.363093    
   10.0000      0.548248      0.734865     -0.662678    
