   -0.225281E-01   -0.386198E-01   -0.999000    
   -0.700116E-01    0.330058E-01   -0.997000    
    0.345279E-01    0.937167E-01   -0.995000    
    0.113977       -0.309876E-01   -0.993000    
   -0.236915E-01   -0.131749       -0.991000    
   -0.147312        0.133511E-01   -0.989000    
    0.457560E-03    0.160720       -0.987000    
    0.171936        0.145963E-01   -0.985000    
    0.314659E-01   -0.180889       -0.983000    
   -0.187499       -0.498316E-01   -0.981000    
   -0.693865E-01    0.191689       -0.979000    
    0.193395        0.898304E-01   -0.977000    
    0.110867       -0.192571       -0.975000    
   -0.189190       -0.132205       -0.973000    
   -0.153553        0.183250       -0.971000    
    0.174770        0.174627       -0.969000    
    0.195148       -0.163794       -0.967000    
   -0.150392       -0.214843       -0.965000    
   -0.233450        0.134656       -0.963000    
    0.116705        0.250717       -0.961000    
    0.266406       -0.966783E-01   -0.959000    
   -0.747388E-01   -0.280295       -0.957000    
   -0.292176        0.510700E-01   -0.955000    
    0.258743E-01    0.301863       -0.953000    
    0.309190        0.628078E-03   -0.951000    
    0.282012E-01   -0.314012       -0.949000    
   -0.316209       -0.565955E-01   -0.947000    
   -0.855503E-01    0.315684       -0.945000    
    0.312367        0.114796       -0.943000    
    0.144055       -0.306214       -0.941000    
   -0.297210       -0.173047       -0.939000    
   -0.201490        0.285365       -0.937000    
    0.270716        0.229102       -0.935000    
    0.255606       -0.253331       -0.933000    
   -0.233301       -0.280730       -0.931000    
   -0.304212        0.210747       -0.929000    
    0.185812        0.325799       -0.927000    
    0.345254       -0.158666       -0.925000    
   -0.129501       -0.362354       -0.923000    
   -0.376896        0.985303E-01   -0.921000    
    0.659884E-01    0.388696       -0.919000    
    0.397591       -0.321266E-01   -0.917000    
    0.278771E-02   -0.403444       -0.915000    
   -0.406141       -0.384734E-01   -0.913000    
   -0.746380E-01    0.405596       -0.911000    
    0.401749        0.110981       -0.909000    
    0.147194       -0.394569       -0.907000    
   -0.384055       -0.182967       -0.905000    
   -0.217988        0.370232       -0.903000    
    0.353159        0.251948       -0.901000    
    0.284542       -0.332919       -0.899000    
   -0.309627       -0.315471       -0.897000    
   -0.344449        0.283425       -0.895000    
    0.254483        0.371200       -0.893000    
    0.395465       -0.222995       -0.891000    
   -0.189180       -0.417001       -0.889000    
   -0.435587        0.153281       -0.887000    
    0.115561        0.451022       -0.885000    
    0.463130       -0.763024E-01   -0.883000    
   -0.358041E-01   -0.471760       -0.881000    
   -0.476789       -0.562062E-02   -0.879000    
   -0.476465E-01    0.478122       -0.877000    
    0.475695        0.899391E-01   -0.875000    
    0.132157       -0.469474       -0.873000    
   -0.459454       -0.173957       -0.871000    
   -0.214992        0.445665       -0.869000    
    0.428167        0.254920       -0.867000    
    0.293402       -0.407050       -0.865000    
   -0.382439       -0.330108       -0.863000    
   -0.364718        0.354485       -0.861000    
    0.323371        0.396926       -0.859000    
    0.426442       -0.289307       -0.857000    
   -0.252530       -0.452994       -0.855000    
   -0.476334        0.213301       -0.853000    
    0.171906        0.496233       -0.851000    
    0.512492       -0.128650       -0.849000    
   -0.838572E-01   -0.524937       -0.847000    
   -0.533424        0.378678E-01   -0.845000    
   -0.896459E-02    0.537839       -0.843000    
    0.538100        0.562759E-01   -0.841000    
    0.103694       -0.534160       -0.839000    
   -0.526001       -0.150843       -0.837000    
   -0.197345        0.513644       -0.835000    
    0.497141        0.242821       -0.833000    
    0.286901       -0.476578       -0.831000    
   -0.452076       -0.329220       -0.829000    
   -0.369423        0.423789       -0.827000    
    0.391902        0.407170       -0.825000    
    0.442138       -0.356630       -0.823000    
   -0.318220       -0.474020       -0.821000    
   -0.502535        0.276943       -0.819000    
    0.233097        0.527424       -0.817000    
    0.548456       -0.187006       -0.815000    
   -0.139010       -0.565427       -0.813000    
   -0.578164        0.894699E-01   -0.811000    
    0.387631E-01    0.586529       -0.809000    
    0.590414        0.127222E-01   -0.807000    
    0.645874E-01   -0.589749       -0.805000    
   -0.584496       -0.116428       -0.803000    
   -0.167835        0.574657       -0.801000    
    0.560268        0.218400       -0.799000    
    0.267720       -0.541403       -0.797000    
   -0.518171       -0.315395       -0.795000    
   -0.361037        0.490717       -0.793000    
    0.459222        0.404270       -0.791000    
    0.444735       -0.423898       -0.789000    
   -0.384991       -0.482092       -0.787000    
   -0.516022        0.342777       -0.785000    
    0.297559        0.546232       -0.783000    
    0.572455       -0.249668       -0.781000    
   -0.199458       -0.594454       -0.779000    
   -0.612024        0.147303       -0.777000    
    0.935968E-01    0.624992       -0.775000    
    0.633222       -0.387474E-01   -0.773000    
    0.168250E-01   -0.636613       -0.771000    
   -0.635102       -0.726914E-01   -0.769000    
   -0.128417        0.628665       -0.767000    
    0.617315        0.183566       -0.765000    
    0.237704       -0.601106       -0.763000    
   -0.580127       -0.290399       -0.761000    
   -0.341231        0.554509       -0.759000    
    0.524419        0.389789       -0.757000    
    0.435679       -0.490060       -0.755000    
   -0.451670       -0.478524       -0.753000    
   -0.517969        0.409520       -0.751000    
    0.363914        0.553684       -0.749000    
    0.585364       -0.315183       -0.747000    
   -0.263686       -0.612736       -0.745000    
   -0.635557        0.209805       -0.743000    
    0.153945        0.653621       -0.741000    
    0.666754       -0.965278E-01   -0.739000    
   -0.379897E-01   -0.674824       -0.737000    
   -0.677735       -0.212208E-01   -0.735000    
   -0.806473E-01    0.675431       -0.733000    
    0.667897        0.139829       -0.731000    
    0.198304       -0.655160       -0.729000    
   -0.637286       -0.255613       -0.727000    
   -0.311304        0.614382       -0.725000    
    0.586596        0.364933       -0.723000    
    0.416073       -0.554114       -0.721000    
   -0.517161       -0.464310       -0.719000    
   -0.509252        0.475997       -0.717000    
    0.430917        0.550532       -0.715000    
    0.587807       -0.382248       -0.713000    
   -0.330348       -0.620765       -0.711000    
   -0.649125        0.275600       -0.709000    
    0.218414        0.672641       -0.707000    
    0.691104       -0.159219       -0.705000    
   -0.984638E-01   -0.704341       -0.703000    
   -0.712221        0.366105E-01   -0.701000    
   -0.258671E-01    0.714654       -0.699000    
    0.711590        0.884877E-01   -0.697000    
    0.150767       -0.703025       -0.695000    
   -0.688995       -0.212219       -0.693000    
   -0.272365        0.669579       -0.691000    
    0.644900        0.330731       -0.689000    
    0.386855       -0.615122       -0.687000    
   -0.580448       -0.440290       -0.685000    
   -0.490610        0.541122       -0.683000    
    0.497425        0.537408       -0.681000    
    0.580305       -0.449673       -0.679000    
   -0.398216       -0.618947       -0.677000    
   -0.653015        0.343433       -0.675000    
    0.285733        0.682223       -0.673000    
    0.706320       -0.225547       -0.671000    
   -0.163329       -0.725095       -0.669000    
   -0.738377        0.995519E-01   -0.667000    
    0.347006E-01    0.746037       -0.665000    
    0.747988        0.307280E-01   -0.663000    
    0.962303E-01   -0.744190       -0.661000    
   -0.734644       -0.161300       -0.659000    
   -0.225432        0.719397       -0.657000    
    0.698541        0.288125       -0.655000    
    0.348889       -0.672211       -0.653000    
   -0.640587       -0.407244       -0.651000    
   -0.462729        0.603888       -0.649000    
    0.562376        0.514902       -0.647000    
    0.563344       -0.516351       -0.645000    
   -0.466148       -0.607665       -0.643000    
   -0.647505        0.412137       -0.641000    
    0.354718        0.682535       -0.639000    
    0.712465       -0.294322       -0.637000    
   -0.231401       -0.737040       -0.635000    
   -0.756050        0.166431       -0.633000    
    0.999055E-01    0.769323       -0.631000    
    0.776733       -0.323319E-01   -0.629000    
    0.357725E-01   -0.778197       -0.627000    
   -0.773682       -0.103884       -0.625000    
   -0.171476        0.763195       -0.623000    
    0.746795        0.238024       -0.621000    
    0.303012       -0.724585       -0.619000    
   -0.696711       -0.365930       -0.617000    
   -0.426285        0.663367       -0.615000    
    0.624789        0.483600       -0.613000    
    0.537422       -0.581254       -0.611000    
   -0.533079       -0.587321       -0.609000    
   -0.632897        0.480617       -0.607000    
    0.424257        0.673781       -0.605000    
    0.709640       -0.364419       -0.603000    
   -0.301552       -0.740179       -0.601000    
   -0.765142        0.236129       -0.599000    
    0.168646        0.784315       -0.597000    
    0.797529       -0.996146E-01   -0.595000    
   -0.295629E-01   -0.804660       -0.593000    
   -0.805630       -0.409728E-01   -0.591000    
   -0.111450        0.800411       -0.589000    
    0.789020        0.181326       -0.587000    
    0.250058       -0.771522       -0.585000    
   -0.748031       -0.317113       -0.583000    
   -0.381968        0.718707       -0.581000    
    0.683755        0.444114       -0.579000    
    0.503064       -0.643426       -0.577000    
   -0.598012       -0.558352       -0.575000    
   -0.609538        0.547845       -0.573000    
    0.493296        0.656215       -0.571000    
    0.698007       -0.434771       -0.569000    
   -0.372707       -0.734575       -0.567000    
   -0.765621        0.307571       -0.565000    
    0.239855        0.790886       -0.563000    
    0.810157       -0.170072       -0.561000    
   -0.987530E-01   -0.823266       -0.559000    
   -0.830091        0.264431E-01   -0.557000    
   -0.463040E-01    0.830561       -0.555000    
    0.824650        0.118929       -0.553000    
    0.190872       -0.812383       -0.551000    
   -0.793837       -0.261577       -0.549000    
   -0.330494        0.769132       -0.547000    
    0.738442        0.397088       -0.545000    
    0.460838       -0.701983       -0.543000    
   -0.660018       -0.521244       -0.541000    
   -0.577831        0.612854       -0.539000    
    0.560839        0.630151       -0.537000    
    0.677789       -0.504358       -0.535000    
   -0.443833       -0.720363       -0.533000    
   -0.757531        0.379719       -0.531000    
    0.312497        0.788989       -0.529000    
    0.814480       -0.242678       -0.527000    
   -0.170790       -0.833790       -0.525000    
   -0.846751        0.973824E-01   -0.523000    
    0.230147E-01    0.853246       -0.521000    
    0.853207        0.517428E-01   -0.519000    
    0.126316       -0.846614       -0.517000    
   -0.833501       -0.200129       -0.515000    
   -0.272613        0.813949       -0.513000    
    0.788092        0.343205       -0.511000    
    0.411357       -0.756111       -0.509000    
   -0.718236       -0.476538       -0.507000    
   -0.538237        0.674741       -0.505000    
    0.625947        0.595971       -0.503000    
    0.649284       -0.572215       -0.501000    
   -0.513945       -0.697754       -0.499000    
   -0.740995        0.451573       -0.497000    
    0.385569        0.778660       -0.495000    
    0.810446       -0.316431       -0.493000    
   -0.244683       -0.836092       -0.491000    
   -0.855384        0.170870       -0.489000    
    0.955557E-01    0.868159       -0.487000    
    0.874301       -0.193149E-01   -0.485000    
    0.572678E-01   -0.873746       -0.483000    
   -0.866481       -0.133604       -0.481000    
   -0.209106        0.852545       -0.479000    
    0.832030        0.283190       -0.477000    
    0.355284       -0.805077       -0.475000    
   -0.771876       -0.424827       -0.473000    
   -0.491279        0.732669       -0.471000    
    0.687743        0.554120       -0.469000    
    0.612859       -0.637429       -0.467000    
   -0.582101       -0.667033       -0.465000    
   -0.716216        0.522174       -0.463000    
    0.458096        0.760018       -0.461000    
    0.798088       -0.390352       -0.459000    
   -0.319454       -0.830120       -0.457000    
   -0.855855        0.245940       -0.455000    
    0.170370        0.875080       -0.453000    
    0.887632       -0.933187E-01   -0.451000    
   -0.153769E-01   -0.893399       -0.449000    
   -0.892323       -0.628585E-01   -0.447000    
   -0.140786        0.884395       -0.445000    
    0.869661        0.217807       -0.443000    
    0.293326       -0.848221       -0.441000    
   -0.820224       -0.366759       -0.439000    
   -0.437537        0.785870       -0.437000    
    0.745411        0.505111       -0.435000    
    0.568953       -0.699145       -0.433000    
   -0.647414       -0.628565       -0.431000    
   -0.683480        0.590605       -0.429000    
    0.529144        0.733265       -0.427000    
    0.777527       -0.463494       -0.425000    
   -0.394151       -0.815914       -0.423000    
   -0.848120        0.321640       -0.421000    
    0.246512        0.873883       -0.419000    
    0.892992       -0.169340       -0.417000    
   -0.907121E-01   -0.905288       -0.415000    
   -0.910662        0.112306E-01   -0.413000    
   -0.684957E-01    0.909058       -0.411000    
    0.900477        0.147854       -0.409000    
    0.226234       -0.884968       -0.407000    
   -0.862640       -0.303031       -0.405000    
   -0.377653        0.833648       -0.403000    
    0.798205        0.449520       -0.401000    
    0.518075       -0.756569       -0.399000    
   -0.709050       -0.582786       -0.397000    
   -0.643148        0.656000       -0.395000    
    0.597818        0.698688       -0.393000    
    0.748971       -0.534941       -0.391000    
   -0.467844       -0.793600       -0.389000    
   -0.832223        0.397034       -0.387000    
    0.323049        0.864531       -0.385000    
    0.890266       -0.246451       -0.383000    
   -0.167826       -0.909216       -0.381000    
   -0.921225        0.877721E-01   -0.379000    
    0.690335E-02    0.926188       -0.377000    
    0.924054        0.741606E-01   -0.375000    
    0.154797       -0.914827       -0.373000    
   -0.898567       -0.234386       -0.371000    
   -0.312314        0.875385       -0.369000    
    0.845448        0.387980       -0.367000    
    0.460797       -0.808975       -0.365000    
   -0.766235       -0.530203       -0.363000    
   -0.595658        0.717545       -0.361000    
    0.663270        0.656652       -0.359000    
    0.712709       -0.603818       -0.357000    
   -0.539637       -0.763392       -0.355000    
   -0.808301        0.471212       -0.353000    
    0.399062        0.847083       -0.351000    
    0.879429       -0.323735       -0.349000    
   -0.245805       -0.905081       -0.347000    
   -0.923831        0.165867       -0.345000    
    0.845314E-01    0.935524       -0.343000    
    0.940060       -0.242073E-02   -0.341000    
    0.798353E-01   -0.937393       -0.339000    
   -0.927532       -0.161605       -0.337000    
   -0.242260        0.910541       -0.335000    
    0.886541        0.321178       -0.333000    
    0.397752       -0.855706       -0.331000    
   -0.818261       -0.471389       -0.329000    
   -0.541519        0.774486       -0.327000    
    0.724706        0.607598       -0.325000    
    0.669114       -0.669296       -0.323000    
   -0.608673       -0.725587       -0.321000    
   -0.776576        0.543294       -0.319000    
    0.473657        0.821682       -0.317000    
    0.860549       -0.400288       -0.315000    
   -0.323746       -0.892871       -0.313000    
   -0.918391        0.244616       -0.311000    
    0.163500        0.936903       -0.309000    
    0.948255       -0.810201E-01   -0.307000    
    0.219347E-02   -0.952350       -0.305000    
   -0.949147       -0.855022E-01   -0.303000    
   -0.168267        0.938661       -0.301000    
    0.920964        0.249850       -0.299000    
    0.329625       -0.896180       -0.297000    
   -0.864492       -0.406976       -0.295000    
   -0.481306        0.826133       -0.293000    
    0.781390        0.552041       -0.291000    
    0.618632       -0.730598       -0.289000    
   -0.674139       -0.680564       -0.287000    
   -0.737354        0.612441       -0.285000    
    0.545969        0.788561       -0.283000    
    0.833784       -0.475229       -0.281000    
   -0.400759       -0.872669       -0.279000    
   -0.904909        0.323125       -0.277000    
    0.242921        0.930250       -0.275000    
    0.948487       -0.160758       -0.273000    
   -0.772658E-01   -0.959473       -0.271000    
   -0.963115       -0.691675E-02   -0.269000    
   -0.911439E-01    0.959377       -0.267000    
    0.948278        0.174769       -0.265000    
    0.257150       -0.929895       -0.263000    
   -0.904362       -0.337652       -0.261000    
   -0.415655        0.871866       -0.259000    
    0.832649        0.490558       -0.257000    
    0.561783       -0.787004       -0.255000    
   -0.735276       -0.628777       -0.253000    
   -0.691024        0.677854       -0.251000    
    0.615173        0.748038       -0.249000    
    0.799378       -0.547709       -0.247000    
   -0.475975       -0.844644       -0.245000    
   -0.883480        0.400517       -0.243000    
    0.321910        0.915584       -0.241000    
    0.940700       -0.240754       -0.239000    
   -0.157670       -0.958630       -0.237000    
   -0.969228        0.732943E-01   -0.235000    
   -0.117276E-01    0.972406       -0.233000    
    0.968132        0.967434E-01   -0.231000    
    0.181101       -0.956432       -0.229000    
   -0.937387       -0.264151       -0.227000    
   -0.345256        0.911139       -0.225000    
    0.877880        0.423791       -0.223000    
    0.499150       -0.837859       -0.221000    
   -0.791378       -0.570753       -0.219000    
   -0.638047        0.738788       -0.217000    
    0.680486        0.700510       -0.215000    
    0.757660       -0.616914       -0.213000    
   -0.548557       -0.809052       -0.211000    
   -0.854287        0.475933       -0.209000    
    0.399598        0.893013       -0.207000    
    0.924927       -0.320133       -0.205000    
   -0.238147       -0.949777       -0.203000    
   -0.967368        0.154265       -0.201000    
    0.691299E-01    0.977558       -0.199000    
    0.980263        0.166054E-01   -0.197000    
    0.102284       -0.975455       -0.195000    
   -0.963166       -0.187247       -0.193000    
   -0.270844        0.943484       -0.191000    
    0.916554        0.352431       -0.189000    
    0.431380       -0.882577       -0.187000    
   -0.841809       -0.507083       -0.185000    
   -0.578958        0.794556       -0.183000    
    0.741177        0.646449       -0.181000    
    0.709035       -0.682076       -0.179000    
   -0.617704       -0.766233       -0.177000    
   -0.817599        0.548549       -0.175000    
    0.475140        0.862736       -0.173000    
    0.901291       -0.398037       -0.171000    
   -0.317828       -0.932965       -0.169000    
   -0.957511        0.235127       -0.167000    
    0.150567        0.974733       -0.165000    
    0.984496       -0.647955E-01   -0.163000    
    0.215301E-01   -0.986720       -0.161000    
   -0.981381       -0.107748       -0.159000    
   -0.193196        0.968518       -0.157000    
    0.948222        0.277218       -0.155000    
    0.359169       -0.920646       -0.153000    
   -0.885996       -0.438418       -0.151000    
   -0.514356        0.844533       -0.149000    
    0.796573        0.586398       -0.147000    
    0.653989       -0.742478       -0.145000    
   -0.682660       -0.716607       -0.143000    
   -0.773770        0.617576       -0.141000    
    0.547720        0.825034       -0.139000    
    0.870005       -0.473627       -0.137000    
   -0.395862       -0.908333       -0.135000    
   -0.939720        0.315021       -0.133000    
    0.231721        0.963921       -0.131000    
    0.980748       -0.146601       -0.129000    
   -0.603129E-01   -0.990067       -0.127000    
   -0.991803       -0.264822E-01   -0.125000    
   -0.113118        0.985939       -0.123000    
    0.972515        0.198931       -0.121000    
    0.283261       -0.951631       -0.119000    
   -0.923444       -0.365461       -0.117000    
   -0.444899        0.888167       -0.115000    
    0.846066        0.520964       -0.113000    
    0.593072       -0.797461       -0.111000    
   -0.742723       -0.660667       -0.109000    
   -0.723229        0.682269       -0.107000    
    0.616560        0.780274       -0.105000    
    0.831365       -0.546098       -0.103000    
   -0.471422       -0.876105       -0.101000    
   -0.914150        0.393102       -0.990000E-01
    0.311738        0.945204       -0.970000E-01
    0.969026       -0.227954       -0.950000E-01
   -0.142390       -0.985432       -0.930000E-01
   -0.994292        0.557032E-01   -0.910000E-01
   -0.314425E-01    0.995535       -0.890000E-01
    0.989150        0.118378       -0.870000E-01
    0.204438       -0.975182       -0.850000E-01
   -0.953736       -0.288960       -0.830000E-01
   -0.371296        0.924975       -0.810000E-01
    0.889115        0.450813       -0.790000E-01
    0.526901       -0.846431       -0.770000E-01
   -0.797247       -0.598975       -0.750000E-01
   -0.666481        0.741939       -0.730000E-01
    0.680929        0.728899       -0.710000E-01
    0.785750       -0.614684       -0.690000E-01
   -0.543710       -0.836595       -0.670000E-01
   -0.881042        0.468550       -0.650000E-01
    0.389781        0.918750       -0.630000E-01
    0.949427       -0.308004       -0.610000E-01
   -0.223847       -0.972837       -0.590000E-01
   -0.988797        0.137955       -0.570000E-01
    0.509867E-01    0.997184       -0.550000E-01
    0.997931        0.363920E-01   -0.530000E-01
    0.123510       -0.991032       -0.510000E-01
   -0.976537       -0.209700       -0.490000E-01
   -0.294300        0.954557       -0.470000E-01
    0.925258        0.376661       -0.450000E-01
    0.456150       -0.888863       -0.430000E-01
   -0.845652       -0.532158       -0.410000E-01
   -0.604100        0.795953       -0.390000E-01
    0.740148        0.671425       -0.370000E-01
    0.733615       -0.678663       -0.350000E-01
   -0.611970       -0.790193       -0.330000E-01
   -0.840723        0.540578       -0.310000E-01
    0.465035        0.884817       -0.290000E-01
    0.922137       -0.385920       -0.270000E-01
   -0.303840       -0.952395       -0.250000E-01
   -0.975359        0.219423       -0.230000E-01
    0.133318        0.990851       -0.210000E-01
    0.998752       -0.461831E-01   -0.190000E-01
    0.413119E-01   -0.999002       -0.170000E-01
   -0.991597       -0.128496       -0.150000E-01
   -0.214701        0.976593       -0.130000E-01
    0.954106        0.299266       -0.110000E-01
    0.381541       -0.924308       -0.900000E-02
   -0.887427       -0.460896       -0.700000E-02
   -0.536721        0.843745       -0.500000E-02
    0.793597        0.608436       -0.300000E-02
    0.675490       -0.737369       -0.100000E-02
   -0.675490       -0.737369        0.100000E-02
   -0.793597        0.608436        0.300000E-02
    0.536721        0.843745        0.500000E-02
    0.887427       -0.460896        0.700000E-02
   -0.381541       -0.924308        0.900000E-02
   -0.954106        0.299266        0.110000E-01
    0.214701        0.976593        0.130000E-01
    0.991597       -0.128496        0.150000E-01
   -0.413119E-01   -0.999002        0.170000E-01
   -0.998752       -0.461831E-01    0.190000E-01
   -0.133318        0.990851        0.210000E-01
    0.975359        0.219423        0.230000E-01
    0.303840       -0.952395        0.250000E-01
   -0.922137       -0.385920        0.270000E-01
   -0.465035        0.884817        0.290000E-01
    0.840723        0.540578        0.310000E-01
    0.611970       -0.790193        0.330000E-01
   -0.733615       -0.678663        0.350000E-01
   -0.740148        0.671425        0.370000E-01
    0.604100        0.795953        0.390000E-01
    0.845652       -0.532158        0.410000E-01
   -0.456150       -0.888863        0.430000E-01
   -0.925258        0.376661        0.450000E-01
    0.294300        0.954557        0.470000E-01
    0.976537       -0.209700        0.490000E-01
   -0.123510       -0.991032        0.510000E-01
   -0.997931        0.363920E-01    0.530000E-01
   -0.509867E-01    0.997184        0.550000E-01
    0.988797        0.137955        0.570000E-01
    0.223847       -0.972837        0.590000E-01
   -0.949427       -0.308004        0.610000E-01
   -0.389781        0.918750        0.630000E-01
    0.881042        0.468550        0.650000E-01
    0.543710       -0.836595        0.670000E-01
   -0.785750       -0.614684        0.690000E-01
   -0.680929        0.728899        0.710000E-01
    0.666481        0.741939        0.730000E-01
    0.797247       -0.598975        0.750000E-01
   -0.526901       -0.846431        0.770000E-01
   -0.889115        0.450813        0.790000E-01
    0.371296        0.924975        0.810000E-01
    0.953736       -0.288960        0.830000E-01
   -0.204438       -0.975182        0.850000E-01
   -0.989150        0.118378        0.870000E-01
    0.314425E-01    0.995535        0.890000E-01
    0.994292        0.557032E-01    0.910000E-01
    0.142390       -0.985432        0.930000E-01
   -0.969026       -0.227954        0.950000E-01
   -0.311738        0.945204        0.970000E-01
    0.914150        0.393102        0.990000E-01
    0.471422       -0.876105        0.101000    
   -0.831365       -0.546098        0.103000    
   -0.616560        0.780274        0.105000    
    0.723229        0.682269        0.107000    
    0.742723       -0.660667        0.109000    
   -0.593072       -0.797461        0.111000    
   -0.846066        0.520964        0.113000    
    0.444899        0.888167        0.115000    
    0.923444       -0.365461        0.117000    
   -0.283261       -0.951631        0.119000    
   -0.972515        0.198931        0.121000    
    0.113118        0.985939        0.123000    
    0.991803       -0.264822E-01    0.125000    
    0.603129E-01   -0.990067        0.127000    
   -0.980748       -0.146601        0.129000    
   -0.231721        0.963921        0.131000    
    0.939720        0.315021        0.133000    
    0.395862       -0.908333        0.135000    
   -0.870005       -0.473627        0.137000    
   -0.547720        0.825034        0.139000    
    0.773770        0.617576        0.141000    
    0.682660       -0.716607        0.143000    
   -0.653989       -0.742478        0.145000    
   -0.796573        0.586398        0.147000    
    0.514356        0.844533        0.149000    
    0.885996       -0.438418        0.151000    
   -0.359169       -0.920646        0.153000    
   -0.948222        0.277218        0.155000    
    0.193196        0.968518        0.157000    
    0.981381       -0.107748        0.159000    
   -0.215301E-01   -0.986720        0.161000    
   -0.984496       -0.647955E-01    0.163000    
   -0.150567        0.974733        0.165000    
    0.957511        0.235127        0.167000    
    0.317828       -0.932965        0.169000    
   -0.901291       -0.398037        0.171000    
   -0.475140        0.862736        0.173000    
    0.817599        0.548549        0.175000    
    0.617704       -0.766233        0.177000    
   -0.709035       -0.682076        0.179000    
   -0.741177        0.646449        0.181000    
    0.578958        0.794556        0.183000    
    0.841809       -0.507083        0.185000    
   -0.431380       -0.882577        0.187000    
   -0.916554        0.352431        0.189000    
    0.270844        0.943484        0.191000    
    0.963166       -0.187247        0.193000    
   -0.102284       -0.975455        0.195000    
   -0.980263        0.166054E-01    0.197000    
   -0.691299E-01    0.977558        0.199000    
    0.967368        0.154265        0.201000    
    0.238147       -0.949777        0.203000    
   -0.924927       -0.320133        0.205000    
   -0.399598        0.893013        0.207000    
    0.854287        0.475933        0.209000    
    0.548557       -0.809052        0.211000    
   -0.757660       -0.616914        0.213000    
   -0.680486        0.700510        0.215000    
    0.638047        0.738788        0.217000    
    0.791378       -0.570753        0.219000    
   -0.499150       -0.837859        0.221000    
   -0.877880        0.423791        0.223000    
    0.345256        0.911139        0.225000    
    0.937387       -0.264151        0.227000    
   -0.181101       -0.956432        0.229000    
   -0.968132        0.967434E-01    0.231000    
    0.117276E-01    0.972406        0.233000    
    0.969228        0.732943E-01    0.235000    
    0.157670       -0.958630        0.237000    
   -0.940700       -0.240754        0.239000    
   -0.321910        0.915584        0.241000    
    0.883480        0.400517        0.243000    
    0.475975       -0.844644        0.245000    
   -0.799378       -0.547709        0.247000    
   -0.615173        0.748038        0.249000    
    0.691024        0.677854        0.251000    
    0.735276       -0.628777        0.253000    
   -0.561783       -0.787004        0.255000    
   -0.832649        0.490558        0.257000    
    0.415655        0.871866        0.259000    
    0.904362       -0.337652        0.261000    
   -0.257150       -0.929895        0.263000    
   -0.948278        0.174769        0.265000    
    0.911439E-01    0.959377        0.267000    
    0.963115       -0.691675E-02    0.269000    
    0.772658E-01   -0.959473        0.271000    
   -0.948487       -0.160758        0.273000    
   -0.242921        0.930250        0.275000    
    0.904909        0.323125        0.277000    
    0.400759       -0.872669        0.279000    
   -0.833784       -0.475229        0.281000    
   -0.545969        0.788561        0.283000    
    0.737354        0.612441        0.285000    
    0.674139       -0.680564        0.287000    
   -0.618632       -0.730598        0.289000    
   -0.781390        0.552041        0.291000    
    0.481306        0.826133        0.293000    
    0.864492       -0.406976        0.295000    
   -0.329625       -0.896180        0.297000    
   -0.920964        0.249850        0.299000    
    0.168267        0.938661        0.301000    
    0.949147       -0.855022E-01    0.303000    
   -0.219347E-02   -0.952350        0.305000    
   -0.948255       -0.810201E-01    0.307000    
   -0.163500        0.936903        0.309000    
    0.918391        0.244616        0.311000    
    0.323746       -0.892871        0.313000    
   -0.860549       -0.400288        0.315000    
   -0.473657        0.821682        0.317000    
    0.776576        0.543294        0.319000    
    0.608673       -0.725587        0.321000    
   -0.669114       -0.669296        0.323000    
   -0.724706        0.607598        0.325000    
    0.541519        0.774486        0.327000    
    0.818261       -0.471389        0.329000    
   -0.397752       -0.855706        0.331000    
   -0.886541        0.321178        0.333000    
    0.242260        0.910541        0.335000    
    0.927532       -0.161605        0.337000    
   -0.798353E-01   -0.937393        0.339000    
   -0.940060       -0.242073E-02    0.341000    
   -0.845314E-01    0.935524        0.343000    
    0.923831        0.165867        0.345000    
    0.245805       -0.905081        0.347000    
   -0.879429       -0.323735        0.349000    
   -0.399062        0.847083        0.351000    
    0.808301        0.471212        0.353000    
    0.539637       -0.763392        0.355000    
   -0.712709       -0.603818        0.357000    
   -0.663270        0.656652        0.359000    
    0.595658        0.717545        0.361000    
    0.766235       -0.530203        0.363000    
   -0.460797       -0.808975        0.365000    
   -0.845448        0.387980        0.367000    
    0.312314        0.875385        0.369000    
    0.898567       -0.234386        0.371000    
   -0.154797       -0.914827        0.373000    
   -0.924054        0.741606E-01    0.375000    
   -0.690335E-02    0.926188        0.377000    
    0.921225        0.877721E-01    0.379000    
    0.167826       -0.909216        0.381000    
   -0.890266       -0.246451        0.383000    
   -0.323049        0.864531        0.385000    
    0.832223        0.397034        0.387000    
    0.467844       -0.793600        0.389000    
   -0.748971       -0.534941        0.391000    
   -0.597818        0.698688        0.393000    
    0.643148        0.656000        0.395000    
    0.709050       -0.582786        0.397000    
   -0.518075       -0.756569        0.399000    
   -0.798205        0.449520        0.401000    
    0.377653        0.833648        0.403000    
    0.862640       -0.303031        0.405000    
   -0.226234       -0.884968        0.407000    
   -0.900477        0.147854        0.409000    
    0.684957E-01    0.909058        0.411000    
    0.910662        0.112306E-01    0.413000    
    0.907121E-01   -0.905288        0.415000    
   -0.892992       -0.169340        0.417000    
   -0.246512        0.873883        0.419000    
    0.848120        0.321640        0.421000    
    0.394151       -0.815914        0.423000    
   -0.777527       -0.463494        0.425000    
   -0.529144        0.733265        0.427000    
    0.683480        0.590605        0.429000    
    0.647414       -0.628565        0.431000    
   -0.568953       -0.699145        0.433000    
   -0.745411        0.505111        0.435000    
    0.437537        0.785870        0.437000    
    0.820224       -0.366759        0.439000    
   -0.293326       -0.848221        0.441000    
   -0.869661        0.217807        0.443000    
    0.140786        0.884395        0.445000    
    0.892323       -0.628585E-01    0.447000    
    0.153769E-01   -0.893399        0.449000    
   -0.887632       -0.933187E-01    0.451000    
   -0.170370        0.875080        0.453000    
    0.855855        0.245940        0.455000    
    0.319454       -0.830120        0.457000    
   -0.798088       -0.390352        0.459000    
   -0.458096        0.760018        0.461000    
    0.716216        0.522174        0.463000    
    0.582101       -0.667033        0.465000    
   -0.612859       -0.637429        0.467000    
   -0.687743        0.554120        0.469000    
    0.491279        0.732669        0.471000    
    0.771876       -0.424827        0.473000    
   -0.355284       -0.805077        0.475000    
   -0.832030        0.283190        0.477000    
    0.209106        0.852545        0.479000    
    0.866481       -0.133604        0.481000    
   -0.572678E-01   -0.873746        0.483000    
   -0.874301       -0.193149E-01    0.485000    
   -0.955557E-01    0.868159        0.487000    
    0.855384        0.170870        0.489000    
    0.244683       -0.836092        0.491000    
   -0.810446       -0.316431        0.493000    
   -0.385569        0.778660        0.495000    
    0.740995        0.451573        0.497000    
    0.513945       -0.697754        0.499000    
   -0.649284       -0.572215        0.501000    
   -0.625947        0.595971        0.503000    
    0.538237        0.674741        0.505000    
    0.718236       -0.476538        0.507000    
   -0.411357       -0.756111        0.509000    
   -0.788092        0.343205        0.511000    
    0.272613        0.813949        0.513000    
    0.833501       -0.200129        0.515000    
   -0.126316       -0.846614        0.517000    
   -0.853207        0.517428E-01    0.519000    
   -0.230147E-01    0.853246        0.521000    
    0.846751        0.973824E-01    0.523000    
    0.170790       -0.833790        0.525000    
   -0.814480       -0.242678        0.527000    
   -0.312497        0.788989        0.529000    
    0.757531        0.379719        0.531000    
    0.443833       -0.720363        0.533000    
   -0.677789       -0.504358        0.535000    
   -0.560839        0.630151        0.537000    
    0.577831        0.612854        0.539000    
    0.660018       -0.521244        0.541000    
   -0.460838       -0.701983        0.543000    
   -0.738442        0.397088        0.545000    
    0.330494        0.769132        0.547000    
    0.793837       -0.261577        0.549000    
   -0.190872       -0.812383        0.551000    
   -0.824650        0.118929        0.553000    
    0.463040E-01    0.830561        0.555000    
    0.830091        0.264431E-01    0.557000    
    0.987530E-01   -0.823266        0.559000    
   -0.810157       -0.170072        0.561000    
   -0.239855        0.790886        0.563000    
    0.765621        0.307571        0.565000    
    0.372707       -0.734575        0.567000    
   -0.698007       -0.434771        0.569000    
   -0.493296        0.656215        0.571000    
    0.609538        0.547845        0.573000    
    0.598012       -0.558352        0.575000    
   -0.503064       -0.643426        0.577000    
   -0.683755        0.444114        0.579000    
    0.381968        0.718707        0.581000    
    0.748031       -0.317113        0.583000    
   -0.250058       -0.771522        0.585000    
   -0.789020        0.181326        0.587000    
    0.111450        0.800411        0.589000    
    0.805630       -0.409728E-01    0.591000    
    0.295629E-01   -0.804660        0.593000    
   -0.797529       -0.996146E-01    0.595000    
   -0.168646        0.784315        0.597000    
    0.765142        0.236129        0.599000    
    0.301552       -0.740179        0.601000    
   -0.709640       -0.364419        0.603000    
   -0.424257        0.673781        0.605000    
    0.632897        0.480617        0.607000    
    0.533079       -0.587321        0.609000    
   -0.537422       -0.581254        0.611000    
   -0.624789        0.483600        0.613000    
    0.426285        0.663367        0.615000    
    0.696711       -0.365930        0.617000    
   -0.303012       -0.724585        0.619000    
   -0.746795        0.238024        0.621000    
    0.171476        0.763195        0.623000    
    0.773682       -0.103884        0.625000    
   -0.357725E-01   -0.778197        0.627000    
   -0.776733       -0.323319E-01    0.629000    
   -0.999055E-01    0.769323        0.631000    
    0.756050        0.166431        0.633000    
    0.231401       -0.737040        0.635000    
   -0.712465       -0.294322        0.637000    
   -0.354718        0.682535        0.639000    
    0.647505        0.412137        0.641000    
    0.466148       -0.607665        0.643000    
   -0.563344       -0.516351        0.645000    
   -0.562376        0.514902        0.647000    
    0.462729        0.603888        0.649000    
    0.640587       -0.407244        0.651000    
   -0.348889       -0.672211        0.653000    
   -0.698541        0.288125        0.655000    
    0.225432        0.719397        0.657000    
    0.734644       -0.161300        0.659000    
   -0.962303E-01   -0.744190        0.661000    
   -0.747988        0.307280E-01    0.663000    
   -0.347006E-01    0.746037        0.665000    
    0.738377        0.995519E-01    0.667000    
    0.163329       -0.725095        0.669000    
   -0.706320       -0.225547        0.671000    
   -0.285733        0.682223        0.673000    
    0.653015        0.343433        0.675000    
    0.398216       -0.618947        0.677000    
   -0.580305       -0.449673        0.679000    
   -0.497425        0.537408        0.681000    
    0.490610        0.541122        0.683000    
    0.580448       -0.440290        0.685000    
   -0.386855       -0.615122        0.687000    
   -0.644900        0.330731        0.689000    
    0.272365        0.669579        0.691000    
    0.688995       -0.212219        0.693000    
   -0.150767       -0.703025        0.695000    
   -0.711590        0.884877E-01    0.697000    
    0.258671E-01    0.714654        0.699000    
    0.712221        0.366105E-01    0.701000    
    0.984638E-01   -0.704341        0.703000    
   -0.691104       -0.159219        0.705000    
   -0.218414        0.672641        0.707000    
    0.649125        0.275600        0.709000    
    0.330348       -0.620765        0.711000    
   -0.587807       -0.382248        0.713000    
   -0.430917        0.550532        0.715000    
    0.509252        0.475997        0.717000    
    0.517161       -0.464310        0.719000    
   -0.416073       -0.554114        0.721000    
   -0.586596        0.364933        0.723000    
    0.311304        0.614382        0.725000    
    0.637286       -0.255613        0.727000    
   -0.198304       -0.655160        0.729000    
   -0.667897        0.139829        0.731000    
    0.806473E-01    0.675431        0.733000    
    0.677735       -0.212208E-01    0.735000    
    0.379897E-01   -0.674824        0.737000    
   -0.666754       -0.965278E-01    0.739000    
   -0.153945        0.653621        0.741000    
    0.635557        0.209805        0.743000    
    0.263686       -0.612736        0.745000    
   -0.585364       -0.315183        0.747000    
   -0.363914        0.553684        0.749000    
    0.517969        0.409520        0.751000    
    0.451670       -0.478524        0.753000    
   -0.435679       -0.490060        0.755000    
   -0.524419        0.389789        0.757000    
    0.341231        0.554509        0.759000    
    0.580127       -0.290399        0.761000    
   -0.237704       -0.601106        0.763000    
   -0.617315        0.183566        0.765000    
    0.128417        0.628665        0.767000    
    0.635102       -0.726914E-01    0.769000    
   -0.168250E-01   -0.636613        0.771000    
   -0.633222       -0.387474E-01    0.773000    
   -0.935968E-01    0.624992        0.775000    
    0.612024        0.147303        0.777000    
    0.199458       -0.594454        0.779000    
   -0.572455       -0.249668        0.781000    
   -0.297559        0.546232        0.783000    
    0.516022        0.342777        0.785000    
    0.384991       -0.482092        0.787000    
   -0.444735       -0.423898        0.789000    
   -0.459222        0.404270        0.791000    
    0.361037        0.490717        0.793000    
    0.518171       -0.315395        0.795000    
   -0.267720       -0.541403        0.797000    
   -0.560268        0.218400        0.799000    
    0.167835        0.574657        0.801000    
    0.584496       -0.116428        0.803000    
   -0.645874E-01   -0.589749        0.805000    
   -0.590414        0.127222E-01    0.807000    
   -0.387631E-01    0.586529        0.809000    
    0.578164        0.894699E-01    0.811000    
    0.139010       -0.565427        0.813000    
   -0.548456       -0.187006        0.815000    
   -0.233097        0.527424        0.817000    
    0.502535        0.276943        0.819000    
    0.318220       -0.474020        0.821000    
   -0.442138       -0.356630        0.823000    
   -0.391902        0.407170        0.825000    
    0.369423        0.423789        0.827000    
    0.452076       -0.329220        0.829000    
   -0.286901       -0.476578        0.831000    
   -0.497141        0.242821        0.833000    
    0.197345        0.513644        0.835000    
    0.526001       -0.150843        0.837000    
   -0.103694       -0.534160        0.839000    
   -0.538100        0.562759E-01    0.841000    
    0.896459E-02    0.537839        0.843000    
    0.533424        0.378678E-01    0.845000    
    0.838572E-01   -0.524937        0.847000    
   -0.512492       -0.128650        0.849000    
   -0.171906        0.496233        0.851000    
    0.476334        0.213301        0.853000    
    0.252530       -0.452994        0.855000    
   -0.426442       -0.289307        0.857000    
   -0.323371        0.396926        0.859000    
    0.364718        0.354485        0.861000    
    0.382439       -0.330108        0.863000    
   -0.293402       -0.407050        0.865000    
   -0.428167        0.254920        0.867000    
    0.214992        0.445665        0.869000    
    0.459454       -0.173957        0.871000    
   -0.132157       -0.469474        0.873000    
   -0.475695        0.899391E-01    0.875000    
    0.476465E-01    0.478122        0.877000    
    0.476789       -0.562062E-02    0.879000    
    0.358041E-01   -0.471760        0.881000    
   -0.463130       -0.763024E-01    0.883000    
   -0.115561        0.451022        0.885000    
    0.435587        0.153281        0.887000    
    0.189180       -0.417001        0.889000    
   -0.395465       -0.222995        0.891000    
   -0.254483        0.371200        0.893000    
    0.344449        0.283425        0.895000    
    0.309627       -0.315471        0.897000    
   -0.284542       -0.332919        0.899000    
   -0.353159        0.251948        0.901000    
    0.217988        0.370232        0.903000    
    0.384055       -0.182967        0.905000    
   -0.147194       -0.394569        0.907000    
   -0.401749        0.110981        0.909000    
    0.746380E-01    0.405596        0.911000    
    0.406141       -0.384734E-01    0.913000    
   -0.278771E-02   -0.403444        0.915000    
   -0.397591       -0.321266E-01    0.917000    
   -0.659884E-01    0.388696        0.919000    
    0.376896        0.985303E-01    0.921000    
    0.129501       -0.362354        0.923000    
   -0.345254       -0.158666        0.925000    
   -0.185812        0.325799        0.927000    
    0.304212        0.210747        0.929000    
    0.233301       -0.280730        0.931000    
   -0.255606       -0.253331        0.933000    
   -0.270716        0.229102        0.935000    
    0.201490        0.285365        0.937000    
    0.297210       -0.173047        0.939000    
   -0.144055       -0.306214        0.941000    
   -0.312367        0.114796        0.943000    
    0.855503E-01    0.315684        0.945000    
    0.316209       -0.565955E-01    0.947000    
   -0.282012E-01   -0.314012        0.949000    
   -0.309190        0.628078E-03    0.951000    
   -0.258743E-01    0.301863        0.953000    
    0.292176        0.510700E-01    0.955000    
    0.747388E-01   -0.280295        0.957000    
   -0.266406       -0.966783E-01    0.959000    
   -0.116705        0.250717        0.961000    
    0.233450        0.134656        0.963000    
    0.150392       -0.214843        0.965000    
   -0.195148       -0.163794        0.967000    
   -0.174770        0.174627        0.969000    
    0.153553        0.183250        0.971000    
    0.189190       -0.132205        0.973000    
   -0.110867       -0.192571        0.975000    
   -0.193395        0.898304E-01    0.977000    
    0.693865E-01    0.191689        0.979000    
    0.187499       -0.498316E-01    0.981000    
   -0.314659E-01   -0.180889        0.983000    
   -0.171936        0.145963E-01    0.985000    
   -0.457560E-03    0.160720        0.987000    
    0.147312        0.133511E-01    0.989000    
    0.236915E-01   -0.131749        0.991000    
   -0.113977       -0.309876E-01    0.993000    
   -0.345279E-01    0.937167E-01    0.995000    
    0.700116E-01    0.330058E-01    0.997000    
    0.225281E-01   -0.386198E-01    0.999000    
