     0.00000         0.00000       -0.795775E-01    -0.00000    
    0.500000E-01     0.00000       -0.785977E-01    -0.00000    
    0.100000         0.00000       -0.756827E-01    -0.00000    
    0.150000         0.00000       -0.709040E-01    -0.00000    
    0.200000         0.00000       -0.643795E-01    -0.00000    
    0.250000         0.00000       -0.562698E-01    -0.00000    
    0.300000         0.00000       -0.467745E-01    -0.00000    
    0.350000         0.00000       -0.361274E-01    -0.00000    
    0.400000         0.00000       -0.245908E-01    -0.00000    
    0.450000         0.00000       -0.124487E-01    -0.00000    
    0.500000         0.00000       -0.487271E-17    -0.00000    
    0.550000         0.00000        0.124487E-01    -0.00000    
    0.600000         0.00000        0.245908E-01    -0.00000    
    0.650000         0.00000        0.361274E-01    -0.00000    
    0.700000         0.00000        0.467745E-01    -0.00000    
    0.750000         0.00000        0.562698E-01    -0.00000    
    0.800000         0.00000        0.643795E-01    -0.00000    
    0.850000         0.00000        0.709040E-01    -0.00000    
    0.900000         0.00000        0.756827E-01    -0.00000    
    0.950000         0.00000        0.785977E-01    -0.00000    
     1.00000         0.00000        0.795775E-01    -0.00000    
     0.00000        0.500000E-01   -0.795775E-01    -0.00000    
    0.500000E-01    0.500000E-01   -0.785977E-01   -0.195543E-02
    0.100000        0.500000E-01   -0.756827E-01   -0.386271E-02
    0.150000        0.500000E-01   -0.709040E-01   -0.567488E-02
    0.200000        0.500000E-01   -0.643795E-01   -0.734732E-02
    0.250000        0.500000E-01   -0.562698E-01   -0.883883E-02
    0.300000        0.500000E-01   -0.467745E-01   -0.101127E-01
    0.350000        0.500000E-01   -0.361274E-01   -0.111376E-01
    0.400000        0.500000E-01   -0.245908E-01   -0.118882E-01
    0.450000        0.500000E-01   -0.124487E-01   -0.123461E-01
    0.500000        0.500000E-01   -0.487271E-17   -0.125000E-01
    0.550000        0.500000E-01    0.124487E-01   -0.123461E-01
    0.600000        0.500000E-01    0.245908E-01   -0.118882E-01
    0.650000        0.500000E-01    0.361274E-01   -0.111376E-01
    0.700000        0.500000E-01    0.467745E-01   -0.101127E-01
    0.750000        0.500000E-01    0.562698E-01   -0.883883E-02
    0.800000        0.500000E-01    0.643795E-01   -0.734732E-02
    0.850000        0.500000E-01    0.709040E-01   -0.567488E-02
    0.900000        0.500000E-01    0.756827E-01   -0.386271E-02
    0.950000        0.500000E-01    0.785977E-01   -0.195543E-02
     1.00000        0.500000E-01    0.795775E-01   -0.153081E-17
     0.00000        0.100000       -0.795775E-01    -0.00000    
    0.500000E-01    0.100000       -0.785977E-01   -0.391086E-02
    0.100000        0.100000       -0.756827E-01   -0.772542E-02
    0.150000        0.100000       -0.709040E-01   -0.113498E-01
    0.200000        0.100000       -0.643795E-01   -0.146946E-01
    0.250000        0.100000       -0.562698E-01   -0.176777E-01
    0.300000        0.100000       -0.467745E-01   -0.202254E-01
    0.350000        0.100000       -0.361274E-01   -0.222752E-01
    0.400000        0.100000       -0.245908E-01   -0.237764E-01
    0.450000        0.100000       -0.124487E-01   -0.246922E-01
    0.500000        0.100000       -0.487271E-17   -0.250000E-01
    0.550000        0.100000        0.124487E-01   -0.246922E-01
    0.600000        0.100000        0.245908E-01   -0.237764E-01
    0.650000        0.100000        0.361274E-01   -0.222752E-01
    0.700000        0.100000        0.467745E-01   -0.202254E-01
    0.750000        0.100000        0.562698E-01   -0.176777E-01
    0.800000        0.100000        0.643795E-01   -0.146946E-01
    0.850000        0.100000        0.709040E-01   -0.113498E-01
    0.900000        0.100000        0.756827E-01   -0.772542E-02
    0.950000        0.100000        0.785977E-01   -0.391086E-02
     1.00000        0.100000        0.795775E-01   -0.306162E-17
     0.00000        0.150000       -0.795775E-01    -0.00000    
    0.500000E-01    0.150000       -0.785977E-01   -0.586629E-02
    0.100000        0.150000       -0.756827E-01   -0.115881E-01
    0.150000        0.150000       -0.709040E-01   -0.170246E-01
    0.200000        0.150000       -0.643795E-01   -0.220419E-01
    0.250000        0.150000       -0.562698E-01   -0.265165E-01
    0.300000        0.150000       -0.467745E-01   -0.303381E-01
    0.350000        0.150000       -0.361274E-01   -0.334127E-01
    0.400000        0.150000       -0.245908E-01   -0.356646E-01
    0.450000        0.150000       -0.124487E-01   -0.370383E-01
    0.500000        0.150000       -0.487271E-17   -0.375000E-01
    0.550000        0.150000        0.124487E-01   -0.370383E-01
    0.600000        0.150000        0.245908E-01   -0.356646E-01
    0.650000        0.150000        0.361274E-01   -0.334127E-01
    0.700000        0.150000        0.467745E-01   -0.303381E-01
    0.750000        0.150000        0.562698E-01   -0.265165E-01
    0.800000        0.150000        0.643795E-01   -0.220419E-01
    0.850000        0.150000        0.709040E-01   -0.170246E-01
    0.900000        0.150000        0.756827E-01   -0.115881E-01
    0.950000        0.150000        0.785977E-01   -0.586629E-02
     1.00000        0.150000        0.795775E-01   -0.459243E-17
     0.00000        0.200000       -0.795775E-01    -0.00000    
    0.500000E-01    0.200000       -0.785977E-01   -0.782172E-02
    0.100000        0.200000       -0.756827E-01   -0.154508E-01
    0.150000        0.200000       -0.709040E-01   -0.226995E-01
    0.200000        0.200000       -0.643795E-01   -0.293893E-01
    0.250000        0.200000       -0.562698E-01   -0.353553E-01
    0.300000        0.200000       -0.467745E-01   -0.404508E-01
    0.350000        0.200000       -0.361274E-01   -0.445503E-01
    0.400000        0.200000       -0.245908E-01   -0.475528E-01
    0.450000        0.200000       -0.124487E-01   -0.493844E-01
    0.500000        0.200000       -0.487271E-17   -0.500000E-01
    0.550000        0.200000        0.124487E-01   -0.493844E-01
    0.600000        0.200000        0.245908E-01   -0.475528E-01
    0.650000        0.200000        0.361274E-01   -0.445503E-01
    0.700000        0.200000        0.467745E-01   -0.404508E-01
    0.750000        0.200000        0.562698E-01   -0.353553E-01
    0.800000        0.200000        0.643795E-01   -0.293893E-01
    0.850000        0.200000        0.709040E-01   -0.226995E-01
    0.900000        0.200000        0.756827E-01   -0.154508E-01
    0.950000        0.200000        0.785977E-01   -0.782172E-02
     1.00000        0.200000        0.795775E-01   -0.612323E-17
     0.00000        0.250000       -0.795775E-01    -0.00000    
    0.500000E-01    0.250000       -0.785977E-01   -0.977715E-02
    0.100000        0.250000       -0.756827E-01   -0.193136E-01
    0.150000        0.250000       -0.709040E-01   -0.283744E-01
    0.200000        0.250000       -0.643795E-01   -0.367366E-01
    0.250000        0.250000       -0.562698E-01   -0.441942E-01
    0.300000        0.250000       -0.467745E-01   -0.505636E-01
    0.350000        0.250000       -0.361274E-01   -0.556879E-01
    0.400000        0.250000       -0.245908E-01   -0.594410E-01
    0.450000        0.250000       -0.124487E-01   -0.617305E-01
    0.500000        0.250000       -0.487271E-17   -0.625000E-01
    0.550000        0.250000        0.124487E-01   -0.617305E-01
    0.600000        0.250000        0.245908E-01   -0.594410E-01
    0.650000        0.250000        0.361274E-01   -0.556879E-01
    0.700000        0.250000        0.467745E-01   -0.505636E-01
    0.750000        0.250000        0.562698E-01   -0.441942E-01
    0.800000        0.250000        0.643795E-01   -0.367366E-01
    0.850000        0.250000        0.709040E-01   -0.283744E-01
    0.900000        0.250000        0.756827E-01   -0.193136E-01
    0.950000        0.250000        0.785977E-01   -0.977715E-02
     1.00000        0.250000        0.795775E-01   -0.765404E-17
     0.00000        0.300000       -0.795775E-01    -0.00000    
    0.500000E-01    0.300000       -0.785977E-01   -0.117326E-01
    0.100000        0.300000       -0.756827E-01   -0.231763E-01
    0.150000        0.300000       -0.709040E-01   -0.340493E-01
    0.200000        0.300000       -0.643795E-01   -0.440839E-01
    0.250000        0.300000       -0.562698E-01   -0.530330E-01
    0.300000        0.300000       -0.467745E-01   -0.606763E-01
    0.350000        0.300000       -0.361274E-01   -0.668255E-01
    0.400000        0.300000       -0.245908E-01   -0.713292E-01
    0.450000        0.300000       -0.124487E-01   -0.740766E-01
    0.500000        0.300000       -0.487271E-17   -0.750000E-01
    0.550000        0.300000        0.124487E-01   -0.740766E-01
    0.600000        0.300000        0.245908E-01   -0.713292E-01
    0.650000        0.300000        0.361274E-01   -0.668255E-01
    0.700000        0.300000        0.467745E-01   -0.606763E-01
    0.750000        0.300000        0.562698E-01   -0.530330E-01
    0.800000        0.300000        0.643795E-01   -0.440839E-01
    0.850000        0.300000        0.709040E-01   -0.340493E-01
    0.900000        0.300000        0.756827E-01   -0.231763E-01
    0.950000        0.300000        0.785977E-01   -0.117326E-01
     1.00000        0.300000        0.795775E-01   -0.918485E-17
     0.00000        0.350000       -0.795775E-01    -0.00000    
    0.500000E-01    0.350000       -0.785977E-01   -0.136880E-01
    0.100000        0.350000       -0.756827E-01   -0.270390E-01
    0.150000        0.350000       -0.709040E-01   -0.397242E-01
    0.200000        0.350000       -0.643795E-01   -0.514312E-01
    0.250000        0.350000       -0.562698E-01   -0.618718E-01
    0.300000        0.350000       -0.467745E-01   -0.707890E-01
    0.350000        0.350000       -0.361274E-01   -0.779631E-01
    0.400000        0.350000       -0.245908E-01   -0.832174E-01
    0.450000        0.350000       -0.124487E-01   -0.864227E-01
    0.500000        0.350000       -0.487271E-17   -0.875000E-01
    0.550000        0.350000        0.124487E-01   -0.864227E-01
    0.600000        0.350000        0.245908E-01   -0.832174E-01
    0.650000        0.350000        0.361274E-01   -0.779631E-01
    0.700000        0.350000        0.467745E-01   -0.707890E-01
    0.750000        0.350000        0.562698E-01   -0.618718E-01
    0.800000        0.350000        0.643795E-01   -0.514312E-01
    0.850000        0.350000        0.709040E-01   -0.397242E-01
    0.900000        0.350000        0.756827E-01   -0.270390E-01
    0.950000        0.350000        0.785977E-01   -0.136880E-01
     1.00000        0.350000        0.795775E-01   -0.107157E-16
     0.00000        0.400000       -0.795775E-01    -0.00000    
    0.500000E-01    0.400000       -0.785977E-01   -0.156434E-01
    0.100000        0.400000       -0.756827E-01   -0.309017E-01
    0.150000        0.400000       -0.709040E-01   -0.453990E-01
    0.200000        0.400000       -0.643795E-01   -0.587785E-01
    0.250000        0.400000       -0.562698E-01   -0.707107E-01
    0.300000        0.400000       -0.467745E-01   -0.809017E-01
    0.350000        0.400000       -0.361274E-01   -0.891007E-01
    0.400000        0.400000       -0.245908E-01   -0.951057E-01
    0.450000        0.400000       -0.124487E-01   -0.987688E-01
    0.500000        0.400000       -0.487271E-17   -0.100000    
    0.550000        0.400000        0.124487E-01   -0.987688E-01
    0.600000        0.400000        0.245908E-01   -0.951057E-01
    0.650000        0.400000        0.361274E-01   -0.891007E-01
    0.700000        0.400000        0.467745E-01   -0.809017E-01
    0.750000        0.400000        0.562698E-01   -0.707107E-01
    0.800000        0.400000        0.643795E-01   -0.587785E-01
    0.850000        0.400000        0.709040E-01   -0.453990E-01
    0.900000        0.400000        0.756827E-01   -0.309017E-01
    0.950000        0.400000        0.785977E-01   -0.156434E-01
     1.00000        0.400000        0.795775E-01   -0.122465E-16
     0.00000        0.450000       -0.795775E-01    -0.00000    
    0.500000E-01    0.450000       -0.785977E-01   -0.175989E-01
    0.100000        0.450000       -0.756827E-01   -0.347644E-01
    0.150000        0.450000       -0.709040E-01   -0.510739E-01
    0.200000        0.450000       -0.643795E-01   -0.661258E-01
    0.250000        0.450000       -0.562698E-01   -0.795495E-01
    0.300000        0.450000       -0.467745E-01   -0.910144E-01
    0.350000        0.450000       -0.361274E-01   -0.100238    
    0.400000        0.450000       -0.245908E-01   -0.106994    
    0.450000        0.450000       -0.124487E-01   -0.111115    
    0.500000        0.450000       -0.487271E-17   -0.112500    
    0.550000        0.450000        0.124487E-01   -0.111115    
    0.600000        0.450000        0.245908E-01   -0.106994    
    0.650000        0.450000        0.361274E-01   -0.100238    
    0.700000        0.450000        0.467745E-01   -0.910144E-01
    0.750000        0.450000        0.562698E-01   -0.795495E-01
    0.800000        0.450000        0.643795E-01   -0.661258E-01
    0.850000        0.450000        0.709040E-01   -0.510739E-01
    0.900000        0.450000        0.756827E-01   -0.347644E-01
    0.950000        0.450000        0.785977E-01   -0.175989E-01
     1.00000        0.450000        0.795775E-01   -0.137773E-16
     0.00000        0.500000       -0.795775E-01    -0.00000    
    0.500000E-01    0.500000       -0.785977E-01   -0.195543E-01
    0.100000        0.500000       -0.756827E-01   -0.386271E-01
    0.150000        0.500000       -0.709040E-01   -0.567488E-01
    0.200000        0.500000       -0.643795E-01   -0.734732E-01
    0.250000        0.500000       -0.562698E-01   -0.883883E-01
    0.300000        0.500000       -0.467745E-01   -0.101127    
    0.350000        0.500000       -0.361274E-01   -0.111376    
    0.400000        0.500000       -0.245908E-01   -0.118882    
    0.450000        0.500000       -0.124487E-01   -0.123461    
    0.500000        0.500000       -0.487271E-17   -0.125000    
    0.550000        0.500000        0.124487E-01   -0.123461    
    0.600000        0.500000        0.245908E-01   -0.118882    
    0.650000        0.500000        0.361274E-01   -0.111376    
    0.700000        0.500000        0.467745E-01   -0.101127    
    0.750000        0.500000        0.562698E-01   -0.883883E-01
    0.800000        0.500000        0.643795E-01   -0.734732E-01
    0.850000        0.500000        0.709040E-01   -0.567488E-01
    0.900000        0.500000        0.756827E-01   -0.386271E-01
    0.950000        0.500000        0.785977E-01   -0.195543E-01
     1.00000        0.500000        0.795775E-01   -0.153081E-16
     0.00000        0.550000       -0.795775E-01    -0.00000    
    0.500000E-01    0.550000       -0.785977E-01   -0.215097E-01
    0.100000        0.550000       -0.756827E-01   -0.424898E-01
    0.150000        0.550000       -0.709040E-01   -0.624237E-01
    0.200000        0.550000       -0.643795E-01   -0.808205E-01
    0.250000        0.550000       -0.562698E-01   -0.972272E-01
    0.300000        0.550000       -0.467745E-01   -0.111240    
    0.350000        0.550000       -0.361274E-01   -0.122513    
    0.400000        0.550000       -0.245908E-01   -0.130770    
    0.450000        0.550000       -0.124487E-01   -0.135807    
    0.500000        0.550000       -0.487271E-17   -0.137500    
    0.550000        0.550000        0.124487E-01   -0.135807    
    0.600000        0.550000        0.245908E-01   -0.130770    
    0.650000        0.550000        0.361274E-01   -0.122513    
    0.700000        0.550000        0.467745E-01   -0.111240    
    0.750000        0.550000        0.562698E-01   -0.972272E-01
    0.800000        0.550000        0.643795E-01   -0.808205E-01
    0.850000        0.550000        0.709040E-01   -0.624237E-01
    0.900000        0.550000        0.756827E-01   -0.424898E-01
    0.950000        0.550000        0.785977E-01   -0.215097E-01
     1.00000        0.550000        0.795775E-01   -0.168389E-16
     0.00000        0.600000       -0.795775E-01    -0.00000    
    0.500000E-01    0.600000       -0.785977E-01   -0.234652E-01
    0.100000        0.600000       -0.756827E-01   -0.463525E-01
    0.150000        0.600000       -0.709040E-01   -0.680986E-01
    0.200000        0.600000       -0.643795E-01   -0.881678E-01
    0.250000        0.600000       -0.562698E-01   -0.106066    
    0.300000        0.600000       -0.467745E-01   -0.121353    
    0.350000        0.600000       -0.361274E-01   -0.133651    
    0.400000        0.600000       -0.245908E-01   -0.142658    
    0.450000        0.600000       -0.124487E-01   -0.148153    
    0.500000        0.600000       -0.487271E-17   -0.150000    
    0.550000        0.600000        0.124487E-01   -0.148153    
    0.600000        0.600000        0.245908E-01   -0.142658    
    0.650000        0.600000        0.361274E-01   -0.133651    
    0.700000        0.600000        0.467745E-01   -0.121353    
    0.750000        0.600000        0.562698E-01   -0.106066    
    0.800000        0.600000        0.643795E-01   -0.881678E-01
    0.850000        0.600000        0.709040E-01   -0.680986E-01
    0.900000        0.600000        0.756827E-01   -0.463525E-01
    0.950000        0.600000        0.785977E-01   -0.234652E-01
     1.00000        0.600000        0.795775E-01   -0.183697E-16
     0.00000        0.650000       -0.795775E-01    -0.00000    
    0.500000E-01    0.650000       -0.785977E-01   -0.254206E-01
    0.100000        0.650000       -0.756827E-01   -0.502153E-01
    0.150000        0.650000       -0.709040E-01   -0.737735E-01
    0.200000        0.650000       -0.643795E-01   -0.955151E-01
    0.250000        0.650000       -0.562698E-01   -0.114905    
    0.300000        0.650000       -0.467745E-01   -0.131465    
    0.350000        0.650000       -0.361274E-01   -0.144789    
    0.400000        0.650000       -0.245908E-01   -0.154547    
    0.450000        0.650000       -0.124487E-01   -0.160499    
    0.500000        0.650000       -0.487271E-17   -0.162500    
    0.550000        0.650000        0.124487E-01   -0.160499    
    0.600000        0.650000        0.245908E-01   -0.154547    
    0.650000        0.650000        0.361274E-01   -0.144789    
    0.700000        0.650000        0.467745E-01   -0.131465    
    0.750000        0.650000        0.562698E-01   -0.114905    
    0.800000        0.650000        0.643795E-01   -0.955151E-01
    0.850000        0.650000        0.709040E-01   -0.737735E-01
    0.900000        0.650000        0.756827E-01   -0.502153E-01
    0.950000        0.650000        0.785977E-01   -0.254206E-01
     1.00000        0.650000        0.795775E-01   -0.199005E-16
     0.00000        0.700000       -0.795775E-01    -0.00000    
    0.500000E-01    0.700000       -0.785977E-01   -0.273760E-01
    0.100000        0.700000       -0.756827E-01   -0.540780E-01
    0.150000        0.700000       -0.709040E-01   -0.794483E-01
    0.200000        0.700000       -0.643795E-01   -0.102862    
    0.250000        0.700000       -0.562698E-01   -0.123744    
    0.300000        0.700000       -0.467745E-01   -0.141578    
    0.350000        0.700000       -0.361274E-01   -0.155926    
    0.400000        0.700000       -0.245908E-01   -0.166435    
    0.450000        0.700000       -0.124487E-01   -0.172845    
    0.500000        0.700000       -0.487271E-17   -0.175000    
    0.550000        0.700000        0.124487E-01   -0.172845    
    0.600000        0.700000        0.245908E-01   -0.166435    
    0.650000        0.700000        0.361274E-01   -0.155926    
    0.700000        0.700000        0.467745E-01   -0.141578    
    0.750000        0.700000        0.562698E-01   -0.123744    
    0.800000        0.700000        0.643795E-01   -0.102862    
    0.850000        0.700000        0.709040E-01   -0.794483E-01
    0.900000        0.700000        0.756827E-01   -0.540780E-01
    0.950000        0.700000        0.785977E-01   -0.273760E-01
     1.00000        0.700000        0.795775E-01   -0.214313E-16
     0.00000        0.750000       -0.795775E-01    -0.00000    
    0.500000E-01    0.750000       -0.785977E-01   -0.293315E-01
    0.100000        0.750000       -0.756827E-01   -0.579407E-01
    0.150000        0.750000       -0.709040E-01   -0.851232E-01
    0.200000        0.750000       -0.643795E-01   -0.110210    
    0.250000        0.750000       -0.562698E-01   -0.132583    
    0.300000        0.750000       -0.467745E-01   -0.151691    
    0.350000        0.750000       -0.361274E-01   -0.167064    
    0.400000        0.750000       -0.245908E-01   -0.178323    
    0.450000        0.750000       -0.124487E-01   -0.185192    
    0.500000        0.750000       -0.487271E-17   -0.187500    
    0.550000        0.750000        0.124487E-01   -0.185192    
    0.600000        0.750000        0.245908E-01   -0.178323    
    0.650000        0.750000        0.361274E-01   -0.167064    
    0.700000        0.750000        0.467745E-01   -0.151691    
    0.750000        0.750000        0.562698E-01   -0.132583    
    0.800000        0.750000        0.643795E-01   -0.110210    
    0.850000        0.750000        0.709040E-01   -0.851232E-01
    0.900000        0.750000        0.756827E-01   -0.579407E-01
    0.950000        0.750000        0.785977E-01   -0.293315E-01
     1.00000        0.750000        0.795775E-01   -0.229621E-16
     0.00000        0.800000       -0.795775E-01    -0.00000    
    0.500000E-01    0.800000       -0.785977E-01   -0.312869E-01
    0.100000        0.800000       -0.756827E-01   -0.618034E-01
    0.150000        0.800000       -0.709040E-01   -0.907981E-01
    0.200000        0.800000       -0.643795E-01   -0.117557    
    0.250000        0.800000       -0.562698E-01   -0.141421    
    0.300000        0.800000       -0.467745E-01   -0.161803    
    0.350000        0.800000       -0.361274E-01   -0.178201    
    0.400000        0.800000       -0.245908E-01   -0.190211    
    0.450000        0.800000       -0.124487E-01   -0.197538    
    0.500000        0.800000       -0.487271E-17   -0.200000    
    0.550000        0.800000        0.124487E-01   -0.197538    
    0.600000        0.800000        0.245908E-01   -0.190211    
    0.650000        0.800000        0.361274E-01   -0.178201    
    0.700000        0.800000        0.467745E-01   -0.161803    
    0.750000        0.800000        0.562698E-01   -0.141421    
    0.800000        0.800000        0.643795E-01   -0.117557    
    0.850000        0.800000        0.709040E-01   -0.907981E-01
    0.900000        0.800000        0.756827E-01   -0.618034E-01
    0.950000        0.800000        0.785977E-01   -0.312869E-01
     1.00000        0.800000        0.795775E-01   -0.244929E-16
     0.00000        0.850000       -0.795775E-01    -0.00000    
    0.500000E-01    0.850000       -0.785977E-01   -0.332423E-01
    0.100000        0.850000       -0.756827E-01   -0.656661E-01
    0.150000        0.850000       -0.709040E-01   -0.964730E-01
    0.200000        0.850000       -0.643795E-01   -0.124904    
    0.250000        0.850000       -0.562698E-01   -0.150260    
    0.300000        0.850000       -0.467745E-01   -0.171916    
    0.350000        0.850000       -0.361274E-01   -0.189339    
    0.400000        0.850000       -0.245908E-01   -0.202100    
    0.450000        0.850000       -0.124487E-01   -0.209884    
    0.500000        0.850000       -0.487271E-17   -0.212500    
    0.550000        0.850000        0.124487E-01   -0.209884    
    0.600000        0.850000        0.245908E-01   -0.202100    
    0.650000        0.850000        0.361274E-01   -0.189339    
    0.700000        0.850000        0.467745E-01   -0.171916    
    0.750000        0.850000        0.562698E-01   -0.150260    
    0.800000        0.850000        0.643795E-01   -0.124904    
    0.850000        0.850000        0.709040E-01   -0.964730E-01
    0.900000        0.850000        0.756827E-01   -0.656661E-01
    0.950000        0.850000        0.785977E-01   -0.332423E-01
     1.00000        0.850000        0.795775E-01   -0.260237E-16
     0.00000        0.900000       -0.795775E-01    -0.00000    
    0.500000E-01    0.900000       -0.785977E-01   -0.351978E-01
    0.100000        0.900000       -0.756827E-01   -0.695288E-01
    0.150000        0.900000       -0.709040E-01   -0.102148    
    0.200000        0.900000       -0.643795E-01   -0.132252    
    0.250000        0.900000       -0.562698E-01   -0.159099    
    0.300000        0.900000       -0.467745E-01   -0.182029    
    0.350000        0.900000       -0.361274E-01   -0.200476    
    0.400000        0.900000       -0.245908E-01   -0.213988    
    0.450000        0.900000       -0.124487E-01   -0.222230    
    0.500000        0.900000       -0.487271E-17   -0.225000    
    0.550000        0.900000        0.124487E-01   -0.222230    
    0.600000        0.900000        0.245908E-01   -0.213988    
    0.650000        0.900000        0.361274E-01   -0.200476    
    0.700000        0.900000        0.467745E-01   -0.182029    
    0.750000        0.900000        0.562698E-01   -0.159099    
    0.800000        0.900000        0.643795E-01   -0.132252    
    0.850000        0.900000        0.709040E-01   -0.102148    
    0.900000        0.900000        0.756827E-01   -0.695288E-01
    0.950000        0.900000        0.785977E-01   -0.351978E-01
     1.00000        0.900000        0.795775E-01   -0.275546E-16
     0.00000        0.950000       -0.795775E-01    -0.00000    
    0.500000E-01    0.950000       -0.785977E-01   -0.371532E-01
    0.100000        0.950000       -0.756827E-01   -0.733915E-01
    0.150000        0.950000       -0.709040E-01   -0.107823    
    0.200000        0.950000       -0.643795E-01   -0.139599    
    0.250000        0.950000       -0.562698E-01   -0.167938    
    0.300000        0.950000       -0.467745E-01   -0.192142    
    0.350000        0.950000       -0.361274E-01   -0.211614    
    0.400000        0.950000       -0.245908E-01   -0.225876    
    0.450000        0.950000       -0.124487E-01   -0.234576    
    0.500000        0.950000       -0.487271E-17   -0.237500    
    0.550000        0.950000        0.124487E-01   -0.234576    
    0.600000        0.950000        0.245908E-01   -0.225876    
    0.650000        0.950000        0.361274E-01   -0.211614    
    0.700000        0.950000        0.467745E-01   -0.192142    
    0.750000        0.950000        0.562698E-01   -0.167938    
    0.800000        0.950000        0.643795E-01   -0.139599    
    0.850000        0.950000        0.709040E-01   -0.107823    
    0.900000        0.950000        0.756827E-01   -0.733915E-01
    0.950000        0.950000        0.785977E-01   -0.371532E-01
     1.00000        0.950000        0.795775E-01   -0.290854E-16
     0.00000         1.00000       -0.795775E-01    -0.00000    
    0.500000E-01     1.00000       -0.785977E-01   -0.391086E-01
    0.100000         1.00000       -0.756827E-01   -0.772542E-01
    0.150000         1.00000       -0.709040E-01   -0.113498    
    0.200000         1.00000       -0.643795E-01   -0.146946    
    0.250000         1.00000       -0.562698E-01   -0.176777    
    0.300000         1.00000       -0.467745E-01   -0.202254    
    0.350000         1.00000       -0.361274E-01   -0.222752    
    0.400000         1.00000       -0.245908E-01   -0.237764    
    0.450000         1.00000       -0.124487E-01   -0.246922    
    0.500000         1.00000       -0.487271E-17   -0.250000    
    0.550000         1.00000        0.124487E-01   -0.246922    
    0.600000         1.00000        0.245908E-01   -0.237764    
    0.650000         1.00000        0.361274E-01   -0.222752    
    0.700000         1.00000        0.467745E-01   -0.202254    
    0.750000         1.00000        0.562698E-01   -0.176777    
    0.800000         1.00000        0.643795E-01   -0.146946    
    0.850000         1.00000        0.709040E-01   -0.113498    
    0.900000         1.00000        0.756827E-01   -0.772542E-01
    0.950000         1.00000        0.785977E-01   -0.391086E-01
     1.00000         1.00000        0.795775E-01   -0.306162E-16
