     0.00000         0.00000         0.00000        -0.00000    
    0.500000E-01     0.00000         0.00000        -0.00000    
    0.100000         0.00000         0.00000        -0.00000    
    0.150000         0.00000         0.00000        -0.00000    
    0.200000         0.00000         0.00000        -0.00000    
    0.250000         0.00000         0.00000        -0.00000    
    0.300000         0.00000         0.00000        -0.00000    
    0.350000         0.00000         0.00000        -0.00000    
    0.400000         0.00000         0.00000        -0.00000    
    0.450000         0.00000         0.00000        -0.00000    
    0.500000         0.00000         0.00000         0.00000    
    0.550000         0.00000         0.00000         0.00000    
    0.600000         0.00000         0.00000         0.00000    
    0.650000         0.00000         0.00000         0.00000    
    0.700000         0.00000         0.00000         0.00000    
    0.750000         0.00000         0.00000         0.00000    
    0.800000         0.00000         0.00000         0.00000    
    0.850000         0.00000         0.00000         0.00000    
    0.900000         0.00000         0.00000         0.00000    
    0.950000         0.00000         0.00000         0.00000    
     1.00000         0.00000         0.00000        -0.00000    
     0.00000        0.500000E-01     0.00000        -0.00000    
    0.500000E-01    0.500000E-01    0.964547E-03   -0.964547E-03
    0.100000        0.500000E-01    0.346275E-02   -0.162450E-02
    0.150000        0.500000E-01    0.694955E-02   -0.201370E-02
    0.200000        0.500000E-01    0.109440E-01   -0.216600E-02
    0.250000        0.500000E-01    0.150293E-01   -0.211523E-02
    0.300000        0.500000E-01    0.188528E-01   -0.189525E-02
    0.350000        0.500000E-01    0.221258E-01   -0.153989E-02
    0.400000        0.500000E-01    0.246240E-01   -0.108300E-02
    0.450000        0.500000E-01    0.261870E-01   -0.558422E-03
    0.500000        0.500000E-01    0.267188E-01     0.00000    
    0.550000        0.500000E-01    0.261870E-01    0.558422E-03
    0.600000        0.500000E-01    0.246240E-01    0.108300E-02
    0.650000        0.500000E-01    0.221258E-01    0.153989E-02
    0.700000        0.500000E-01    0.188528E-01    0.189525E-02
    0.750000        0.500000E-01    0.150293E-01    0.211523E-02
    0.800000        0.500000E-01    0.109440E-01    0.216600E-02
    0.850000        0.500000E-01    0.694955E-02    0.201370E-02
    0.900000        0.500000E-01    0.346275E-02    0.162450E-02
    0.950000        0.500000E-01    0.964547E-03    0.964547E-03
     1.00000        0.500000E-01     0.00000        -0.00000    
     0.00000        0.100000         0.00000        -0.00000    
    0.500000E-01    0.100000        0.162450E-02   -0.346275E-02
    0.100000        0.100000        0.583200E-02   -0.583200E-02
    0.150000        0.100000        0.117045E-01   -0.722925E-02
    0.200000        0.100000        0.184320E-01   -0.777600E-02
    0.250000        0.100000        0.253125E-01   -0.759375E-02
    0.300000        0.100000        0.317520E-01   -0.680400E-02
    0.350000        0.100000        0.372645E-01   -0.552825E-02
    0.400000        0.100000        0.414720E-01   -0.388800E-02
    0.450000        0.100000        0.441045E-01   -0.200475E-02
    0.500000        0.100000        0.450000E-01     0.00000    
    0.550000        0.100000        0.441045E-01    0.200475E-02
    0.600000        0.100000        0.414720E-01    0.388800E-02
    0.650000        0.100000        0.372645E-01    0.552825E-02
    0.700000        0.100000        0.317520E-01    0.680400E-02
    0.750000        0.100000        0.253125E-01    0.759375E-02
    0.800000        0.100000        0.184320E-01    0.777600E-02
    0.850000        0.100000        0.117045E-01    0.722925E-02
    0.900000        0.100000        0.583200E-02    0.583200E-02
    0.950000        0.100000        0.162450E-02    0.346275E-02
     1.00000        0.100000         0.00000        -0.00000    
     0.00000        0.150000         0.00000        -0.00000    
    0.500000E-01    0.150000        0.201370E-02   -0.694955E-02
    0.100000        0.150000        0.722925E-02   -0.117045E-01
    0.150000        0.150000        0.145087E-01   -0.145087E-01
    0.200000        0.150000        0.228480E-01   -0.156060E-01
    0.250000        0.150000        0.313770E-01   -0.152402E-01
    0.300000        0.150000        0.393592E-01   -0.136552E-01
    0.350000        0.150000        0.461925E-01   -0.110949E-01
    0.400000        0.150000        0.514080E-01   -0.780300E-02
    0.450000        0.150000        0.546712E-01   -0.402342E-02
    0.500000        0.150000        0.557812E-01     0.00000    
    0.550000        0.150000        0.546712E-01    0.402342E-02
    0.600000        0.150000        0.514080E-01    0.780300E-02
    0.650000        0.150000        0.461925E-01    0.110949E-01
    0.700000        0.150000        0.393592E-01    0.136552E-01
    0.750000        0.150000        0.313770E-01    0.152402E-01
    0.800000        0.150000        0.228480E-01    0.156060E-01
    0.850000        0.150000        0.145087E-01    0.145087E-01
    0.900000        0.150000        0.722925E-02    0.117045E-01
    0.950000        0.150000        0.201370E-02    0.694955E-02
     1.00000        0.150000         0.00000        -0.00000    
     0.00000        0.200000         0.00000        -0.00000    
    0.500000E-01    0.200000        0.216600E-02   -0.109440E-01
    0.100000        0.200000        0.777600E-02   -0.184320E-01
    0.150000        0.200000        0.156060E-01   -0.228480E-01
    0.200000        0.200000        0.245760E-01   -0.245760E-01
    0.250000        0.200000        0.337500E-01   -0.240000E-01
    0.300000        0.200000        0.423360E-01   -0.215040E-01
    0.350000        0.200000        0.496860E-01   -0.174720E-01
    0.400000        0.200000        0.552960E-01   -0.122880E-01
    0.450000        0.200000        0.588060E-01   -0.633600E-02
    0.500000        0.200000        0.600000E-01     0.00000    
    0.550000        0.200000        0.588060E-01    0.633600E-02
    0.600000        0.200000        0.552960E-01    0.122880E-01
    0.650000        0.200000        0.496860E-01    0.174720E-01
    0.700000        0.200000        0.423360E-01    0.215040E-01
    0.750000        0.200000        0.337500E-01    0.240000E-01
    0.800000        0.200000        0.245760E-01    0.245760E-01
    0.850000        0.200000        0.156060E-01    0.228480E-01
    0.900000        0.200000        0.777600E-02    0.184320E-01
    0.950000        0.200000        0.216600E-02    0.109440E-01
     1.00000        0.200000         0.00000        -0.00000    
     0.00000        0.250000         0.00000        -0.00000    
    0.500000E-01    0.250000        0.211523E-02   -0.150293E-01
    0.100000        0.250000        0.759375E-02   -0.253125E-01
    0.150000        0.250000        0.152402E-01   -0.313770E-01
    0.200000        0.250000        0.240000E-01   -0.337500E-01
    0.250000        0.250000        0.329590E-01   -0.329590E-01
    0.300000        0.250000        0.413437E-01   -0.295312E-01
    0.350000        0.250000        0.485215E-01   -0.239941E-01
    0.400000        0.250000        0.540000E-01   -0.168750E-01
    0.450000        0.250000        0.574277E-01   -0.870117E-02
    0.500000        0.250000        0.585938E-01     0.00000    
    0.550000        0.250000        0.574277E-01    0.870117E-02
    0.600000        0.250000        0.540000E-01    0.168750E-01
    0.650000        0.250000        0.485215E-01    0.239941E-01
    0.700000        0.250000        0.413438E-01    0.295312E-01
    0.750000        0.250000        0.329590E-01    0.329590E-01
    0.800000        0.250000        0.240000E-01    0.337500E-01
    0.850000        0.250000        0.152402E-01    0.313770E-01
    0.900000        0.250000        0.759375E-02    0.253125E-01
    0.950000        0.250000        0.211523E-02    0.150293E-01
     1.00000        0.250000         0.00000        -0.00000    
     0.00000        0.300000         0.00000        -0.00000    
    0.500000E-01    0.300000        0.189525E-02   -0.188527E-01
    0.100000        0.300000        0.680400E-02   -0.317520E-01
    0.150000        0.300000        0.136552E-01   -0.393592E-01
    0.200000        0.300000        0.215040E-01   -0.423360E-01
    0.250000        0.300000        0.295312E-01   -0.413437E-01
    0.300000        0.300000        0.370440E-01   -0.370440E-01
    0.350000        0.300000        0.434752E-01   -0.300983E-01
    0.400000        0.300000        0.483840E-01   -0.211680E-01
    0.450000        0.300000        0.514553E-01   -0.109147E-01
    0.500000        0.300000        0.525000E-01     0.00000    
    0.550000        0.300000        0.514552E-01    0.109148E-01
    0.600000        0.300000        0.483840E-01    0.211680E-01
    0.650000        0.300000        0.434752E-01    0.300983E-01
    0.700000        0.300000        0.370440E-01    0.370440E-01
    0.750000        0.300000        0.295312E-01    0.413437E-01
    0.800000        0.300000        0.215040E-01    0.423360E-01
    0.850000        0.300000        0.136553E-01    0.393592E-01
    0.900000        0.300000        0.680400E-02    0.317520E-01
    0.950000        0.300000        0.189525E-02    0.188528E-01
     1.00000        0.300000         0.00000        -0.00000    
     0.00000        0.350000         0.00000        -0.00000    
    0.500000E-01    0.350000        0.153989E-02   -0.221258E-01
    0.100000        0.350000        0.552825E-02   -0.372645E-01
    0.150000        0.350000        0.110949E-01   -0.461925E-01
    0.200000        0.350000        0.174720E-01   -0.496860E-01
    0.250000        0.350000        0.239941E-01   -0.485215E-01
    0.300000        0.350000        0.300983E-01   -0.434752E-01
    0.350000        0.350000        0.353236E-01   -0.353236E-01
    0.400000        0.350000        0.393120E-01   -0.248430E-01
    0.450000        0.350000        0.418074E-01   -0.128097E-01
    0.500000        0.350000        0.426563E-01     0.00000    
    0.550000        0.350000        0.418074E-01    0.128097E-01
    0.600000        0.350000        0.393120E-01    0.248430E-01
    0.650000        0.350000        0.353236E-01    0.353236E-01
    0.700000        0.350000        0.300983E-01    0.434752E-01
    0.750000        0.350000        0.239941E-01    0.485215E-01
    0.800000        0.350000        0.174720E-01    0.496860E-01
    0.850000        0.350000        0.110949E-01    0.461925E-01
    0.900000        0.350000        0.552825E-02    0.372645E-01
    0.950000        0.350000        0.153989E-02    0.221258E-01
     1.00000        0.350000         0.00000        -0.00000    
     0.00000        0.400000         0.00000        -0.00000    
    0.500000E-01    0.400000        0.108300E-02   -0.246240E-01
    0.100000        0.400000        0.388800E-02   -0.414720E-01
    0.150000        0.400000        0.780300E-02   -0.514080E-01
    0.200000        0.400000        0.122880E-01   -0.552960E-01
    0.250000        0.400000        0.168750E-01   -0.540000E-01
    0.300000        0.400000        0.211680E-01   -0.483840E-01
    0.350000        0.400000        0.248430E-01   -0.393120E-01
    0.400000        0.400000        0.276480E-01   -0.276480E-01
    0.450000        0.400000        0.294030E-01   -0.142560E-01
    0.500000        0.400000        0.300000E-01     0.00000    
    0.550000        0.400000        0.294030E-01    0.142560E-01
    0.600000        0.400000        0.276480E-01    0.276480E-01
    0.650000        0.400000        0.248430E-01    0.393120E-01
    0.700000        0.400000        0.211680E-01    0.483840E-01
    0.750000        0.400000        0.168750E-01    0.540000E-01
    0.800000        0.400000        0.122880E-01    0.552960E-01
    0.850000        0.400000        0.780300E-02    0.514080E-01
    0.900000        0.400000        0.388800E-02    0.414720E-01
    0.950000        0.400000        0.108300E-02    0.246240E-01
     1.00000        0.400000         0.00000        -0.00000    
     0.00000        0.450000         0.00000        -0.00000    
    0.500000E-01    0.450000        0.558422E-03   -0.261870E-01
    0.100000        0.450000        0.200475E-02   -0.441045E-01
    0.150000        0.450000        0.402342E-02   -0.546712E-01
    0.200000        0.450000        0.633600E-02   -0.588060E-01
    0.250000        0.450000        0.870117E-02   -0.574277E-01
    0.300000        0.450000        0.109147E-01   -0.514553E-01
    0.350000        0.450000        0.128097E-01   -0.418074E-01
    0.400000        0.450000        0.142560E-01   -0.294030E-01
    0.450000        0.450000        0.151609E-01   -0.151609E-01
    0.500000        0.450000        0.154687E-01     0.00000    
    0.550000        0.450000        0.151609E-01    0.151609E-01
    0.600000        0.450000        0.142560E-01    0.294030E-01
    0.650000        0.450000        0.128097E-01    0.418074E-01
    0.700000        0.450000        0.109148E-01    0.514553E-01
    0.750000        0.450000        0.870117E-02    0.574277E-01
    0.800000        0.450000        0.633600E-02    0.588060E-01
    0.850000        0.450000        0.402342E-02    0.546712E-01
    0.900000        0.450000        0.200475E-02    0.441045E-01
    0.950000        0.450000        0.558422E-03    0.261870E-01
     1.00000        0.450000         0.00000        -0.00000    
     0.00000        0.500000        -0.00000        -0.00000    
    0.500000E-01    0.500000        -0.00000       -0.267188E-01
    0.100000        0.500000        -0.00000       -0.450000E-01
    0.150000        0.500000        -0.00000       -0.557812E-01
    0.200000        0.500000        -0.00000       -0.600000E-01
    0.250000        0.500000        -0.00000       -0.585938E-01
    0.300000        0.500000        -0.00000       -0.525000E-01
    0.350000        0.500000        -0.00000       -0.426563E-01
    0.400000        0.500000        -0.00000       -0.300000E-01
    0.450000        0.500000        -0.00000       -0.154687E-01
    0.500000        0.500000        -0.00000         0.00000    
    0.550000        0.500000        -0.00000        0.154688E-01
    0.600000        0.500000        -0.00000        0.300000E-01
    0.650000        0.500000        -0.00000        0.426563E-01
    0.700000        0.500000        -0.00000        0.525000E-01
    0.750000        0.500000        -0.00000        0.585938E-01
    0.800000        0.500000        -0.00000        0.600000E-01
    0.850000        0.500000        -0.00000        0.557813E-01
    0.900000        0.500000        -0.00000        0.450000E-01
    0.950000        0.500000        -0.00000        0.267188E-01
     1.00000        0.500000        -0.00000        -0.00000    
     0.00000        0.550000        -0.00000        -0.00000    
    0.500000E-01    0.550000       -0.558422E-03   -0.261870E-01
    0.100000        0.550000       -0.200475E-02   -0.441045E-01
    0.150000        0.550000       -0.402342E-02   -0.546712E-01
    0.200000        0.550000       -0.633600E-02   -0.588060E-01
    0.250000        0.550000       -0.870117E-02   -0.574277E-01
    0.300000        0.550000       -0.109148E-01   -0.514552E-01
    0.350000        0.550000       -0.128097E-01   -0.418074E-01
    0.400000        0.550000       -0.142560E-01   -0.294030E-01
    0.450000        0.550000       -0.151609E-01   -0.151609E-01
    0.500000        0.550000       -0.154688E-01     0.00000    
    0.550000        0.550000       -0.151609E-01    0.151609E-01
    0.600000        0.550000       -0.142560E-01    0.294030E-01
    0.650000        0.550000       -0.128097E-01    0.418074E-01
    0.700000        0.550000       -0.109148E-01    0.514552E-01
    0.750000        0.550000       -0.870117E-02    0.574277E-01
    0.800000        0.550000       -0.633600E-02    0.588060E-01
    0.850000        0.550000       -0.402342E-02    0.546712E-01
    0.900000        0.550000       -0.200475E-02    0.441045E-01
    0.950000        0.550000       -0.558422E-03    0.261870E-01
     1.00000        0.550000        -0.00000        -0.00000    
     0.00000        0.600000        -0.00000        -0.00000    
    0.500000E-01    0.600000       -0.108300E-02   -0.246240E-01
    0.100000        0.600000       -0.388800E-02   -0.414720E-01
    0.150000        0.600000       -0.780300E-02   -0.514080E-01
    0.200000        0.600000       -0.122880E-01   -0.552960E-01
    0.250000        0.600000       -0.168750E-01   -0.540000E-01
    0.300000        0.600000       -0.211680E-01   -0.483840E-01
    0.350000        0.600000       -0.248430E-01   -0.393120E-01
    0.400000        0.600000       -0.276480E-01   -0.276480E-01
    0.450000        0.600000       -0.294030E-01   -0.142560E-01
    0.500000        0.600000       -0.300000E-01     0.00000    
    0.550000        0.600000       -0.294030E-01    0.142560E-01
    0.600000        0.600000       -0.276480E-01    0.276480E-01
    0.650000        0.600000       -0.248430E-01    0.393120E-01
    0.700000        0.600000       -0.211680E-01    0.483840E-01
    0.750000        0.600000       -0.168750E-01    0.540000E-01
    0.800000        0.600000       -0.122880E-01    0.552960E-01
    0.850000        0.600000       -0.780300E-02    0.514080E-01
    0.900000        0.600000       -0.388800E-02    0.414720E-01
    0.950000        0.600000       -0.108300E-02    0.246240E-01
     1.00000        0.600000        -0.00000        -0.00000    
     0.00000        0.650000        -0.00000        -0.00000    
    0.500000E-01    0.650000       -0.153989E-02   -0.221258E-01
    0.100000        0.650000       -0.552825E-02   -0.372645E-01
    0.150000        0.650000       -0.110949E-01   -0.461925E-01
    0.200000        0.650000       -0.174720E-01   -0.496860E-01
    0.250000        0.650000       -0.239941E-01   -0.485215E-01
    0.300000        0.650000       -0.300983E-01   -0.434752E-01
    0.350000        0.650000       -0.353236E-01   -0.353236E-01
    0.400000        0.650000       -0.393120E-01   -0.248430E-01
    0.450000        0.650000       -0.418074E-01   -0.128097E-01
    0.500000        0.650000       -0.426563E-01     0.00000    
    0.550000        0.650000       -0.418074E-01    0.128097E-01
    0.600000        0.650000       -0.393120E-01    0.248430E-01
    0.650000        0.650000       -0.353236E-01    0.353236E-01
    0.700000        0.650000       -0.300983E-01    0.434752E-01
    0.750000        0.650000       -0.239941E-01    0.485215E-01
    0.800000        0.650000       -0.174720E-01    0.496860E-01
    0.850000        0.650000       -0.110949E-01    0.461925E-01
    0.900000        0.650000       -0.552825E-02    0.372645E-01
    0.950000        0.650000       -0.153989E-02    0.221258E-01
     1.00000        0.650000        -0.00000        -0.00000    
     0.00000        0.700000        -0.00000        -0.00000    
    0.500000E-01    0.700000       -0.189525E-02   -0.188528E-01
    0.100000        0.700000       -0.680400E-02   -0.317520E-01
    0.150000        0.700000       -0.136552E-01   -0.393593E-01
    0.200000        0.700000       -0.215040E-01   -0.423360E-01
    0.250000        0.700000       -0.295313E-01   -0.413437E-01
    0.300000        0.700000       -0.370440E-01   -0.370440E-01
    0.350000        0.700000       -0.434752E-01   -0.300983E-01
    0.400000        0.700000       -0.483840E-01   -0.211680E-01
    0.450000        0.700000       -0.514552E-01   -0.109148E-01
    0.500000        0.700000       -0.525000E-01     0.00000    
    0.550000        0.700000       -0.514552E-01    0.109148E-01
    0.600000        0.700000       -0.483840E-01    0.211680E-01
    0.650000        0.700000       -0.434752E-01    0.300983E-01
    0.700000        0.700000       -0.370440E-01    0.370440E-01
    0.750000        0.700000       -0.295313E-01    0.413437E-01
    0.800000        0.700000       -0.215040E-01    0.423360E-01
    0.850000        0.700000       -0.136553E-01    0.393593E-01
    0.900000        0.700000       -0.680400E-02    0.317520E-01
    0.950000        0.700000       -0.189525E-02    0.188528E-01
     1.00000        0.700000        -0.00000        -0.00000    
     0.00000        0.750000        -0.00000        -0.00000    
    0.500000E-01    0.750000       -0.211523E-02   -0.150293E-01
    0.100000        0.750000       -0.759375E-02   -0.253125E-01
    0.150000        0.750000       -0.152402E-01   -0.313770E-01
    0.200000        0.750000       -0.240000E-01   -0.337500E-01
    0.250000        0.750000       -0.329590E-01   -0.329590E-01
    0.300000        0.750000       -0.413437E-01   -0.295312E-01
    0.350000        0.750000       -0.485215E-01   -0.239941E-01
    0.400000        0.750000       -0.540000E-01   -0.168750E-01
    0.450000        0.750000       -0.574277E-01   -0.870117E-02
    0.500000        0.750000       -0.585938E-01     0.00000    
    0.550000        0.750000       -0.574277E-01    0.870117E-02
    0.600000        0.750000       -0.540000E-01    0.168750E-01
    0.650000        0.750000       -0.485215E-01    0.239941E-01
    0.700000        0.750000       -0.413438E-01    0.295312E-01
    0.750000        0.750000       -0.329590E-01    0.329590E-01
    0.800000        0.750000       -0.240000E-01    0.337500E-01
    0.850000        0.750000       -0.152402E-01    0.313770E-01
    0.900000        0.750000       -0.759375E-02    0.253125E-01
    0.950000        0.750000       -0.211523E-02    0.150293E-01
     1.00000        0.750000        -0.00000        -0.00000    
     0.00000        0.800000        -0.00000        -0.00000    
    0.500000E-01    0.800000       -0.216600E-02   -0.109440E-01
    0.100000        0.800000       -0.777600E-02   -0.184320E-01
    0.150000        0.800000       -0.156060E-01   -0.228480E-01
    0.200000        0.800000       -0.245760E-01   -0.245760E-01
    0.250000        0.800000       -0.337500E-01   -0.240000E-01
    0.300000        0.800000       -0.423360E-01   -0.215040E-01
    0.350000        0.800000       -0.496860E-01   -0.174720E-01
    0.400000        0.800000       -0.552960E-01   -0.122880E-01
    0.450000        0.800000       -0.588060E-01   -0.633600E-02
    0.500000        0.800000       -0.600000E-01     0.00000    
    0.550000        0.800000       -0.588060E-01    0.633600E-02
    0.600000        0.800000       -0.552960E-01    0.122880E-01
    0.650000        0.800000       -0.496860E-01    0.174720E-01
    0.700000        0.800000       -0.423360E-01    0.215040E-01
    0.750000        0.800000       -0.337500E-01    0.240000E-01
    0.800000        0.800000       -0.245760E-01    0.245760E-01
    0.850000        0.800000       -0.156060E-01    0.228480E-01
    0.900000        0.800000       -0.777600E-02    0.184320E-01
    0.950000        0.800000       -0.216600E-02    0.109440E-01
     1.00000        0.800000        -0.00000        -0.00000    
     0.00000        0.850000        -0.00000        -0.00000    
    0.500000E-01    0.850000       -0.201370E-02   -0.694955E-02
    0.100000        0.850000       -0.722925E-02   -0.117045E-01
    0.150000        0.850000       -0.145087E-01   -0.145087E-01
    0.200000        0.850000       -0.228480E-01   -0.156060E-01
    0.250000        0.850000       -0.313770E-01   -0.152402E-01
    0.300000        0.850000       -0.393592E-01   -0.136553E-01
    0.350000        0.850000       -0.461925E-01   -0.110949E-01
    0.400000        0.850000       -0.514080E-01   -0.780300E-02
    0.450000        0.850000       -0.546712E-01   -0.402342E-02
    0.500000        0.850000       -0.557813E-01     0.00000    
    0.550000        0.850000       -0.546712E-01    0.402342E-02
    0.600000        0.850000       -0.514080E-01    0.780300E-02
    0.650000        0.850000       -0.461925E-01    0.110949E-01
    0.700000        0.850000       -0.393593E-01    0.136553E-01
    0.750000        0.850000       -0.313770E-01    0.152402E-01
    0.800000        0.850000       -0.228480E-01    0.156060E-01
    0.850000        0.850000       -0.145087E-01    0.145087E-01
    0.900000        0.850000       -0.722925E-02    0.117045E-01
    0.950000        0.850000       -0.201370E-02    0.694955E-02
     1.00000        0.850000        -0.00000        -0.00000    
     0.00000        0.900000        -0.00000        -0.00000    
    0.500000E-01    0.900000       -0.162450E-02   -0.346275E-02
    0.100000        0.900000       -0.583200E-02   -0.583200E-02
    0.150000        0.900000       -0.117045E-01   -0.722925E-02
    0.200000        0.900000       -0.184320E-01   -0.777600E-02
    0.250000        0.900000       -0.253125E-01   -0.759375E-02
    0.300000        0.900000       -0.317520E-01   -0.680400E-02
    0.350000        0.900000       -0.372645E-01   -0.552825E-02
    0.400000        0.900000       -0.414720E-01   -0.388800E-02
    0.450000        0.900000       -0.441045E-01   -0.200475E-02
    0.500000        0.900000       -0.450000E-01     0.00000    
    0.550000        0.900000       -0.441045E-01    0.200475E-02
    0.600000        0.900000       -0.414720E-01    0.388800E-02
    0.650000        0.900000       -0.372645E-01    0.552825E-02
    0.700000        0.900000       -0.317520E-01    0.680400E-02
    0.750000        0.900000       -0.253125E-01    0.759375E-02
    0.800000        0.900000       -0.184320E-01    0.777600E-02
    0.850000        0.900000       -0.117045E-01    0.722925E-02
    0.900000        0.900000       -0.583200E-02    0.583200E-02
    0.950000        0.900000       -0.162450E-02    0.346275E-02
     1.00000        0.900000        -0.00000        -0.00000    
     0.00000        0.950000        -0.00000        -0.00000    
    0.500000E-01    0.950000       -0.964547E-03   -0.964547E-03
    0.100000        0.950000       -0.346275E-02   -0.162450E-02
    0.150000        0.950000       -0.694955E-02   -0.201370E-02
    0.200000        0.950000       -0.109440E-01   -0.216600E-02
    0.250000        0.950000       -0.150293E-01   -0.211523E-02
    0.300000        0.950000       -0.188528E-01   -0.189525E-02
    0.350000        0.950000       -0.221258E-01   -0.153989E-02
    0.400000        0.950000       -0.246240E-01   -0.108300E-02
    0.450000        0.950000       -0.261870E-01   -0.558422E-03
    0.500000        0.950000       -0.267188E-01     0.00000    
    0.550000        0.950000       -0.261870E-01    0.558422E-03
    0.600000        0.950000       -0.246240E-01    0.108300E-02
    0.650000        0.950000       -0.221258E-01    0.153989E-02
    0.700000        0.950000       -0.188528E-01    0.189525E-02
    0.750000        0.950000       -0.150293E-01    0.211523E-02
    0.800000        0.950000       -0.109440E-01    0.216600E-02
    0.850000        0.950000       -0.694955E-02    0.201370E-02
    0.900000        0.950000       -0.346275E-02    0.162450E-02
    0.950000        0.950000       -0.964547E-03    0.964547E-03
     1.00000        0.950000        -0.00000        -0.00000    
     0.00000         1.00000         0.00000        -0.00000    
    0.500000E-01     1.00000         0.00000        -0.00000    
    0.100000         1.00000         0.00000        -0.00000    
    0.150000         1.00000         0.00000        -0.00000    
    0.200000         1.00000         0.00000        -0.00000    
    0.250000         1.00000         0.00000        -0.00000    
    0.300000         1.00000         0.00000        -0.00000    
    0.350000         1.00000         0.00000        -0.00000    
    0.400000         1.00000         0.00000        -0.00000    
    0.450000         1.00000         0.00000        -0.00000    
    0.500000         1.00000         0.00000         0.00000    
    0.550000         1.00000         0.00000         0.00000    
    0.600000         1.00000         0.00000         0.00000    
    0.650000         1.00000         0.00000         0.00000    
    0.700000         1.00000         0.00000         0.00000    
    0.750000         1.00000         0.00000         0.00000    
    0.800000         1.00000         0.00000         0.00000    
    0.850000         1.00000         0.00000         0.00000    
    0.900000         1.00000         0.00000         0.00000    
    0.950000         1.00000         0.00000         0.00000    
     1.00000         1.00000         0.00000        -0.00000    
