  4
  0  1  2  3
  1  0  1  0
  2  1  0  1
  3  0  1  0
  0  0  0  0
  0  1  2  3
  0  2  0  0
  0  3  0  1
  8
  0  1  2  3  4  5  6  7
  1  0  1  0  1  0  1  0
  2  1  0  1  0  1  0  1
  3  0  1  0  1  0  1  0
  4  1  0  1  0  1  0  1
  5  0  1  0  1  0  1  0
  6  1  0  1  0  1  0  1
  7  0  1  0  1  0  1  0
  0  0  0  0  0  0  0  0
  0  1  2  3  4  5  6  7
  0  2  0  0  0  0  0  0
  0  3  0  1  0  1  0  1
  0  4  0  0  0  0  0  0
  0  5  0  1  0  1  0  1
  0  6  0  0  0  0  0  0
  0  7  0  1  0  1  0  1
  9
  0  1  2  3  4  5  6  7  8
  1  2  0  1  2  0  1  2  0
  2  0  1  2  0  1  2  0  1
  3  1  2  0  1  2  0  1  2
  4  2  0  1  2  0  1  2  0
  5  0  1  2  0  1  2  0  1
  6  1  2  0  1  2  0  1  2
  7  2  0  1  2  0  1  2  0
  8  0  1  2  0  1  2  0  1
  0  0  0  0  0  0  0  0  0
  0  1  2  3  4  5  6  7  8
  0  2  1  0  2  1  0  2  1
  0  3  0  0  0  0  0  0  0
  0  4  2  0  1  2  0  1  2
  0  5  1  0  2  1  0  2  1
  0  6  0  0  0  0  0  0  0
  0  7  2  0  1  2  0  1  2
  0  8  1  0  2  1  0  2  1
 16
  0  1  2  3  4  5  6  7  8  9 10 11 12 13 14 15
  1  0  1  0  1  0  1  0  1  0  1  0  1  0  1  0
  2  1  0  1  0  1  0  1  0  1  0  1  0  1  0  1
  3  0  1  0  1  0  1  0  1  0  1  0  1  0  1  0
  4  1  0  1  0  1  0  1  0  1  0  1  0  1  0  1
  5  0  1  0  1  0  1  0  1  0  1  0  1  0  1  0
  6  1  0  1  0  1  0  1  0  1  0  1  0  1  0  1
  7  0  1  0  1  0  1  0  1  0  1  0  1  0  1  0
  8  1  0  1  0  1  0  1  0  1  0  1  0  1  0  1
  9  0  1  0  1  0  1  0  1  0  1  0  1  0  1  0
 10  1  0  1  0  1  0  1  0  1  0  1  0  1  0  1
 11  0  1  0  1  0  1  0  1  0  1  0  1  0  1  0
 12  1  0  1  0  1  0  1  0  1  0  1  0  1  0  1
 13  0  1  0  1  0  1  0  1  0  1  0  1  0  1  0
 14  1  0  1  0  1  0  1  0  1  0  1  0  1  0  1
 15  0  1  0  1  0  1  0  1  0  1  0  1  0  1  0
  0  0  0  0  0  0  0  0  0  0  0  0  0  0  0  0
  0  1  2  3  4  5  6  7  8  9 10 11 12 13 14 15
  0  2  0  0  0  0  0  0  0  0  0  0  0  0  0  0
  0  3  0  1  0  1  0  1  0  1  0  1  0  1  0  1
  0  4  0  0  0  0  0  0  0  0  0  0  0  0  0  0
  0  5  0  1  0  1  0  1  0  1  0  1  0  1  0  1
  0  6  0  0  0  0  0  0  0  0  0  0  0  0  0  0
  0  7  0  1  0  1  0  1  0  1  0  1  0  1  0  1
  0  8  0  0  0  0  0  0  0  0  0  0  0  0  0  0
  0  9  0  1  0  1  0  1  0  1  0  1  0  1  0  1
  0 10  0  0  0  0  0  0  0  0  0  0  0  0  0  0
  0 11  0  1  0  1  0  1  0  1  0  1  0  1  0  1
  0 12  0  0  0  0  0  0  0  0  0  0  0  0  0  0
  0 13  0  1  0  1  0  1  0  1  0  1  0  1  0  1
  0 14  0  0  0  0  0  0  0  0  0  0  0  0  0  0
  0 15  0  1  0  1  0  1  0  1  0  1  0  1  0  1
 25
  0  1  2  3  4  5  6  7  8  9 10 11 12 13 14 15 16 17 18 19
 20 21 22 23 24
  1  2  3  4  0  1  2  3  4  0  1  2  3  4  0  1  2  3  4  0
  1  2  3  4  0
  2  3  4  0  1  2  3  4  0  1  2  3  4  0  1  2  3  4  0  1
  2  3  4  0  1
  3  4  0  1  2  3  4  0  1  2  3  4  0  1  2  3  4  0  1  2
  3  4  0  1  2
  4  0  1  2  3  4  0  1  2  3  4  0  1  2  3  4  0  1  2  3
  4  0  1  2  3
  5  1  2  3  4  0  1  2  3  4  0  1  2  3  4  0  1  2  3  4
  0  1  2  3  4
  6  2  3  4  0  1  2  3  4  0  1  2  3  4  0  1  2  3  4  0
  1  2  3  4  0
  7  3  4  0  1  2  3  4  0  1  2  3  4  0  1  2  3  4  0  1
  2  3  4  0  1
  8  4  0  1  2  3  4  0  1  2  3  4  0  1  2  3  4  0  1  2
  3  4  0  1  2
  9  0  1  2  3  4  0  1  2  3  4  0  1  2  3  4  0  1  2  3
  4  0  1  2  3
 10  1  2  3  4  0  1  2  3  4  0  1  2  3  4  0  1  2  3  4
  0  1  2  3  4
 11  2  3  4  0  1  2  3  4  0  1  2  3  4  0  1  2  3  4  0
  1  2  3  4  0
 12  3  4  0  1  2  3  4  0  1  2  3  4  0  1  2  3  4  0  1
  2  3  4  0  1
 13  4  0  1  2  3  4  0  1  2  3  4  0  1  2  3  4  0  1  2
  3  4  0  1  2
 14  0  1  2  3  4  0  1  2  3  4  0  1  2  3  4  0  1  2  3
  4  0  1  2  3
 15  1  2  3  4  0  1  2  3  4  0  1  2  3  4  0  1  2  3  4
  0  1  2  3  4
 16  2  3  4  0  1  2  3  4  0  1  2  3  4  0  1  2  3  4  0
  1  2  3  4  0
 17  3  4  0  1  2  3  4  0  1  2  3  4  0  1  2  3  4  0  1
  2  3  4  0  1
 18  4  0  1  2  3  4  0  1  2  3  4  0  1  2  3  4  0  1  2
  3  4  0  1  2
 19  0  1  2  3  4  0  1  2  3  4  0  1  2  3  4  0  1  2  3
  4  0  1  2  3
 20  1  2  3  4  0  1  2  3  4  0  1  2  3  4  0  1  2  3  4
  0  1  2  3  4
 21  2  3  4  0  1  2  3  4  0  1  2  3  4  0  1  2  3  4  0
  1  2  3  4  0
 22  3  4  0  1  2  3  4  0  1  2  3  4  0  1  2  3  4  0  1
  2  3  4  0  1
 23  4  0  1  2  3  4  0  1  2  3  4  0  1  2  3  4  0  1  2
  3  4  0  1  2
 24  0  1  2  3  4  0  1  2  3  4  0  1  2  3  4  0  1  2  3
  4  0  1  2  3
  0  0  0  0  0  0  0  0  0  0  0  0  0  0  0  0  0  0  0  0
  0  0  0  0  0
  0  1  2  3  4  5  6  7  8  9 10 11 12 13 14 15 16 17 18 19
 20 21 22 23 24
  0  2  4  1  3  0  2  4  1  3  0  2  4  1  3  0  2  4  1  3
  0  2  4  1  3
  0  3  1  4  2  0  3  1  4  2  0  3  1  4  2  0  3  1  4  2
  0  3  1  4  2
  0  4  3  2  1  0  4  3  2  1  0  4  3  2  1  0  4  3  2  1
  0  4  3  2  1
  0  5  0  0  0  0  0  0  0  0  0  0  0  0  0  0  0  0  0  0
  0  0  0  0  0
  0  6  2  3  4  0  1  2  3  4  0  1  2  3  4  0  1  2  3  4
  0  1  2  3  4
  0  7  4  1  3  0  2  4  1  3  0  2  4  1  3  0  2  4  1  3
  0  2  4  1  3
  0  8  1  4  2  0  3  1  4  2  0  3  1  4  2  0  3  1  4  2
  0  3  1  4  2
  0  9  3  2  1  0  4  3  2  1  0  4  3  2  1  0  4  3  2  1
  0  4  3  2  1
  0 10  0  0  0  0  0  0  0  0  0  0  0  0  0  0  0  0  0  0
  0  0  0  0  0
  0 11  2  3  4  0  1  2  3  4  0  1  2  3  4  0  1  2  3  4
  0  1  2  3  4
  0 12  4  1  3  0  2  4  1  3  0  2  4  1  3  0  2  4  1  3
  0  2  4  1  3
  0 13  1  4  2  0  3  1  4  2  0  3  1  4  2  0  3  1  4  2
  0  3  1  4  2
  0 14  3  2  1  0  4  3  2  1  0  4  3  2  1  0  4  3  2  1
  0  4  3  2  1
  0 15  0  0  0  0  0  0  0  0  0  0  0  0  0  0  0  0  0  0
  0  0  0  0  0
  0 16  2  3  4  0  1  2  3  4  0  1  2  3  4  0  1  2  3  4
  0  1  2  3  4
  0 17  4  1  3  0  2  4  1  3  0  2  4  1  3  0  2  4  1  3
  0  2  4  1  3
  0 18  1  4  2  0  3  1  4  2  0  3  1  4  2  0  3  1  4  2
  0  3  1  4  2
  0 19  3  2  1  0  4  3  2  1  0  4  3  2  1  0  4  3  2  1
  0  4  3  2  1
  0 20  0  0  0  0  0  0  0  0  0  0  0  0  0  0  0  0  0  0
  0  0  0  0  0
  0 21  2  3  4  0  1  2  3  4  0  1  2  3  4  0  1  2  3  4
  0  1  2  3  4
  0 22  4  1  3  0  2  4  1  3  0  2  4  1  3  0  2  4  1  3
  0  2  4  1  3
  0 23  1  4  2  0  3  1  4  2  0  3  1  4  2  0  3  1  4  2
  0  3  1  4  2
  0 24  3  2  1  0  4  3  2  1  0  4  3  2  1  0  4  3  2  1
  0  4  3  2  1
 27
  0  1  2  3  4  5  6  7  8  9 10 11 12 13 14 15 16 17 18 19
 20 21 22 23 24 25 26
  1  2  0  1  2  0  1  2  0  1  2  0  1  2  0  1  2  0  1  2
  0  1  2  0  1  2  0
  2  0  1  2  0  1  2  0  1  2  0  1  2  0  1  2  0  1  2  0
  1  2  0  1  2  0  1
  3  1  2  0  1  2  0  1  2  0  1  2  0  1  2  0  1  2  0  1
  2  0  1  2  0  1  2
  4  2  0  1  2  0  1  2  0  1  2  0  1  2  0  1  2  0  1  2
  0  1  2  0  1  2  0
  5  0  1  2  0  1  2  0  1  2  0  1  2  0  1  2  0  1  2  0
  1  2  0  1  2  0  1
  6  1  2  0  1  2  0  1  2  0  1  2  0  1  2  0  1  2  0  1
  2  0  1  2  0  1  2
  7  2  0  1  2  0  1  2  0  1  2  0  1  2  0  1  2  0  1  2
  0  1  2  0  1  2  0
  8  0  1  2  0  1  2  0  1  2  0  1  2  0  1  2  0  1  2  0
  1  2  0  1  2  0  1
  9  1  2  0  1  2  0  1  2  0  1  2  0  1  2  0  1  2  0  1
  2  0  1  2  0  1  2
 10  2  0  1  2  0  1  2  0  1  2  0  1  2  0  1  2  0  1  2
  0  1  2  0  1  2  0
 11  0  1  2  0  1  2  0  1  2  0  1  2  0  1  2  0  1  2  0
  1  2  0  1  2  0  1
 12  1  2  0  1  2  0  1  2  0  1  2  0  1  2  0  1  2  0  1
  2  0  1  2  0  1  2
 13  2  0  1  2  0  1  2  0  1  2  0  1  2  0  1  2  0  1  2
  0  1  2  0  1  2  0
 14  0  1  2  0  1  2  0  1  2  0  1  2  0  1  2  0  1  2  0
  1  2  0  1  2  0  1
 15  1  2  0  1  2  0  1  2  0  1  2  0  1  2  0  1  2  0  1
  2  0  1  2  0  1  2
 16  2  0  1  2  0  1  2  0  1  2  0  1  2  0  1  2  0  1  2
  0  1  2  0  1  2  0
 17  0  1  2  0  1  2  0  1  2  0  1  2  0  1  2  0  1  2  0
  1  2  0  1  2  0  1
 18  1  2  0  1  2  0  1  2  0  1  2  0  1  2  0  1  2  0  1
  2  0  1  2  0  1  2
 19  2  0  1  2  0  1  2  0  1  2  0  1  2  0  1  2  0  1  2
  0  1  2  0  1  2  0
 20  0  1  2  0  1  2  0  1  2  0  1  2  0  1  2  0  1  2  0
  1  2  0  1  2  0  1
 21  1  2  0  1  2  0  1  2  0  1  2  0  1  2  0  1  2  0  1
  2  0  1  2  0  1  2
 22  2  0  1  2  0  1  2  0  1  2  0  1  2  0  1  2  0  1  2
  0  1  2  0  1  2  0
 23  0  1  2  0  1  2  0  1  2  0  1  2  0  1  2  0  1  2  0
  1  2  0  1  2  0  1
 24  1  2  0  1  2  0  1  2  0  1  2  0  1  2  0  1  2  0  1
  2  0  1  2  0  1  2
 25  2  0  1  2  0  1  2  0  1  2  0  1  2  0  1  2  0  1  2
  0  1  2  0  1  2  0
 26  0  1  2  0  1  2  0  1  2  0  1  2  0  1  2  0  1  2  0
  1  2  0  1  2  0  1
  0  0  0  0  0  0  0  0  0  0  0  0  0  0  0  0  0  0  0  0
  0  0  0  0  0  0  0
  0  1  2  3  4  5  6  7  8  9 10 11 12 13 14 15 16 17 18 19
 20 21 22 23 24 25 26
  0  2  1  0  2  1  0  2  1  0  2  1  0  2  1  0  2  1  0  2
  1  0  2  1  0  2  1
  0  3  0  0  0  0  0  0  0  0  0  0  0  0  0  0  0  0  0  0
  0  0  0  0  0  0  0
  0  4  2  0  1  2  0  1  2  0  1  2  0  1  2  0  1  2  0  1
  2  0  1  2  0  1  2
  0  5  1  0  2  1  0  2  1  0  2  1  0  2  1  0  2  1  0  2
  1  0  2  1  0  2  1
  0  6  0  0  0  0  0  0  0  0  0  0  0  0  0  0  0  0  0  0
  0  0  0  0  0  0  0
  0  7  2  0  1  2  0  1  2  0  1  2  0  1  2  0  1  2  0  1
  2  0  1  2  0  1  2
  0  8  1  0  2  1  0  2  1  0  2  1  0  2  1  0  2  1  0  2
  1  0  2  1  0  2  1
  0  9  0  0  0  0  0  0  0  0  0  0  0  0  0  0  0  0  0  0
  0  0  0  0  0  0  0
  0 10  2  0  1  2  0  1  2  0  1  2  0  1  2  0  1  2  0  1
  2  0  1  2  0  1  2
  0 11  1  0  2  1  0  2  1  0  2  1  0  2  1  0  2  1  0  2
  1  0  2  1  0  2  1
  0 12  0  0  0  0  0  0  0  0  0  0  0  0  0  0  0  0  0  0
  0  0  0  0  0  0  0
  0 13  2  0  1  2  0  1  2  0  1  2  0  1  2  0  1  2  0  1
  2  0  1  2  0  1  2
  0 14  1  0  2  1  0  2  1  0  2  1  0  2  1  0  2  1  0  2
  1  0  2  1  0  2  1
  0 15  0  0  0  0  0  0  0  0  0  0  0  0  0  0  0  0  0  0
  0  0  0  0  0  0  0
  0 16  2  0  1  2  0  1  2  0  1  2  0  1  2  0  1  2  0  1
  2  0  1  2  0  1  2
  0 17  1  0  2  1  0  2  1  0  2  1  0  2  1  0  2  1  0  2
  1  0  2  1  0  2  1
  0 18  0  0  0  0  0  0  0  0  0  0  0  0  0  0  0  0  0  0
  0  0  0  0  0  0  0
  0 19  2  0  1  2  0  1  2  0  1  2  0  1  2  0  1  2  0  1
  2  0  1  2  0  1  2
  0 20  1  0  2  1  0  2  1  0  2  1  0  2  1  0  2  1  0  2
  1  0  2  1  0  2  1
  0 21  0  0  0  0  0  0  0  0  0  0  0  0  0  0  0  0  0  0
  0  0  0  0  0  0  0
  0 22  2  0  1  2  0  1  2  0  1  2  0  1  2  0  1  2  0  1
  2  0  1  2  0  1  2
  0 23  1  0  2  1  0  2  1  0  2  1  0  2  1  0  2  1  0  2
  1  0  2  1  0  2  1
  0 24  0  0  0  0  0  0  0  0  0  0  0  0  0  0  0  0  0  0
  0  0  0  0  0  0  0
  0 25  2  0  1  2  0  1  2  0  1  2  0  1  2  0  1  2  0  1
  2  0  1  2  0  1  2
  0 26  1  0  2  1  0  2  1  0  2  1  0  2  1  0  2  1  0  2
  1  0  2  1  0  2  1
 32
  0  1  2  3  4  5  6  7  8  9 10 11 12 13 14 15 16 17 18 19
 20 21 22 23 24 25 26 27 28 29 30 31
  1  0  1  0  1  0  1  0  1  0  1  0  1  0  1  0  1  0  1  0
  1  0  1  0  1  0  1  0  1  0  1  0
  2  1  0  1  0  1  0  1  0  1  0  1  0  1  0  1  0  1  0  1
  0  1  0  1  0  1  0  1  0  1  0  1
  3  0  1  0  1  0  1  0  1  0  1  0  1  0  1  0  1  0  1  0
  1  0  1  0  1  0  1  0  1  0  1  0
  4  1  0  1  0  1  0  1  0  1  0  1  0  1  0  1  0  1  0  1
  0  1  0  1  0  1  0  1  0  1  0  1
  5  0  1  0  1  0  1  0  1  0  1  0  1  0  1  0  1  0  1  0
  1  0  1  0  1  0  1  0  1  0  1  0
  6  1  0  1  0  1  0  1  0  1  0  1  0  1  0  1  0  1  0  1
  0  1  0  1  0  1  0  1  0  1  0  1
  7  0  1  0  1  0  1  0  1  0  1  0  1  0  1  0  1  0  1  0
  1  0  1  0  1  0  1  0  1  0  1  0
  8  1  0  1  0  1  0  1  0  1  0  1  0  1  0  1  0  1  0  1
  0  1  0  1  0  1  0  1  0  1  0  1
  9  0  1  0  1  0  1  0  1  0  1  0  1  0  1  0  1  0  1  0
  1  0  1  0  1  0  1  0  1  0  1  0
 10  1  0  1  0  1  0  1  0  1  0  1  0  1  0  1  0  1  0  1
  0  1  0  1  0  1  0  1  0  1  0  1
 11  0  1  0  1  0  1  0  1  0  1  0  1  0  1  0  1  0  1  0
  1  0  1  0  1  0  1  0  1  0  1  0
 12  1  0  1  0  1  0  1  0  1  0  1  0  1  0  1  0  1  0  1
  0  1  0  1  0  1  0  1  0  1  0  1
 13  0  1  0  1  0  1  0  1  0  1  0  1  0  1  0  1  0  1  0
  1  0  1  0  1  0  1  0  1  0  1  0
 14  1  0  1  0  1  0  1  0  1  0  1  0  1  0  1  0  1  0  1
  0  1  0  1  0  1  0  1  0  1  0  1
 15  0  1  0  1  0  1  0  1  0  1  0  1  0  1  0  1  0  1  0
  1  0  1  0  1  0  1  0  1  0  1  0
 16  1  0  1  0  1  0  1  0  1  0  1  0  1  0  1  0  1  0  1
  0  1  0  1  0  1  0  1  0  1  0  1
 17  0  1  0  1  0  1  0  1  0  1  0  1  0  1  0  1  0  1  0
  1  0  1  0  1  0  1  0  1  0  1  0
 18  1  0  1  0  1  0  1  0  1  0  1  0  1  0  1  0  1  0  1
  0  1  0  1  0  1  0  1  0  1  0  1
 19  0  1  0  1  0  1  0  1  0  1  0  1  0  1  0  1  0  1  0
  1  0  1  0  1  0  1  0  1  0  1  0
 20  1  0  1  0  1  0  1  0  1  0  1  0  1  0  1  0  1  0  1
  0  1  0  1  0  1  0  1  0  1  0  1
 21  0  1  0  1  0  1  0  1  0  1  0  1  0  1  0  1  0  1  0
  1  0  1  0  1  0  1  0  1  0  1  0
 22  1  0  1  0  1  0  1  0  1  0  1  0  1  0  1  0  1  0  1
  0  1  0  1  0  1  0  1  0  1  0  1
 23  0  1  0  1  0  1  0  1  0  1  0  1  0  1  0  1  0  1  0
  1  0  1  0  1  0  1  0  1  0  1  0
 24  1  0  1  0  1  0  1  0  1  0  1  0  1  0  1  0  1  0  1
  0  1  0  1  0  1  0  1  0  1  0  1
 25  0  1  0  1  0  1  0  1  0  1  0  1  0  1  0  1  0  1  0
  1  0  1  0  1  0  1  0  1  0  1  0
 26  1  0  1  0  1  0  1  0  1  0  1  0  1  0  1  0  1  0  1
  0  1  0  1  0  1  0  1  0  1  0  1
 27  0  1  0  1  0  1  0  1  0  1  0  1  0  1  0  1  0  1  0
  1  0  1  0  1  0  1  0  1  0  1  0
 28  1  0  1  0  1  0  1  0  1  0  1  0  1  0  1  0  1  0  1
  0  1  0  1  0  1  0  1  0  1  0  1
 29  0  1  0  1  0  1  0  1  0  1  0  1  0  1  0  1  0  1  0
  1  0  1  0  1  0  1  0  1  0  1  0
 30  1  0  1  0  1  0  1  0  1  0  1  0  1  0  1  0  1  0  1
  0  1  0  1  0  1  0  1  0  1  0  1
 31  0  1  0  1  0  1  0  1  0  1  0  1  0  1  0  1  0  1  0
  1  0  1  0  1  0  1  0  1  0  1  0
  0  0  0  0  0  0  0  0  0  0  0  0  0  0  0  0  0  0  0  0
  0  0  0  0  0  0  0  0  0  0  0  0
  0  1  2  3  4  5  6  7  8  9 10 11 12 13 14 15 16 17 18 19
 20 21 22 23 24 25 26 27 28 29 30 31
  0  2  0  0  0  0  0  0  0  0  0  0  0  0  0  0  0  0  0  0
  0  0  0  0  0  0  0  0  0  0  0  0
  0  3  0  1  0  1  0  1  0  1  0  1  0  1  0  1  0  1  0  1
  0  1  0  1  0  1  0  1  0  1  0  1
  0  4  0  0  0  0  0  0  0  0  0  0  0  0  0  0  0  0  0  0
  0  0  0  0  0  0  0  0  0  0  0  0
  0  5  0  1  0  1  0  1  0  1  0  1  0  1  0  1  0  1  0  1
  0  1  0  1  0  1  0  1  0  1  0  1
  0  6  0  0  0  0  0  0  0  0  0  0  0  0  0  0  0  0  0  0
  0  0  0  0  0  0  0  0  0  0  0  0
  0  7  0  1  0  1  0  1  0  1  0  1  0  1  0  1  0  1  0  1
  0  1  0  1  0  1  0  1  0  1  0  1
  0  8  0  0  0  0  0  0  0  0  0  0  0  0  0  0  0  0  0  0
  0  0  0  0  0  0  0  0  0  0  0  0
  0  9  0  1  0  1  0  1  0  1  0  1  0  1  0  1  0  1  0  1
  0  1  0  1  0  1  0  1  0  1  0  1
  0 10  0  0  0  0  0  0  0  0  0  0  0  0  0  0  0  0  0  0
  0  0  0  0  0  0  0  0  0  0  0  0
  0 11  0  1  0  1  0  1  0  1  0  1  0  1  0  1  0  1  0  1
  0  1  0  1  0  1  0  1  0  1  0  1
  0 12  0  0  0  0  0  0  0  0  0  0  0  0  0  0  0  0  0  0
  0  0  0  0  0  0  0  0  0  0  0  0
  0 13  0  1  0  1  0  1  0  1  0  1  0  1  0  1  0  1  0  1
  0  1  0  1  0  1  0  1  0  1  0  1
  0 14  0  0  0  0  0  0  0  0  0  0  0  0  0  0  0  0  0  0
  0  0  0  0  0  0  0  0  0  0  0  0
  0 15  0  1  0  1  0  1  0  1  0  1  0  1  0  1  0  1  0  1
  0  1  0  1  0  1  0  1  0  1  0  1
  0 16  0  0  0  0  0  0  0  0  0  0  0  0  0  0  0  0  0  0
  0  0  0  0  0  0  0  0  0  0  0  0
  0 17  0  1  0  1  0  1  0  1  0  1  0  1  0  1  0  1  0  1
  0  1  0  1  0  1  0  1  0  1  0  1
  0 18  0  0  0  0  0  0  0  0  0  0  0  0  0  0  0  0  0  0
  0  0  0  0  0  0  0  0  0  0  0  0
  0 19  0  1  0  1  0  1  0  1  0  1  0  1  0  1  0  1  0  1
  0  1  0  1  0  1  0  1  0  1  0  1
  0 20  0  0  0  0  0  0  0  0  0  0  0  0  0  0  0  0  0  0
  0  0  0  0  0  0  0  0  0  0  0  0
  0 21  0  1  0  1  0  1  0  1  0  1  0  1  0  1  0  1  0  1
  0  1  0  1  0  1  0  1  0  1  0  1
  0 22  0  0  0  0  0  0  0  0  0  0  0  0  0  0  0  0  0  0
  0  0  0  0  0  0  0  0  0  0  0  0
  0 23  0  1  0  1  0  1  0  1  0  1  0  1  0  1  0  1  0  1
  0  1  0  1  0  1  0  1  0  1  0  1
  0 24  0  0  0  0  0  0  0  0  0  0  0  0  0  0  0  0  0  0
  0  0  0  0  0  0  0  0  0  0  0  0
  0 25  0  1  0  1  0  1  0  1  0  1  0  1  0  1  0  1  0  1
  0  1  0  1  0  1  0  1  0  1  0  1
  0 26  0  0  0  0  0  0  0  0  0  0  0  0  0  0  0  0  0  0
  0  0  0  0  0  0  0  0  0  0  0  0
  0 27  0  1  0  1  0  1  0  1  0  1  0  1  0  1  0  1  0  1
  0  1  0  1  0  1  0  1  0  1  0  1
  0 28  0  0  0  0  0  0  0  0  0  0  0  0  0  0  0  0  0  0
  0  0  0  0  0  0  0  0  0  0  0  0
  0 29  0  1  0  1  0  1  0  1  0  1  0  1  0  1  0  1  0  1
  0  1  0  1  0  1  0  1  0  1  0  1
  0 30  0  0  0  0  0  0  0  0  0  0  0  0  0  0  0  0  0  0
  0  0  0  0  0  0  0  0  0  0  0  0
  0 31  0  1  0  1  0  1  0  1  0  1  0  1  0  1  0  1  0  1
  0  1  0  1  0  1  0  1  0  1  0  1
 49
  0  1  2  3  4  5  6  7  8  9 10 11 12 13 14 15 16 17 18 19
 20 21 22 23 24 25 26 27 28 29 30 31 32 33 34 35 36 37 38 39
 40 41 42 43 44 45 46 47 48
  1  2  3  4  5  6  0  1  2  3  4  5  6  0  1  2  3  4  5  6
  0  1  2  3  4  5  6  0  1  2  3  4  5  6  0  1  2  3  4  5
  6  0  1  2  3  4  5  6  0
  2  3  4  5  6  0  1  2  3  4  5  6  0  1  2  3  4  5  6  0
  1  2  3  4  5  6  0  1  2  3  4  5  6  0  1  2  3  4  5  6
  0  1  2  3  4  5  6  0  1
  3  4  5  6  0  1  2  3  4  5  6  0  1  2  3  4  5  6  0  1
  2  3  4  5  6  0  1  2  3  4  5  6  0  1  2  3  4  5  6  0
  1  2  3  4  5  6  0  1  2
  4  5  6  0  1  2  3  4  5  6  0  1  2  3  4  5  6  0  1  2
  3  4  5  6  0  1  2  3  4  5  6  0  1  2  3  4  5  6  0  1
  2  3  4  5  6  0  1  2  3
  5  6  0  1  2  3  4  5  6  0  1  2  3  4  5  6  0  1  2  3
  4  5  6  0  1  2  3  4  5  6  0  1  2  3  4  5  6  0  1  2
  3  4  5  6  0  1  2  3  4
  6  0  1  2  3  4  5  6  0  1  2  3  4  5  6  0  1  2  3  4
  5  6  0  1  2  3  4  5  6  0  1  2  3  4  5  6  0  1  2  3
  4  5  6  0  1  2  3  4  5
  7  1  2  3  4  5  6  0  1  2  3  4  5  6  0  1  2  3  4  5
  6  0  1  2  3  4  5  6  0  1  2  3  4  5  6  0  1  2  3  4
  5  6  0  1  2  3  4  5  6
  8  2  3  4  5  6  0  1  2  3  4  5  6  0  1  2  3  4  5  6
  0  1  2  3  4  5  6  0  1  2  3  4  5  6  0  1  2  3  4  5
  6  0  1  2  3  4  5  6  0
  9  3  4  5  6  0  1  2  3  4  5  6  0  1  2  3  4  5  6  0
  1  2  3  4  5  6  0  1  2  3  4  5  6  0  1  2  3  4  5  6
  0  1  2  3  4  5  6  0  1
 10  4  5  6  0  1  2  3  4  5  6  0  1  2  3  4  5  6  0  1
  2  3  4  5  6  0  1  2  3  4  5  6  0  1  2  3  4  5  6  0
  1  2  3  4  5  6  0  1  2
 11  5  6  0  1  2  3  4  5  6  0  1  2  3  4  5  6  0  1  2
  3  4  5  6  0  1  2  3  4  5  6  0  1  2  3  4  5  6  0  1
  2  3  4  5  6  0  1  2  3
 12  6  0  1  2  3  4  5  6  0  1  2  3  4  5  6  0  1  2  3
  4  5  6  0  1  2  3  4  5  6  0  1  2  3  4  5  6  0  1  2
  3  4  5  6  0  1  2  3  4
 13  0  1  2  3  4  5  6  0  1  2  3  4  5  6  0  1  2  3  4
  5  6  0  1  2  3  4  5  6  0  1  2  3  4  5  6  0  1  2  3
  4  5  6  0  1  2  3  4  5
 14  1  2  3  4  5  6  0  1  2  3  4  5  6  0  1  2  3  4  5
  6  0  1  2  3  4  5  6  0  1  2  3  4  5  6  0  1  2  3  4
  5  6  0  1  2  3  4  5  6
 15  2  3  4  5  6  0  1  2  3  4  5  6  0  1  2  3  4  5  6
  0  1  2  3  4  5  6  0  1  2  3  4  5  6  0  1  2  3  4  5
  6  0  1  2  3  4  5  6  0
 16  3  4  5  6  0  1  2  3  4  5  6  0  1  2  3  4  5  6  0
  1  2  3  4  5  6  0  1  2  3  4  5  6  0  1  2  3  4  5  6
  0  1  2  3  4  5  6  0  1
 17  4  5  6  0  1  2  3  4  5  6  0  1  2  3  4  5  6  0  1
  2  3  4  5  6  0  1  2  3  4  5  6  0  1  2  3  4  5  6  0
  1  2  3  4  5  6  0  1  2
 18  5  6  0  1  2  3  4  5  6  0  1  2  3  4  5  6  0  1  2
  3  4  5  6  0  1  2  3  4  5  6  0  1  2  3  4  5  6  0  1
  2  3  4  5  6  0  1  2  3
 19  6  0  1  2  3  4  5  6  0  1  2  3  4  5  6  0  1  2  3
  4  5  6  0  1  2  3  4  5  6  0  1  2  3  4  5  6  0  1  2
  3  4  5  6  0  1  2  3  4
 20  0  1  2  3  4  5  6  0  1  2  3  4  5  6  0  1  2  3  4
  5  6  0  1  2  3  4  5  6  0  1  2  3  4  5  6  0  1  2  3
  4  5  6  0  1  2  3  4  5
 21  1  2  3  4  5  6  0  1  2  3  4  5  6  0  1  2  3  4  5
  6  0  1  2  3  4  5  6  0  1  2  3  4  5  6  0  1  2  3  4
  5  6  0  1  2  3  4  5  6
 22  2  3  4  5  6  0  1  2  3  4  5  6  0  1  2  3  4  5  6
  0  1  2  3  4  5  6  0  1  2  3  4  5  6  0  1  2  3  4  5
  6  0  1  2  3  4  5  6  0
 23  3  4  5  6  0  1  2  3  4  5  6  0  1  2  3  4  5  6  0
  1  2  3  4  5  6  0  1  2  3  4  5  6  0  1  2  3  4  5  6
  0  1  2  3  4  5  6  0  1
 24  4  5  6  0  1  2  3  4  5  6  0  1  2  3  4  5  6  0  1
  2  3  4  5  6  0  1  2  3  4  5  6  0  1  2  3  4  5  6  0
  1  2  3  4  5  6  0  1  2
 25  5  6  0  1  2  3  4  5  6  0  1  2  3  4  5  6  0  1  2
  3  4  5  6  0  1  2  3  4  5  6  0  1  2  3  4  5  6  0  1
  2  3  4  5  6  0  1  2  3
 26  6  0  1  2  3  4  5  6  0  1  2  3  4  5  6  0  1  2  3
  4  5  6  0  1  2  3  4  5  6  0  1  2  3  4  5  6  0  1  2
  3  4  5  6  0  1  2  3  4
 27  0  1  2  3  4  5  6  0  1  2  3  4  5  6  0  1  2  3  4
  5  6  0  1  2  3  4  5  6  0  1  2  3  4  5  6  0  1  2  3
  4  5  6  0  1  2  3  4  5
 28  1  2  3  4  5  6  0  1  2  3  4  5  6  0  1  2  3  4  5
  6  0  1  2  3  4  5  6  0  1  2  3  4  5  6  0  1  2  3  4
  5  6  0  1  2  3  4  5  6
 29  2  3  4  5  6  0  1  2  3  4  5  6  0  1  2  3  4  5  6
  0  1  2  3  4  5  6  0  1  2  3  4  5  6  0  1  2  3  4  5
  6  0  1  2  3  4  5  6  0
 30  3  4  5  6  0  1  2  3  4  5  6  0  1  2  3  4  5  6  0
  1  2  3  4  5  6  0  1  2  3  4  5  6  0  1  2  3  4  5  6
  0  1  2  3  4  5  6  0  1
 31  4  5  6  0  1  2  3  4  5  6  0  1  2  3  4  5  6  0  1
  2  3  4  5  6  0  1  2  3  4  5  6  0  1  2  3  4  5  6  0
  1  2  3  4  5  6  0  1  2
 32  5  6  0  1  2  3  4  5  6  0  1  2  3  4  5  6  0  1  2
  3  4  5  6  0  1  2  3  4  5  6  0  1  2  3  4  5  6  0  1
  2  3  4  5  6  0  1  2  3
 33  6  0  1  2  3  4  5  6  0  1  2  3  4  5  6  0  1  2  3
  4  5  6  0  1  2  3  4  5  6  0  1  2  3  4  5  6  0  1  2
  3  4  5  6  0  1  2  3  4
 34  0  1  2  3  4  5  6  0  1  2  3  4  5  6  0  1  2  3  4
  5  6  0  1  2  3  4  5  6  0  1  2  3  4  5  6  0  1  2  3
  4  5  6  0  1  2  3  4  5
 35  1  2  3  4  5  6  0  1  2  3  4  5  6  0  1  2  3  4  5
  6  0  1  2  3  4  5  6  0  1  2  3  4  5  6  0  1  2  3  4
  5  6  0  1  2  3  4  5  6
 36  2  3  4  5  6  0  1  2  3  4  5  6  0  1  2  3  4  5  6
  0  1  2  3  4  5  6  0  1  2  3  4  5  6  0  1  2  3  4  5
  6  0  1  2  3  4  5  6  0
 37  3  4  5  6  0  1  2  3  4  5  6  0  1  2  3  4  5  6  0
  1  2  3  4  5  6  0  1  2  3  4  5  6  0  1  2  3  4  5  6
  0  1  2  3  4  5  6  0  1
 38  4  5  6  0  1  2  3  4  5  6  0  1  2  3  4  5  6  0  1
  2  3  4  5  6  0  1  2  3  4  5  6  0  1  2  3  4  5  6  0
  1  2  3  4  5  6  0  1  2
 39  5  6  0  1  2  3  4  5  6  0  1  2  3  4  5  6  0  1  2
  3  4  5  6  0  1  2  3  4  5  6  0  1  2  3  4  5  6  0  1
  2  3  4  5  6  0  1  2  3
 40  6  0  1  2  3  4  5  6  0  1  2  3  4  5  6  0  1  2  3
  4  5  6  0  1  2  3  4  5  6  0  1  2  3  4  5  6  0  1  2
  3  4  5  6  0  1  2  3  4
 41  0  1  2  3  4  5  6  0  1  2  3  4  5  6  0  1  2  3  4
  5  6  0  1  2  3  4  5  6  0  1  2  3  4  5  6  0  1  2  3
  4  5  6  0  1  2  3  4  5
 42  1  2  3  4  5  6  0  1  2  3  4  5  6  0  1  2  3  4  5
  6  0  1  2  3  4  5  6  0  1  2  3  4  5  6  0  1  2  3  4
  5  6  0  1  2  3  4  5  6
 43  2  3  4  5  6  0  1  2  3  4  5  6  0  1  2  3  4  5  6
  0  1  2  3  4  5  6  0  1  2  3  4  5  6  0  1  2  3  4  5
  6  0  1  2  3  4  5  6  0
 44  3  4  5  6  0  1  2  3  4  5  6  0  1  2  3  4  5  6  0
  1  2  3  4  5  6  0  1  2  3  4  5  6  0  1  2  3  4  5  6
  0  1  2  3  4  5  6  0  1
 45  4  5  6  0  1  2  3  4  5  6  0  1  2  3  4  5  6  0  1
  2  3  4  5  6  0  1  2  3  4  5  6  0  1  2  3  4  5  6  0
  1  2  3  4  5  6  0  1  2
 46  5  6  0  1  2  3  4  5  6  0  1  2  3  4  5  6  0  1  2
  3  4  5  6  0  1  2  3  4  5  6  0  1  2  3  4  5  6  0  1
  2  3  4  5  6  0  1  2  3
 47  6  0  1  2  3  4  5  6  0  1  2  3  4  5  6  0  1  2  3
  4  5  6  0  1  2  3  4  5  6  0  1  2  3  4  5  6  0  1  2
  3  4  5  6  0  1  2  3  4
 48  0  1  2  3  4  5  6  0  1  2  3  4  5  6  0  1  2  3  4
  5  6  0  1  2  3  4  5  6  0  1  2  3  4  5  6  0  1  2  3
  4  5  6  0  1  2  3  4  5
  0  0  0  0  0  0  0  0  0  0  0  0  0  0  0  0  0  0  0  0
  0  0  0  0  0  0  0  0  0  0  0  0  0  0  0  0  0  0  0  0
  0  0  0  0  0  0  0  0  0
  0  1  2  3  4  5  6  7  8  9 10 11 12 13 14 15 16 17 18 19
 20 21 22 23 24 25 26 27 28 29 30 31 32 33 34 35 36 37 38 39
 40 41 42 43 44 45 46 47 48
  0  2  4  6  1  3  5  0  2  4  6  1  3  5  0  2  4  6  1  3
  5  0  2  4  6  1  3  5  0  2  4  6  1  3  5  0  2  4  6  1
  3  5  0  2  4  6  1  3  5
  0  3  6  2  5  1  4  0  3  6  2  5  1  4  0  3  6  2  5  1
  4  0  3  6  2  5  1  4  0  3  6  2  5  1  4  0  3  6  2  5
  1  4  0  3  6  2  5  1  4
  0  4  1  5  2  6  3  0  4  1  5  2  6  3  0  4  1  5  2  6
  3  0  4  1  5  2  6  3  0  4  1  5  2  6  3  0  4  1  5  2
  6  3  0  4  1  5  2  6  3
  0  5  3  1  6  4  2  0  5  3  1  6  4  2  0  5  3  1  6  4
  2  0  5  3  1  6  4  2  0  5  3  1  6  4  2  0  5  3  1  6
  4  2  0  5  3  1  6  4  2
  0  6  5  4  3  2  1  0  6  5  4  3  2  1  0  6  5  4  3  2
  1  0  6  5  4  3  2  1  0  6  5  4  3  2  1  0  6  5  4  3
  2  1  0  6  5  4  3  2  1
  0  7  0  0  0  0  0  0  0  0  0  0  0  0  0  0  0  0  0  0
  0  0  0  0  0  0  0  0  0  0  0  0  0  0  0  0  0  0  0  0
  0  0  0  0  0  0  0  0  0
  0  8  2  3  4  5  6  0  1  2  3  4  5  6  0  1  2  3  4  5
  6  0  1  2  3  4  5  6  0  1  2  3  4  5  6  0  1  2  3  4
  5  6  0  1  2  3  4  5  6
  0  9  4  6  1  3  5  0  2  4  6  1  3  5  0  2  4  6  1  3
  5  0  2  4  6  1  3  5  0  2  4  6  1  3  5  0  2  4  6  1
  3  5  0  2  4  6  1  3  5
  0 10  6  2  5  1  4  0  3  6  2  5  1  4  0  3  6  2  5  1
  4  0  3  6  2  5  1  4  0  3  6  2  5  1  4  0  3  6  2  5
  1  4  0  3  6  2  5  1  4
  0 11  1  5  2  6  3  0  4  1  5  2  6  3  0  4  1  5  2  6
  3  0  4  1  5  2  6  3  0  4  1  5  2  6  3  0  4  1  5  2
  6  3  0  4  1  5  2  6  3
  0 12  3  1  6  4  2  0  5  3  1  6  4  2  0  5  3  1  6  4
  2  0  5  3  1  6  4  2  0  5  3  1  6  4  2  0  5  3  1  6
  4  2  0  5  3  1  6  4  2
  0 13  5  4  3  2  1  0  6  5  4  3  2  1  0  6  5  4  3  2
  1  0  6  5  4  3  2  1  0  6  5  4  3  2  1  0  6  5  4  3
  2  1  0  6  5  4  3  2  1
  0 14  0  0  0  0  0  0  0  0  0  0  0  0  0  0  0  0  0  0
  0  0  0  0  0  0  0  0  0  0  0  0  0  0  0  0  0  0  0  0
  0  0  0  0  0  0  0  0  0
  0 15  2  3  4  5  6  0  1  2  3  4  5  6  0  1  2  3  4  5
  6  0  1  2  3  4  5  6  0  1  2  3  4  5  6  0  1  2  3  4
  5  6  0  1  2  3  4  5  6
  0 16  4  6  1  3  5  0  2  4  6  1  3  5  0  2  4  6  1  3
  5  0  2  4  6  1  3  5  0  2  4  6  1  3  5  0  2  4  6  1
  3  5  0  2  4  6  1  3  5
  0 17  6  2  5  1  4  0  3  6  2  5  1  4  0  3  6  2  5  1
  4  0  3  6  2  5  1  4  0  3  6  2  5  1  4  0  3  6  2  5
  1  4  0  3  6  2  5  1  4
  0 18  1  5  2  6  3  0  4  1  5  2  6  3  0  4  1  5  2  6
  3  0  4  1  5  2  6  3  0  4  1  5  2  6  3  0  4  1  5  2
  6  3  0  4  1  5  2  6  3
  0 19  3  1  6  4  2  0  5  3  1  6  4  2  0  5  3  1  6  4
  2  0  5  3  1  6  4  2  0  5  3  1  6  4  2  0  5  3  1  6
  4  2  0  5  3  1  6  4  2
  0 20  5  4  3  2  1  0  6  5  4  3  2  1  0  6  5  4  3  2
  1  0  6  5  4  3  2  1  0  6  5  4  3  2  1  0  6  5  4  3
  2  1  0  6  5  4  3  2  1
  0 21  0  0  0  0  0  0  0  0  0  0  0  0  0  0  0  0  0  0
  0  0  0  0  0  0  0  0  0  0  0  0  0  0  0  0  0  0  0  0
  0  0  0  0  0  0  0  0  0
  0 22  2  3  4  5  6  0  1  2  3  4  5  6  0  1  2  3  4  5
  6  0  1  2  3  4  5  6  0  1  2  3  4  5  6  0  1  2  3  4
  5  6  0  1  2  3  4  5  6
  0 23  4  6  1  3  5  0  2  4  6  1  3  5  0  2  4  6  1  3
  5  0  2  4  6  1  3  5  0  2  4  6  1  3  5  0  2  4  6  1
  3  5  0  2  4  6  1  3  5
  0 24  6  2  5  1  4  0  3  6  2  5  1  4  0  3  6  2  5  1
  4  0  3  6  2  5  1  4  0  3  6  2  5  1  4  0  3  6  2  5
  1  4  0  3  6  2  5  1  4
  0 25  1  5  2  6  3  0  4  1  5  2  6  3  0  4  1  5  2  6
  3  0  4  1  5  2  6  3  0  4  1  5  2  6  3  0  4  1  5  2
  6  3  0  4  1  5  2  6  3
  0 26  3  1  6  4  2  0  5  3  1  6  4  2  0  5  3  1  6  4
  2  0  5  3  1  6  4  2  0  5  3  1  6  4  2  0  5  3  1  6
  4  2  0  5  3  1  6  4  2
  0 27  5  4  3  2  1  0  6  5  4  3  2  1  0  6  5  4  3  2
  1  0  6  5  4  3  2  1  0  6  5  4  3  2  1  0  6  5  4  3
  2  1  0  6  5  4  3  2  1
  0 28  0  0  0  0  0  0  0  0  0  0  0  0  0  0  0  0  0  0
  0  0  0  0  0  0  0  0  0  0  0  0  0  0  0  0  0  0  0  0
  0  0  0  0  0  0  0  0  0
  0 29  2  3  4  5  6  0  1  2  3  4  5  6  0  1  2  3  4  5
  6  0  1  2  3  4  5  6  0  1  2  3  4  5  6  0  1  2  3  4
  5  6  0  1  2  3  4  5  6
  0 30  4  6  1  3  5  0  2  4  6  1  3  5  0  2  4  6  1  3
  5  0  2  4  6  1  3  5  0  2  4  6  1  3  5  0  2  4  6  1
  3  5  0  2  4  6  1  3  5
  0 31  6  2  5  1  4  0  3  6  2  5  1  4  0  3  6  2  5  1
  4  0  3  6  2  5  1  4  0  3  6  2  5  1  4  0  3  6  2  5
  1  4  0  3  6  2  5  1  4
  0 32  1  5  2  6  3  0  4  1  5  2  6  3  0  4  1  5  2  6
  3  0  4  1  5  2  6  3  0  4  1  5  2  6  3  0  4  1  5  2
  6  3  0  4  1  5  2  6  3
  0 33  3  1  6  4  2  0  5  3  1  6  4  2  0  5  3  1  6  4
  2  0  5  3  1  6  4  2  0  5  3  1  6  4  2  0  5  3  1  6
  4  2  0  5  3  1  6  4  2
  0 34  5  4  3  2  1  0  6  5  4  3  2  1  0  6  5  4  3  2
  1  0  6  5  4  3  2  1  0  6  5  4  3  2  1  0  6  5  4  3
  2  1  0  6  5  4  3  2  1
  0 35  0  0  0  0  0  0  0  0  0  0  0  0  0  0  0  0  0  0
  0  0  0  0  0  0  0  0  0  0  0  0  0  0  0  0  0  0  0  0
  0  0  0  0  0  0  0  0  0
  0 36  2  3  4  5  6  0  1  2  3  4  5  6  0  1  2  3  4  5
  6  0  1  2  3  4  5  6  0  1  2  3  4  5  6  0  1  2  3  4
  5  6  0  1  2  3  4  5  6
  0 37  4  6  1  3  5  0  2  4  6  1  3  5  0  2  4  6  1  3
  5  0  2  4  6  1  3  5  0  2  4  6  1  3  5  0  2  4  6  1
  3  5  0  2  4  6  1  3  5
  0 38  6  2  5  1  4  0  3  6  2  5  1  4  0  3  6  2  5  1
  4  0  3  6  2  5  1  4  0  3  6  2  5  1  4  0  3  6  2  5
  1  4  0  3  6  2  5  1  4
  0 39  1  5  2  6  3  0  4  1  5  2  6  3  0  4  1  5  2  6
  3  0  4  1  5  2  6  3  0  4  1  5  2  6  3  0  4  1  5  2
  6  3  0  4  1  5  2  6  3
  0 40  3  1  6  4  2  0  5  3  1  6  4  2  0  5  3  1  6  4
  2  0  5  3  1  6  4  2  0  5  3  1  6  4  2  0  5  3  1  6
  4  2  0  5  3  1  6  4  2
  0 41  5  4  3  2  1  0  6  5  4  3  2  1  0  6  5  4  3  2
  1  0  6  5  4  3  2  1  0  6  5  4  3  2  1  0  6  5  4  3
  2  1  0  6  5  4  3  2  1
  0 42  0  0  0  0  0  0  0  0  0  0  0  0  0  0  0  0  0  0
  0  0  0  0  0  0  0  0  0  0  0  0  0  0  0  0  0  0  0  0
  0  0  0  0  0  0  0  0  0
  0 43  2  3  4  5  6  0  1  2  3  4  5  6  0  1  2  3  4  5
  6  0  1  2  3  4  5  6  0  1  2  3  4  5  6  0  1  2  3  4
  5  6  0  1  2  3  4  5  6
  0 44  4  6  1  3  5  0  2  4  6  1  3  5  0  2  4  6  1  3
  5  0  2  4  6  1  3  5  0  2  4  6  1  3  5  0  2  4  6  1
  3  5  0  2  4  6  1  3  5
  0 45  6  2  5  1  4  0  3  6  2  5  1  4  0  3  6  2  5  1
  4  0  3  6  2  5  1  4  0  3  6  2  5  1  4  0  3  6  2  5
  1  4  0  3  6  2  5  1  4
  0 46  1  5  2  6  3  0  4  1  5  2  6  3  0  4  1  5  2  6
  3  0  4  1  5  2  6  3  0  4  1  5  2  6  3  0  4  1  5  2
  6  3  0  4  1  5  2  6  3
  0 47  3  1  6  4  2  0  5  3  1  6  4  2  0  5  3  1  6  4
  2  0  5  3  1  6  4  2  0  5  3  1  6  4  2  0  5  3  1  6
  4  2  0  5  3  1  6  4  2
  0 48  5  4  3  2  1  0  6  5  4  3  2  1  0  6  5  4  3  2
  1  0  6  5  4  3  2  1  0  6  5  4  3  2  1  0  6  5  4  3
  2  1  0  6  5  4  3  2  1
