   0.00000    
   440.000    
   880.000    
   1320.00    
   1760.00    
   2200.00    
   2640.00    
   3080.00    
   3520.00    
   3960.00    
   4400.00    
   4840.00    
   5280.00    
   5720.00    
   6160.00    
   6600.00    
   7040.00    
   7480.00    
   7920.00    
   8360.00    
   8800.00    
   9240.00    
   9680.00    
   10120.0    
   10560.0    
   11000.0    
   11440.0    
   11880.0    
   12320.0    
   12760.0    
   13200.0    
   13640.0    
   14080.0    
   14520.0    
   14960.0    
   15400.0    
   15840.0    
   16280.0    
   16720.0    
   17160.0    
   17600.0    
   18040.0    
   18480.0    
   18920.0    
   19360.0    
   19800.0    
   20240.0    
   20680.0    
   21120.0    
   21560.0    
   22000.0    
