   100.000       100.000       100.000       100.000       100.000       100.000       100.000       100.000       100.000       100.000       100.000    
   20.0000       86.4912       97.7188       99.6145       99.9331       99.9780       99.9331       99.6145       97.7188       86.4912       20.0000    
   20.0000       76.8854       94.4745       98.7913       99.7402       99.8999       99.7402       98.7913       94.4745       76.8854       20.0000    
   20.0000       69.8544       90.9457       97.6011       99.3876       99.7317       99.3876       97.6011       90.9457       69.8544       20.0000    
   20.0000       64.5611       87.4675       96.1449       98.8650       99.4471       98.8650       96.1449       87.4675       64.5611       20.0000    
   20.0000       60.4681       84.1920       94.5163       98.1782       99.0304       98.1782       94.5163       84.1920       60.4681       20.0000    
   20.0000       57.2239       81.1760       92.7901       97.3425       98.4762       97.3425       92.7901       81.1760       57.2239       20.0000    
   20.0000       54.5938       78.4281       91.0212       96.3777       97.7871       96.3777       91.0212       78.4281       54.5938       20.0000    
   20.0000       52.4178       75.9341       89.2474       95.3046       96.9720       95.3046       89.2474       75.9341       52.4178       20.0000    
   20.0000       50.5847       73.6701       87.4938       94.1435       96.0432       94.1435       87.4938       73.6701       50.5847       20.0000    
   20.0000       49.0152       71.6098       85.7757       92.9128       95.0153       92.9128       85.7757       71.6098       49.0152       20.0000    
   20.0000       47.6520       69.7273       84.1018       91.6289       93.9034       91.6289       84.1018       69.7273       47.6520       20.0000    
   20.0000       46.4527       67.9993       82.4767       90.3057       92.7220       90.3057       82.4767       67.9993       46.4527       20.0000    
   20.0000       45.3855       66.4049       80.9017       88.9554       91.4853       88.9554       80.9017       66.4049       45.3855       20.0000    
   20.0000       44.4259       64.9261       79.3766       87.5880       90.2056       87.5880       79.3766       64.9261       44.4259       20.0000    
   20.0000       43.5550       63.5475       77.9000       86.2119       88.8942       86.2119       77.9000       63.5475       43.5550       20.0000    
   20.0000       42.7581       62.2559       76.4700       84.8340       87.5610       84.8340       76.4700       62.2559       42.7581       20.0000    
   20.0000       42.0232       61.0403       75.0844       83.4599       86.2144       83.4599       75.0844       61.0403       42.0232       20.0000    
   20.0000       41.3410       59.8912       73.7409       82.0944       84.8616       82.0944       73.7409       59.8912       41.3410       20.0000    
   20.0000       40.7038       58.8009       72.4373       80.7411       83.5086       80.7411       72.4373       58.8009       40.7038       20.0000    
   20.0000       40.1054       57.7625       71.1716       79.4030       82.1605       79.4030       71.1716       57.7625       40.1054       20.0000    
   20.0000       39.5405       56.7704       69.9419       78.0826       80.8215       78.0826       69.9419       56.7704       39.5405       20.0000    
   20.0000       39.0051       55.8199       68.7463       76.7816       79.4949       76.7816       68.7463       55.8199       39.0051       20.0000    
   20.0000       38.4956       54.9069       67.5832       75.5016       78.1837       75.5016       67.5832       54.9069       38.4956       20.0000    
   20.0000       38.0091       54.0280       66.4513       74.2437       76.8900       74.2437       66.4513       54.0280       38.0091       20.0000    
   20.0000       37.5432       53.1802       65.3490       73.0086       75.6155       73.0086       65.3490       53.1802       37.5432       20.0000    
   20.0000       37.0957       52.3610       64.2753       71.7969       74.3616       71.7969       64.2753       52.3610       37.0957       20.0000    
   20.0000       36.6651       51.5684       63.2289       70.6090       73.1294       70.6090       63.2289       51.5684       36.6651       20.0000    
   20.0000       36.2497       50.8003       62.2090       69.4451       71.9196       69.4451       62.2090       50.8003       36.2497       20.0000    
   20.0000       35.8485       50.0553       61.2145       68.3052       70.7328       68.3052       61.2145       50.0553       35.8485       20.0000    
   20.0000       35.4602       49.3320       60.2446       67.1893       69.5693       67.1893       60.2446       49.3320       35.4602       20.0000    
   20.0000       35.0840       48.6290       59.2984       66.0974       68.4293       66.0974       59.2984       48.6290       35.0840       20.0000    
   20.0000       34.7191       47.9455       58.3754       65.0291       67.3128       65.0291       58.3754       47.9455       34.7191       20.0000    
   20.0000       34.3648       47.2803       57.4747       63.9843       66.2199       63.9843       57.4747       47.2803       34.3648       20.0000    
   20.0000       34.0206       46.6327       56.5957       62.9627       65.1504       62.9627       56.5957       46.6327       34.0206       20.0000    
   20.0000       33.6858       46.0020       55.7378       61.9639       64.1041       61.9639       55.7378       46.0020       33.6858       20.0000    
   20.0000       33.3600       45.3873       54.9004       60.9876       63.0807       60.9876       54.9004       45.3873       33.3600       20.0000    
   20.0000       33.0429       44.7883       54.0829       60.0333       62.0801       60.0333       54.0829       44.7883       33.0429       20.0000    
   20.0000       32.7339       44.2042       53.2848       59.1008       61.1018       59.1008       53.2848       44.2042       32.7339       20.0000    
   20.0000       32.4329       43.6345       52.5057       58.1896       60.1456       58.1896       52.5057       43.6345       32.4329       20.0000    
   20.0000       32.1395       43.0789       51.7450       57.2992       59.2109       57.2992       51.7450       43.0789       32.1395       20.0000    
   20.0000       31.8535       42.5367       51.0023       56.4293       58.2976       56.4293       51.0023       42.5367       31.8535       20.0000    
   20.0000       31.5745       42.0078       50.2770       55.5794       57.4050       55.5794       50.2770       42.0078       31.5745       20.0000    
   20.0000       31.3024       41.4915       49.5689       54.7491       56.5329       54.7491       49.5689       41.4915       31.3024       20.0000    
   20.0000       31.0369       40.9877       48.8773       53.9381       55.6809       53.9381       48.8773       40.9877       31.0369       20.0000    
   20.0000       30.7778       40.4959       48.2021       53.1458       54.8485       53.1458       48.2021       40.4959       30.7778       20.0000    
   20.0000       30.5250       40.0158       47.5427       52.3719       54.0353       52.3719       47.5427       40.0158       30.5250       20.0000    
   20.0000       30.2783       39.5472       46.8987       51.6160       53.2409       51.6160       46.8987       39.5472       30.2783       20.0000    
   20.0000       30.0374       39.0896       46.2699       50.8777       52.4649       50.8777       46.2699       39.0896       30.0374       20.0000    
   20.0000       29.8023       38.6429       45.6558       50.1565       51.7069       50.1565       45.6558       38.6429       29.8023       20.0000    
   20.0000       29.5728       38.2067       45.0561       49.4521       50.9665       49.4521       45.0561       38.2067       29.5728       20.0000    
