20 November  2007   9:13:28.388 AM      
 
MD
  FORTRAN77 version
 
  A molecular dynamics program.
 
  The number of processors available:
  OMP_GET_NUM_PROCS () =        1
 
  The number of threads is        1
 
  This is processor        0
 
      Step      Pot Energy      Kin Energy     (P+K-E0)/E0
 
       1   124434.       0.00000       0.00000    
       2   124434.      0.172600E-05  0.138708E-10
       3   124434.      0.155340E-04  0.138693E-10
       4   124434.      0.431500E-04  0.138719E-10
       5   124434.      0.845740E-04  0.138697E-10
       6   124434.      0.139806E-03  0.138712E-10
       7   124434.      0.208846E-03  0.138699E-10
       8   124434.      0.291694E-03  0.138675E-10
       9   124434.      0.388350E-03  0.138690E-10
      10   124434.      0.498814E-03  0.138697E-10
      11   124434.      0.623087E-03  0.138696E-10
      12   124434.      0.761167E-03  0.138697E-10
      13   124434.      0.913055E-03  0.138717E-10
      14   124434.      0.107875E-02  0.138666E-10
      15   124434.      0.125826E-02  0.138666E-10
      16   124434.      0.145157E-02  0.138666E-10
      17   124434.      0.165869E-02  0.138700E-10
      18   124434.      0.187962E-02  0.138679E-10
      19   124434.      0.211436E-02  0.138666E-10
      20   124434.      0.236290E-02  0.138634E-10
      21   124434.      0.262526E-02  0.138643E-10
      22   124434.      0.290142E-02  0.138620E-10
      23   124434.      0.319139E-02  0.138622E-10
      24   124434.      0.349517E-02  0.138616E-10
      25   124434.      0.381276E-02  0.138586E-10
      26   124434.      0.414415E-02  0.138560E-10
      27   124434.      0.448936E-02  0.138574E-10
      28   124434.      0.484837E-02  0.138505E-10
      29   124434.      0.522119E-02  0.138456E-10
      30   124434.      0.560782E-02  0.138432E-10
      31   124434.      0.600826E-02  0.138459E-10
      32   124434.      0.642251E-02  0.138375E-10
      33   124434.      0.685057E-02  0.138396E-10
      34   124434.      0.729244E-02  0.138345E-10
      35   124434.      0.774811E-02  0.138303E-10
      36   124434.      0.821760E-02  0.138245E-10
      37   124434.      0.870089E-02  0.138242E-10
      38   124434.      0.919799E-02  0.138147E-10
      39   124434.      0.970891E-02  0.138091E-10
      40   124434.      0.102336E-01  0.138045E-10
      41   124434.      0.107722E-01  0.138020E-10
      42   124434.      0.113245E-01  0.137951E-10
      43   124434.      0.118906E-01  0.137898E-10
      44   124434.      0.124706E-01  0.137859E-10
      45   124434.      0.130644E-01  0.137754E-10
      46   124434.      0.136720E-01  0.137685E-10
      47   124434.      0.142933E-01  0.137590E-10
      48   124434.      0.149285E-01  0.137566E-10
      49   124434.      0.155776E-01  0.137476E-10
      50   124434.      0.162404E-01  0.137412E-10
      51   124434.      0.169170E-01  0.137262E-10
      52   124434.      0.176074E-01  0.137199E-10
      53   124434.      0.183117E-01  0.137104E-10
      54   124434.      0.190298E-01  0.136988E-10
      55   124434.      0.197616E-01  0.136904E-10
      56   124434.      0.205073E-01  0.136777E-10
      57   124434.      0.212668E-01  0.136692E-10
      58   124434.      0.220401E-01  0.136553E-10
      59   124434.      0.228272E-01  0.136463E-10
      60   124434.      0.236282E-01  0.136308E-10
      61   124434.      0.244429E-01  0.136167E-10
      62   124434.      0.252715E-01  0.136051E-10
      63   124434.      0.261138E-01  0.135912E-10
      64   124434.      0.269700E-01  0.135775E-10
      65   124434.      0.278400E-01  0.135605E-10
      66   124434.      0.287238E-01  0.135464E-10
      67   124434.      0.296214E-01  0.135288E-10
      68   124434.      0.305328E-01  0.135117E-10
      69   124434.      0.314580E-01  0.134942E-10
      70   124434.      0.323971E-01  0.134765E-10
      71   124434.      0.333499E-01  0.134592E-10
      72   124434.      0.343166E-01  0.134419E-10
      73   124434.      0.352971E-01  0.134214E-10
      74   124434.      0.362914E-01  0.134032E-10
      75   124434.      0.372995E-01  0.133846E-10
      76   124434.      0.383214E-01  0.133612E-10
      77   124434.      0.393572E-01  0.133399E-10
      78   124434.      0.404067E-01  0.133190E-10
      79   124434.      0.414701E-01  0.132976E-10
      80   124434.      0.425473E-01  0.132714E-10
      81   124434.      0.436383E-01  0.132454E-10
      82   124434.      0.447431E-01  0.132237E-10
      83   124434.      0.458617E-01  0.131948E-10
      84   124434.      0.469942E-01  0.131753E-10
      85   124434.      0.481404E-01  0.131445E-10
      86   124434.      0.493005E-01  0.131178E-10
      87   124434.      0.504744E-01  0.130895E-10
      88   124434.      0.516621E-01  0.130597E-10
      89   124434.      0.528636E-01  0.130339E-10
      90   124434.      0.540789E-01  0.130008E-10
      91   124434.      0.553080E-01  0.129704E-10
      92   124434.      0.565510E-01  0.129398E-10
      93   124434.      0.578078E-01  0.129072E-10
      94   124434.      0.590784E-01  0.128728E-10
      95   124434.      0.603628E-01  0.128409E-10
      96   124434.      0.616610E-01  0.128023E-10
      97   124434.      0.629731E-01  0.127719E-10
      98   124434.      0.642989E-01  0.127384E-10
      99   124434.      0.656386E-01  0.127002E-10
     100   124434.      0.669921E-01  0.126615E-10
     101   124434.      0.683594E-01  0.126257E-10
     102   124434.      0.697406E-01  0.125848E-10
     103   124434.      0.711355E-01  0.125511E-10
     104   124434.      0.725443E-01  0.125040E-10
     105   124434.      0.739669E-01  0.124629E-10
     106   124434.      0.754033E-01  0.124219E-10
     107   124434.      0.768535E-01  0.123759E-10
     108   124434.      0.783175E-01  0.123355E-10
     109   124434.      0.797954E-01  0.122900E-10
     110   124434.      0.812871E-01  0.122438E-10
     111   124434.      0.827926E-01  0.121962E-10
     112   124434.      0.843119E-01  0.121480E-10
     113   124434.      0.858451E-01  0.121023E-10
     114   124434.      0.873920E-01  0.120531E-10
     115   124434.      0.889528E-01  0.120008E-10
     116   124434.      0.905274E-01  0.119510E-10
     117   124434.      0.921158E-01  0.119018E-10
     118   124434.      0.937181E-01  0.118477E-10
     119   124434.      0.953342E-01  0.117921E-10
     120   124434.      0.969641E-01  0.117414E-10
     121   124434.      0.986078E-01  0.116844E-10
     122   124434.      0.100265      0.116242E-10
     123   124434.      0.101937      0.115674E-10
     124   124434.      0.103622      0.115072E-10
     125   124434.      0.105321      0.114510E-10
     126   124434.      0.107034      0.113901E-10
     127   124434.      0.108760      0.113309E-10
     128   124434.      0.110501      0.112632E-10
     129   124434.      0.112255      0.111994E-10
     130   124434.      0.114023      0.111356E-10
     131   124434.      0.115805      0.110688E-10
     132   124434.      0.117601      0.110031E-10
     133   124434.      0.119411      0.109359E-10
     134   124434.      0.121234      0.108656E-10
     135   124434.      0.123071      0.107982E-10
     136   124434.      0.124922      0.107260E-10
     137   124434.      0.126787      0.106559E-10
     138   124434.      0.128666      0.105814E-10
     139   124434.      0.130559      0.105096E-10
     140   124434.      0.132465      0.104320E-10
     141   124434.      0.134385      0.103554E-10
     142   124434.      0.136319      0.102771E-10
     143   124434.      0.138267      0.101992E-10
     144   124434.      0.140229      0.101196E-10
     145   124434.      0.142204      0.100354E-10
     146   124434.      0.144194      0.995506E-11
     147   124434.      0.146197      0.986981E-11
     148   124434.      0.148214      0.978689E-11
     149   124434.      0.150245      0.969965E-11
     150   124434.      0.152289      0.961522E-11
     151   124434.      0.154348      0.952271E-11
     152   124434.      0.156420      0.943536E-11
     153   124434.      0.158506      0.934741E-11
     154   124434.      0.160606      0.925304E-11
     155   124434.      0.162720      0.915960E-11
     156   124434.      0.164848      0.906464E-11
     157   124434.      0.166989      0.897015E-11
     158   124434.      0.169145      0.887542E-11
     159   124434.      0.171314      0.877590E-11
     160   124434.      0.173497      0.867767E-11
     161   124434.      0.175694      0.857499E-11
     162   124434.      0.177904      0.847454E-11
     163   124434.      0.180129      0.837022E-11
     164   124434.      0.182367      0.826766E-11
     165   124434.      0.184619      0.815902E-11
     166   124434.      0.186885      0.805155E-11
     167   124434.      0.189165      0.794711E-11
     168   124434.      0.191459      0.783286E-11
     169   124434.      0.193766      0.772550E-11
     170   124434.      0.196087      0.760949E-11
     171   124434.      0.198423      0.749594E-11
     172   124434.      0.200772      0.738028E-11
     173   124434.      0.203135      0.726322E-11
     174   124434.      0.205511      0.714627E-11
     175   124434.      0.207902      0.702793E-11
     176   124434.      0.210306      0.690396E-11
     177   124434.      0.212724      0.678164E-11
     178   124434.      0.215156      0.665943E-11
     179   124434.      0.217602      0.653266E-11
     180   124434.      0.220062      0.640519E-11
     181   124434.      0.222536      0.627889E-11
     182   124434.      0.225023      0.614792E-11
     183   124434.      0.227524      0.601401E-11
     184   124434.      0.230039      0.588350E-11
     185   124434.      0.232568      0.575135E-11
     186   124434.      0.235111      0.561465E-11
     187   124434.      0.237668      0.547595E-11
     188   124434.      0.240238      0.533772E-11
     189   124434.      0.242822      0.519797E-11
     190   124434.      0.245420      0.505062E-11
     191   124434.      0.248032      0.490994E-11
     192   124434.      0.250658      0.476843E-11
     193   124434.      0.253298      0.461979E-11
     194   124434.      0.255951      0.447221E-11
     195   124434.      0.258619      0.432240E-11
     196   124434.      0.261300      0.417517E-11
     197   124434.      0.263995      0.401753E-11
     198   124434.      0.266704      0.386597E-11
     199   124434.      0.269427      0.371265E-11
     200   124434.      0.272163      0.355478E-11
     201   124434.      0.274914      0.339082E-11
     202   124434.      0.277678      0.323400E-11
     203   124434.      0.280456      0.307016E-11
     204   124434.      0.283248      0.290749E-11
     205   124434.      0.286054      0.273932E-11
     206   124434.      0.288874      0.257513E-11
     207   124434.      0.291707      0.240416E-11
     208   124434.      0.294555      0.223412E-11
     209   124434.      0.297416      0.206197E-11
     210   124434.      0.300291      0.188784E-11
     211   124434.      0.303180      0.171055E-11
     212   124434.      0.306083      0.153490E-11
     213   124434.      0.308999      0.135609E-11
     214   124434.      0.311930      0.117623E-11
     215   124434.      0.314874      0.992395E-12
     216   124434.      0.317833      0.807856E-12
     217   124434.      0.320805      0.622615E-12
     218   124434.      0.323791      0.436556E-12
     219   124434.      0.326790      0.245234E-12
     220   124434.      0.329804      0.537947E-13
     221   124434.      0.332832     -0.138931E-12
     222   124434.      0.335873     -0.332475E-12
     223   124434.      0.338928     -0.528942E-12
     224   124434.      0.341997     -0.727632E-12
     225   124434.      0.345080     -0.927257E-12
     226   124433.      0.348177     -0.113355E-11
     227   124433.      0.351288     -0.133832E-11
     228   124433.      0.354412     -0.153876E-11
     229   124433.      0.357550     -0.174938E-11
     230   124433.      0.360703     -0.195743E-11
     231   124433.      0.363869     -0.216465E-11
     232   124433.      0.367049     -0.238357E-11
     233   124433.      0.370242     -0.259571E-11
     234   124433.      0.373450     -0.281452E-11
     235   124433.      0.376672     -0.303180E-11
     236   124433.      0.379907     -0.325505E-11
     237   124433.      0.383156     -0.347654E-11
     238   124433.      0.386419     -0.370248E-11
     239   124433.      0.389696     -0.392666E-11
     240   124433.      0.392987     -0.415576E-11
     241   124433.      0.396292     -0.438497E-11
     242   124433.      0.399611     -0.461675E-11
     243   124433.      0.402943     -0.485322E-11
     244   124433.      0.406289     -0.508722E-11
     245   124433.      0.409650     -0.532544E-11
     246   124433.      0.413024     -0.556717E-11
     247   124433.      0.416412     -0.580749E-11
     248   124433.      0.419813     -0.605050E-11
     249   124433.      0.423229     -0.629749E-11
     250   124433.      0.426659     -0.654541E-11
     251   124433.      0.430102     -0.679497E-11
     252   124433.      0.433559     -0.705085E-11
     253   124433.      0.437030     -0.730193E-11
     254   124433.      0.440516     -0.756225E-11
     255   124433.      0.444014     -0.781438E-11
     256   124433.      0.447527     -0.807879E-11
     257   124433.      0.451054     -0.833865E-11
     258   124433.      0.454594     -0.860575E-11
     259   124433.      0.458149     -0.887098E-11
     260   124433.      0.461717     -0.913948E-11
     261   124433.      0.465299     -0.940916E-11
     262   124433.      0.468895     -0.968293E-11
     263   124433.      0.472505     -0.995716E-11
     264   124433.      0.476129     -0.102348E-10
     265   124433.      0.479767     -0.105160E-10
     266   124433.      0.483418     -0.107940E-10
     267   124433.      0.487083     -0.110795E-10
     268   124433.      0.490763     -0.113660E-10
     269   124433.      0.494456     -0.116520E-10
     270   124433.      0.498163     -0.119404E-10
     271   124433.      0.501884     -0.122362E-10
     272   124433.      0.505619     -0.125295E-10
     273   124433.      0.509367     -0.128270E-10
     274   124433.      0.513130     -0.131244E-10
     275   124433.      0.516907     -0.134288E-10
     276   124433.      0.520697     -0.137277E-10
     277   124433.      0.524501     -0.140362E-10
     278   124433.      0.528319     -0.143458E-10
     279   124433.      0.532151     -0.146554E-10
     280   124433.      0.535997     -0.149652E-10
     281   124433.      0.539857     -0.152770E-10
     282   124433.      0.543731     -0.155948E-10
     283   124433.      0.547618     -0.159129E-10
     284   124433.      0.551520     -0.162343E-10
     285   124433.      0.555435     -0.165596E-10
     286   124433.      0.559364     -0.168866E-10
     287   124433.      0.563307     -0.172141E-10
     288   124433.      0.567264     -0.175442E-10
     289   124433.      0.571235     -0.178762E-10
     290   124433.      0.575220     -0.182129E-10
     291   124433.      0.579219     -0.185484E-10
     292   124433.      0.583231     -0.188865E-10
     293   124433.      0.587258     -0.192316E-10
     294   124433.      0.591298     -0.195765E-10
     295   124433.      0.595352     -0.199225E-10
     296   124433.      0.599421     -0.202717E-10
     297   124433.      0.603503     -0.206255E-10
     298   124433.      0.607599     -0.209816E-10
     299   124433.      0.611708     -0.213344E-10
     300   124433.      0.615832     -0.216941E-10
     301   124433.      0.619970     -0.220563E-10
     302   124433.      0.624121     -0.224188E-10
     303   124433.      0.628287     -0.227860E-10
     304   124433.      0.632466     -0.231541E-10
     305   124433.      0.636659     -0.235210E-10
     306   124433.      0.640867     -0.239002E-10
     307   124433.      0.645088     -0.242778E-10
     308   124433.      0.649323     -0.246532E-10
     309   124433.      0.653571     -0.250331E-10
     310   124433.      0.657834     -0.254175E-10
     311   124433.      0.662111     -0.258091E-10
     312   124433.      0.666401     -0.261914E-10
     313   124433.      0.670706     -0.265848E-10
     314   124433.      0.675024     -0.269812E-10
     315   124433.      0.679357     -0.273785E-10
     316   124433.      0.683703     -0.277737E-10
     317   124433.      0.688063     -0.281747E-10
     318   124433.      0.692437     -0.285793E-10
     319   124433.      0.696825     -0.289868E-10
     320   124433.      0.701227     -0.293951E-10
     321   124433.      0.705642     -0.298062E-10
     322   124433.      0.710072     -0.302193E-10
     323   124433.      0.714516     -0.306382E-10
     324   124433.      0.718973     -0.310579E-10
     325   124433.      0.723445     -0.314780E-10
     326   124433.      0.727930     -0.319068E-10
     327   124433.      0.732429     -0.323325E-10
     328   124433.      0.736942     -0.327609E-10
     329   124433.      0.741469     -0.331939E-10
     330   124433.      0.746010     -0.336288E-10
     331   124433.      0.750565     -0.340682E-10
     332   124433.      0.755134     -0.345098E-10
     333   124433.      0.759717     -0.349492E-10
     334   124433.      0.764313     -0.353984E-10
     335   124433.      0.768924     -0.358456E-10
     336   124433.      0.773549     -0.362997E-10
     337   124433.      0.778187     -0.367507E-10
     338   124433.      0.782839     -0.372093E-10
     339   124433.      0.787506     -0.376662E-10
     340   124433.      0.792186     -0.381313E-10
     341   124433.      0.796880     -0.385980E-10
     342   124433.      0.801588     -0.390637E-10
     343   124433.      0.806310     -0.395322E-10
     344   124433.      0.811046     -0.400083E-10
     345   124433.      0.815796     -0.404831E-10
     346   124433.      0.820559     -0.409619E-10
     347   124433.      0.825337     -0.414471E-10
     348   124433.      0.830129     -0.419278E-10
     349   124433.      0.834934     -0.424164E-10
     350   124433.      0.839754     -0.429088E-10
     351   124433.      0.844587     -0.433986E-10
     352   124433.      0.849434     -0.438924E-10
     353   124433.      0.854296     -0.443934E-10
     354   124433.      0.859171     -0.448954E-10
     355   124433.      0.864060     -0.453980E-10
     356   124433.      0.868963     -0.459075E-10
     357   124433.      0.873880     -0.464168E-10
     358   124433.      0.878811     -0.469294E-10
     359   124433.      0.883756     -0.474476E-10
     360   124433.      0.888715     -0.479636E-10
     361   124433.      0.893688     -0.484883E-10
     362   124433.      0.898674     -0.490114E-10
     363   124433.      0.903675     -0.495394E-10
     364   124433.      0.908690     -0.500705E-10
     365   124433.      0.913718     -0.506043E-10
     366   124433.      0.918761     -0.511395E-10
     367   124433.      0.923817     -0.516780E-10
     368   124433.      0.928887     -0.522217E-10
     369   124433.      0.933972     -0.527650E-10
     370   124433.      0.939070     -0.533162E-10
     371   124433.      0.944182     -0.538631E-10
     372   124433.      0.949308     -0.544207E-10
     373   124433.      0.954448     -0.549797E-10
     374   124433.      0.959602     -0.555405E-10
     375   124433.      0.964770     -0.561012E-10
     376   124433.      0.969952     -0.566657E-10
     377   124433.      0.975148     -0.572385E-10
     378   124433.      0.980358     -0.578093E-10
     379   124433.      0.985582     -0.583867E-10
     380   124433.      0.990820     -0.589633E-10
     381   124433.      0.996071     -0.595422E-10
     382   124433.       1.00134     -0.601264E-10
     383   124433.       1.00662     -0.607147E-10
     384   124433.       1.01191     -0.613076E-10
     385   124433.       1.01722     -0.619031E-10
     386   124433.       1.02254     -0.625015E-10
     387   124433.       1.02787     -0.631040E-10
     388   124433.       1.03322     -0.637027E-10
     389   124433.       1.03859     -0.643091E-10
     390   124433.       1.04396     -0.649185E-10
     391   124433.       1.04936     -0.655315E-10
     392   124433.       1.05476     -0.661460E-10
     393   124433.       1.06018     -0.667661E-10
     394   124433.       1.06561     -0.673872E-10
     395   124433.       1.07106     -0.680117E-10
     396   124433.       1.07652     -0.686418E-10
     397   124433.       1.08200     -0.692740E-10
     398   124433.       1.08749     -0.699056E-10
     399   124433.       1.09299     -0.705466E-10
     400   124433.       1.09851     -0.711897E-10
     401   124433.       1.10404     -0.718329E-10
     402   124433.       1.10958     -0.724781E-10
     403   124433.       1.11514     -0.731286E-10
     404   124433.       1.12071     -0.737862E-10
     405   124433.       1.12630     -0.744436E-10
     406   124433.       1.13190     -0.751051E-10
     407   124433.       1.13752     -0.757697E-10
     408   124433.       1.14314     -0.764374E-10
     409   124433.       1.14879     -0.771071E-10
     410   124433.       1.15444     -0.777802E-10
     411   124433.       1.16011     -0.784562E-10
     412   124433.       1.16580     -0.791387E-10
     413   124433.       1.17150     -0.798217E-10
     414   124433.       1.17721     -0.805076E-10
     415   124433.       1.18294     -0.811996E-10
     416   124433.       1.18868     -0.818918E-10
     417   124433.       1.19443     -0.825894E-10
     418   124433.       1.20020     -0.832904E-10
     419   124433.       1.20598     -0.839940E-10
     420   124433.       1.21178     -0.847051E-10
     421   124433.       1.21759     -0.854150E-10
     422   124433.       1.22342     -0.861246E-10
     423   124433.       1.22925     -0.868458E-10
     424   124433.       1.23511     -0.875684E-10
     425   124433.       1.24097     -0.882914E-10
     426   124433.       1.24685     -0.890156E-10
     427   124433.       1.25275     -0.897511E-10
     428   124433.       1.25866     -0.904851E-10
     429   124433.       1.26458     -0.912224E-10
     430   124433.       1.27051     -0.919630E-10
     431   124433.       1.27647     -0.927099E-10
     432   124433.       1.28243     -0.934543E-10
     433   124433.       1.28841     -0.942097E-10
     434   124433.       1.29440     -0.949671E-10
     435   124433.       1.30041     -0.957258E-10
     436   124433.       1.30643     -0.964858E-10
     437   124433.       1.31246     -0.972508E-10
     438   124433.       1.31851     -0.980150E-10
     439   124433.       1.32457     -0.987858E-10
     440   124433.       1.33065     -0.995597E-10
     441   124433.       1.33674     -0.100335E-09
     442   124433.       1.34284     -0.101115E-09
     443   124432.       1.34896     -0.101900E-09
     444   124432.       1.35509     -0.102689E-09
     445   124432.       1.36124     -0.103478E-09
     446   124432.       1.36740     -0.104273E-09
     447   124432.       1.37358     -0.105071E-09
     448   124432.       1.37976     -0.105873E-09
     449   124432.       1.38597     -0.106679E-09
     450   124432.       1.39218     -0.107486E-09
     451   124432.       1.39841     -0.108300E-09
     452   124432.       1.40466     -0.109113E-09
     453   124432.       1.41092     -0.109937E-09
     454   124432.       1.41719     -0.110758E-09
     455   124432.       1.42348     -0.111587E-09
     456   124432.       1.42978     -0.112417E-09
     457   124432.       1.43609     -0.113251E-09
     458   124432.       1.44242     -0.114090E-09
     459   124432.       1.44876     -0.114930E-09
     460   124432.       1.45512     -0.115772E-09
     461   124432.       1.46149     -0.116626E-09
     462   124432.       1.46787     -0.117476E-09
     463   124432.       1.47427     -0.118334E-09
     464   124432.       1.48069     -0.119197E-09
     465   124432.       1.48711     -0.120059E-09
     466   124432.       1.49355     -0.120927E-09
     467   124432.       1.50001     -0.121795E-09
     468   124432.       1.50648     -0.122669E-09
     469   124432.       1.51296     -0.123549E-09
     470   124432.       1.51946     -0.124435E-09
     471   124432.       1.52597     -0.125321E-09
     472   124432.       1.53249     -0.126208E-09
     473   124432.       1.53903     -0.127100E-09
     474   124432.       1.54559     -0.127993E-09
     475   124432.       1.55215     -0.128890E-09
     476   124432.       1.55873     -0.129794E-09
     477   124432.       1.56533     -0.130701E-09
     478   124432.       1.57194     -0.131610E-09
     479   124432.       1.57856     -0.132529E-09
     480   124432.       1.58520     -0.133448E-09
     481   124432.       1.59185     -0.134374E-09
     482   124432.       1.59851     -0.135304E-09
     483   124432.       1.60519     -0.136235E-09
     484   124432.       1.61189     -0.137168E-09
     485   124432.       1.61860     -0.138114E-09
     486   124432.       1.62532     -0.139055E-09
     487   124432.       1.63205     -0.140005E-09
     488   124432.       1.63880     -0.140959E-09
     489   124432.       1.64557     -0.141913E-09
     490   124432.       1.65234     -0.142875E-09
     491   124432.       1.65914     -0.143837E-09
     492   124432.       1.66594     -0.144804E-09
     493   124432.       1.67276     -0.145776E-09
     494   124432.       1.67959     -0.146750E-09
     495   124432.       1.68644     -0.147731E-09
     496   124432.       1.69330     -0.148716E-09
     497   124432.       1.70018     -0.149701E-09
     498   124432.       1.70707     -0.150694E-09
     499   124432.       1.71398     -0.151690E-09
     500   124432.       1.72089     -0.152686E-09
     501   124432.       1.72783     -0.153691E-09
     502   124432.       1.73477     -0.154700E-09
     503   124432.       1.74173     -0.155712E-09
     504   124432.       1.74871     -0.156723E-09
     505   124432.       1.75570     -0.157745E-09
     506   124432.       1.76270     -0.158770E-09
     507   124432.       1.76972     -0.159795E-09
     508   124432.       1.77675     -0.160829E-09
     509   124432.       1.78379     -0.161865E-09
     510   124432.       1.79085     -0.162903E-09
     511   124432.       1.79792     -0.163950E-09
     512   124432.       1.80501     -0.164996E-09
     513   124432.       1.81211     -0.166047E-09
     514   124432.       1.81923     -0.167103E-09
     515   124432.       1.82636     -0.168163E-09
     516   124432.       1.83350     -0.169228E-09
     517   124432.       1.84066     -0.170293E-09
     518   124432.       1.84783     -0.171370E-09
     519   124432.       1.85501     -0.172442E-09
     520   124432.       1.86221     -0.173530E-09
     521   124432.       1.86943     -0.174609E-09
     522   124432.       1.87665     -0.175699E-09
     523   124432.       1.88390     -0.176790E-09
     524   124432.       1.89115     -0.177887E-09
     525   124432.       1.89842     -0.178996E-09
     526   124432.       1.90571     -0.180100E-09
     527   124432.       1.91300     -0.181208E-09
     528   124432.       1.92032     -0.182324E-09
     529   124432.       1.92764     -0.183446E-09
     530   124432.       1.93498     -0.184565E-09
     531   124432.       1.94234     -0.185690E-09
     532   124432.       1.94971     -0.186825E-09
     533   124432.       1.95709     -0.187958E-09
     534   124432.       1.96449     -0.189100E-09
     535   124432.       1.97190     -0.190243E-09
     536   124432.       1.97932     -0.191388E-09
     537   124432.       1.98676     -0.192544E-09
     538   124432.       1.99422     -0.193698E-09
     539   124432.       2.00168     -0.194858E-09
     540   124432.       2.00916     -0.196028E-09
     541   124432.       2.01666     -0.197198E-09
     542   124432.       2.02417     -0.198371E-09
     543   124432.       2.03169     -0.199551E-09
     544   124432.       2.03923     -0.200730E-09
     545   124432.       2.04678     -0.201914E-09
     546   124432.       2.05435     -0.203111E-09
     547   124432.       2.06193     -0.204305E-09
     548   124432.       2.06952     -0.205504E-09
     549   124432.       2.07713     -0.206709E-09
     550   124432.       2.08476     -0.207916E-09
     551   124432.       2.09239     -0.209129E-09
     552   124432.       2.10004     -0.210345E-09
     553   124432.       2.10771     -0.211570E-09
     554   124432.       2.11539     -0.212794E-09
     555   124432.       2.12308     -0.214026E-09
     556   124432.       2.13079     -0.215262E-09
     557   124432.       2.13851     -0.216501E-09
     558   124432.       2.14624     -0.217748E-09
     559   124432.       2.15399     -0.218992E-09
     560   124432.       2.16176     -0.220250E-09
     561   124432.       2.16954     -0.221507E-09
     562   124432.       2.17733     -0.222767E-09
     563   124432.       2.18513     -0.224033E-09
     564   124432.       2.19295     -0.225307E-09
     565   124432.       2.20079     -0.226581E-09
     566   124432.       2.20864     -0.227857E-09
     567   124432.       2.21650     -0.229144E-09
     568   124432.       2.22438     -0.230432E-09
     569   124432.       2.23227     -0.231724E-09
     570   124432.       2.24017     -0.233020E-09
     571   124432.       2.24809     -0.234325E-09
     572   124432.       2.25602     -0.235631E-09
     573   124432.       2.26397     -0.236944E-09
     574   124432.       2.27193     -0.238258E-09
     575   124432.       2.27991     -0.239579E-09
     576   124432.       2.28790     -0.240906E-09
     577   124432.       2.29590     -0.242235E-09
     578   124432.       2.30392     -0.243567E-09
     579   124432.       2.31195     -0.244907E-09
     580   124432.       2.32000     -0.246249E-09
     581   124432.       2.32806     -0.247601E-09
     582   124432.       2.33614     -0.248949E-09
     583   124432.       2.34422     -0.250309E-09
     584   124431.       2.35233     -0.251674E-09
     585   124431.       2.36044     -0.253034E-09
     586   124431.       2.36858     -0.254409E-09
     587   124431.       2.37672     -0.255784E-09
     588   124431.       2.38488     -0.257167E-09
     589   124431.       2.39305     -0.258553E-09
     590   124431.       2.40124     -0.259940E-09
     591   124431.       2.40944     -0.261337E-09
     592   124431.       2.41766     -0.262736E-09
     593   124431.       2.42589     -0.264137E-09
     594   124431.       2.43414     -0.265547E-09
     595   124431.       2.44239     -0.266962E-09
     596   124431.       2.45067     -0.268380E-09
     597   124431.       2.45895     -0.269799E-09
     598   124431.       2.46726     -0.271231E-09
     599   124431.       2.47557     -0.272663E-09
     600   124431.       2.48390     -0.274101E-09
     601   124431.       2.49225     -0.275541E-09
     602   124431.       2.50060     -0.276990E-09
     603   124431.       2.50898     -0.278438E-09
     604   124431.       2.51736     -0.279895E-09
     605   124431.       2.52576     -0.281356E-09
     606   124431.       2.53418     -0.282823E-09
     607   124431.       2.54261     -0.284294E-09
     608   124431.       2.55105     -0.285768E-09
     609   124431.       2.55951     -0.287247E-09
     610   124431.       2.56798     -0.288733E-09
     611   124431.       2.57646     -0.290223E-09
     612   124431.       2.58496     -0.291721E-09
     613   124431.       2.59348     -0.293219E-09
     614   124431.       2.60200     -0.294722E-09
     615   124431.       2.61055     -0.296232E-09
     616   124431.       2.61910     -0.297747E-09
     617   124431.       2.62767     -0.299264E-09
     618   124431.       2.63626     -0.300792E-09
     619   124431.       2.64486     -0.302316E-09
     620   124431.       2.65347     -0.303852E-09
     621   124431.       2.66210     -0.305389E-09
     622   124431.       2.67074     -0.306930E-09
     623   124431.       2.67940     -0.308482E-09
     624   124431.       2.68807     -0.310034E-09
     625   124431.       2.69675     -0.311593E-09
     626   124431.       2.70545     -0.313158E-09
     627   124431.       2.71416     -0.314728E-09
     628   124431.       2.72289     -0.316293E-09
     629   124431.       2.73163     -0.317876E-09
     630   124431.       2.74038     -0.319474E-09
     631   124431.       2.74915     -0.321083E-09
     632   124431.       2.75794     -0.322700E-09
     633   124431.       2.76674     -0.324320E-09
     634   124431.       2.77555     -0.325944E-09
     635   124431.       2.78437     -0.327579E-09
     636   124431.       2.79321     -0.329213E-09
     637   124431.       2.80207     -0.330855E-09
     638   124431.       2.81094     -0.332500E-09
     639   124431.       2.81982     -0.334154E-09
     640   124431.       2.82872     -0.335808E-09
     641   124431.       2.83763     -0.337468E-09
     642   124431.       2.84656     -0.339140E-09
     643   124431.       2.85550     -0.340807E-09
     644   124431.       2.86445     -0.342487E-09
     645   124431.       2.87342     -0.344171E-09
     646   124431.       2.88240     -0.345854E-09
     647   124431.       2.89140     -0.347547E-09
     648   124431.       2.90041     -0.349243E-09
     649   124431.       2.90944     -0.350953E-09
     650   124431.       2.91848     -0.352659E-09
     651   124431.       2.92753     -0.354371E-09
     652   124431.       2.93660     -0.356092E-09
     653   124431.       2.94568     -0.357814E-09
     654   124431.       2.95478     -0.359544E-09
     655   124431.       2.96389     -0.361277E-09
     656   124431.       2.97301     -0.363019E-09
     657   124431.       2.98215     -0.364765E-09
     658   124431.       2.99131     -0.366511E-09
     659   124431.       3.00047     -0.368268E-09
     660   124431.       3.00966     -0.370028E-09
     661   124431.       3.01885     -0.371796E-09
     662   124431.       3.02806     -0.373565E-09
     663   124431.       3.03729     -0.375344E-09
     664   124431.       3.04653     -0.377128E-09
     665   124431.       3.05578     -0.378912E-09
     666   124431.       3.06505     -0.380706E-09
     667   124431.       3.07433     -0.382501E-09
     668   124431.       3.08363     -0.384306E-09
     669   124431.       3.09294     -0.386111E-09
     670   124431.       3.10226     -0.387930E-09
     671   124431.       3.11160     -0.389749E-09
     672   124431.       3.12095     -0.391572E-09
     673   124431.       3.13032     -0.393405E-09
     674   124431.       3.13970     -0.395235E-09
     675   124431.       3.14910     -0.397076E-09
     676   124431.       3.15851     -0.398926E-09
     677   124431.       3.16794     -0.400777E-09
     678   124431.       3.17737     -0.402633E-09
     679   124431.       3.18683     -0.404494E-09
     680   124431.       3.19629     -0.406361E-09
     681   124431.       3.20578     -0.408234E-09
     682   124431.       3.21527     -0.410115E-09
     683   124431.       3.22478     -0.411997E-09
     684   124431.       3.23431     -0.413888E-09
     685   124431.       3.24385     -0.415782E-09
     686   124431.       3.25340     -0.417686E-09
     687   124431.       3.26297     -0.419588E-09
     688   124431.       3.27255     -0.421502E-09
     689   124431.       3.28214     -0.423421E-09
     690   124431.       3.29175     -0.425350E-09
     691   124431.       3.30138     -0.427280E-09
     692   124431.       3.31102     -0.429215E-09
     693   124431.       3.32067     -0.431154E-09
     694   124431.       3.33034     -0.433101E-09
     695   124431.       3.34002     -0.435058E-09
     696   124430.       3.34972     -0.437009E-09
     697   124430.       3.35943     -0.438968E-09
     698   124430.       3.36915     -0.440939E-09
     699   124430.       3.37889     -0.442910E-09
     700   124430.       3.38864     -0.444893E-09
     701   124430.       3.39841     -0.446875E-09
     702   124430.       3.40819     -0.448861E-09
     703   124430.       3.41799     -0.450859E-09
     704   124430.       3.42780     -0.452865E-09
     705   124430.       3.43762     -0.454870E-09
     706   124430.       3.44746     -0.456878E-09
     707   124430.       3.45732     -0.458897E-09
     708   124430.       3.46718     -0.460920E-09
     709   124430.       3.47707     -0.462951E-09
     710   124430.       3.48696     -0.464984E-09
     711   124430.       3.49687     -0.467025E-09
     712   124430.       3.50680     -0.469071E-09
     713   124430.       3.51674     -0.471121E-09
     714   124430.       3.52669     -0.473179E-09
     715   124430.       3.53666     -0.475241E-09
     716   124430.       3.54664     -0.477312E-09
     717   124430.       3.55664     -0.479388E-09
     718   124430.       3.56665     -0.481464E-09
     719   124430.       3.57667     -0.483552E-09
     720   124430.       3.58671     -0.485642E-09
     721   124430.       3.59677     -0.487740E-09
     722   124430.       3.60684     -0.489842E-09
     723   124430.       3.61692     -0.491953E-09
     724   124430.       3.62702     -0.494065E-09
     725   124430.       3.63713     -0.496186E-09
     726   124430.       3.64725     -0.498314E-09
     727   124430.       3.65739     -0.500445E-09
     728   124430.       3.66755     -0.502581E-09
     729   124430.       3.67772     -0.504724E-09
     730   124430.       3.68790     -0.506875E-09
     731   124430.       3.69810     -0.509030E-09
     732   124430.       3.70831     -0.511191E-09
     733   124430.       3.71853     -0.513356E-09
     734   124430.       3.72877     -0.515528E-09
     735   124430.       3.73903     -0.517704E-09
     736   124430.       3.74930     -0.519890E-09
     737   124430.       3.75958     -0.522080E-09
     738   124430.       3.76988     -0.524276E-09
     739   124430.       3.78019     -0.526476E-09
     740   124430.       3.79052     -0.528685E-09
     741   124430.       3.80086     -0.530901E-09
     742   124430.       3.81121     -0.533119E-09
     743   124430.       3.82158     -0.535343E-09
     744   124430.       3.83197     -0.537575E-09
     745   124430.       3.84237     -0.539810E-09
     746   124430.       3.85278     -0.542057E-09
     747   124430.       3.86321     -0.544303E-09
     748   124430.       3.87365     -0.546557E-09
     749   124430.       3.88410     -0.548818E-09
     750   124430.       3.89457     -0.551084E-09
     751   124430.       3.90506     -0.553357E-09
     752   124430.       3.91556     -0.555633E-09
     753   124430.       3.92607     -0.557921E-09
     754   124430.       3.93660     -0.560211E-09
     755   124430.       3.94714     -0.562506E-09
     756   124430.       3.95770     -0.564805E-09
     757   124430.       3.96827     -0.567117E-09
     758   124430.       3.97885     -0.569432E-09
     759   124430.       3.98945     -0.571751E-09
     760   124430.       4.00007     -0.574077E-09
     761   124430.       4.01070     -0.576410E-09
     762   124430.       4.02134     -0.578746E-09
     763   124430.       4.03200     -0.581092E-09
     764   124430.       4.04267     -0.583438E-09
     765   124430.       4.05335     -0.585798E-09
     766   124430.       4.06405     -0.588160E-09
     767   124430.       4.07477     -0.590532E-09
     768   124430.       4.08550     -0.592910E-09
     769   124430.       4.09624     -0.595299E-09
     770   124430.       4.10700     -0.597691E-09
     771   124430.       4.11777     -0.600087E-09
     772   124430.       4.12856     -0.602499E-09
     773   124430.       4.13936     -0.604911E-09
     774   124430.       4.15018     -0.607328E-09
     775   124430.       4.16101     -0.609754E-09
     776   124430.       4.17185     -0.612187E-09
     777   124430.       4.18271     -0.614623E-09
     778   124430.       4.19359     -0.617064E-09
     779   124430.       4.20447     -0.619517E-09
     780   124430.       4.21538     -0.621971E-09
     781   124430.       4.22629     -0.624433E-09
     782   124430.       4.23722     -0.626900E-09
     783   124430.       4.24817     -0.629374E-09
     784   124430.       4.25913     -0.631858E-09
     785   124430.       4.27010     -0.634342E-09
     786   124430.       4.28109     -0.636837E-09
     787   124430.       4.29210     -0.639335E-09
     788   124430.       4.30311     -0.641838E-09
     789   124430.       4.31415     -0.644353E-09
     790   124430.       4.32519     -0.646867E-09
     791   124430.       4.33625     -0.649393E-09
     792   124429.       4.34733     -0.651922E-09
     793   124429.       4.35842     -0.654460E-09
     794   124429.       4.36952     -0.657002E-09
     795   124429.       4.38064     -0.659549E-09
     796   124429.       4.39178     -0.662109E-09
     797   124429.       4.40292     -0.664671E-09
     798   124429.       4.41409     -0.667236E-09
     799   124429.       4.42526     -0.669810E-09
     800   124429.       4.43645     -0.672390E-09
     801   124429.       4.44766     -0.674977E-09
     802   124429.       4.45888     -0.677572E-09
     803   124429.       4.47011     -0.680171E-09
     804   124429.       4.48136     -0.682772E-09
     805   124429.       4.49263     -0.685390E-09
     806   124429.       4.50390     -0.688010E-09
     807   124429.       4.51520     -0.690635E-09
     808   124429.       4.52650     -0.693267E-09
     809   124429.       4.53782     -0.695903E-09
     810   124429.       4.54916     -0.698546E-09
     811   124429.       4.56051     -0.701199E-09
     812   124429.       4.57187     -0.703852E-09
     813   124429.       4.58325     -0.706517E-09
     814   124429.       4.59465     -0.709187E-09
     815   124429.       4.60606     -0.711864E-09
     816   124429.       4.61748     -0.714546E-09
     817   124429.       4.62892     -0.717236E-09
     818   124429.       4.64037     -0.719928E-09
     819   124429.       4.65183     -0.722631E-09
     820   124429.       4.66331     -0.725341E-09
     821   124429.       4.67481     -0.728058E-09
     822   124429.       4.68632     -0.730778E-09
     823   124429.       4.69784     -0.733506E-09
     824   124429.       4.70938     -0.736238E-09
     825   124429.       4.72093     -0.738982E-09
     826   124429.       4.73250     -0.741730E-09
     827   124429.       4.74408     -0.744478E-09
     828   124429.       4.75568     -0.747244E-09
     829   124429.       4.76729     -0.750009E-09
     830   124429.       4.77892     -0.752782E-09
     831   124429.       4.79056     -0.755563E-09
     832   124429.       4.80221     -0.758349E-09
     833   124429.       4.81388     -0.761138E-09
     834   124429.       4.82556     -0.763940E-09
     835   124429.       4.83726     -0.766745E-09
     836   124429.       4.84898     -0.769555E-09
     837   124429.       4.86070     -0.772376E-09
     838   124429.       4.87244     -0.775203E-09
     839   124429.       4.88420     -0.778036E-09
     840   124429.       4.89597     -0.780875E-09
     841   124429.       4.90776     -0.783717E-09
     842   124429.       4.91956     -0.786570E-09
     843   124429.       4.93137     -0.789431E-09
     844   124429.       4.94320     -0.792298E-09
     845   124429.       4.95504     -0.795168E-09
     846   124429.       4.96690     -0.798047E-09
     847   124429.       4.97877     -0.800929E-09
     848   124429.       4.99066     -0.803825E-09
     849   124429.       5.00256     -0.806723E-09
     850   124429.       5.01448     -0.809627E-09
     851   124429.       5.02641     -0.812539E-09
     852   124429.       5.03835     -0.815462E-09
     853   124429.       5.05031     -0.818384E-09
     854   124429.       5.06229     -0.821316E-09
     855   124429.       5.07428     -0.824253E-09
     856   124429.       5.08628     -0.827199E-09
     857   124429.       5.09830     -0.830157E-09
     858   124429.       5.11033     -0.833112E-09
     859   124429.       5.12238     -0.836078E-09
     860   124429.       5.13444     -0.839046E-09
     861   124429.       5.14651     -0.842026E-09
     862   124429.       5.15860     -0.845014E-09
     863   124429.       5.17071     -0.848007E-09
     864   124429.       5.18283     -0.851003E-09
     865   124429.       5.19496     -0.854012E-09
     866   124429.       5.20711     -0.857026E-09
     867   124429.       5.21928     -0.860041E-09
     868   124429.       5.23145     -0.863069E-09
     869   124429.       5.24365     -0.866101E-09
     870   124429.       5.25585     -0.869141E-09
     871   124429.       5.26808     -0.872188E-09
     872   124429.       5.28031     -0.875244E-09
     873   124429.       5.29256     -0.878301E-09
     874   124429.       5.30483     -0.881370E-09
     875   124429.       5.31711     -0.884443E-09
     876   124429.       5.32940     -0.887528E-09
     877   124429.       5.34171     -0.890615E-09
     878   124428.       5.35404     -0.893706E-09
     879   124428.       5.36637     -0.896810E-09
     880   124428.       5.37873     -0.899915E-09
     881   124428.       5.39109     -0.903031E-09
     882   124428.       5.40348     -0.906153E-09
     883   124428.       5.41587     -0.909283E-09
     884   124428.       5.42829     -0.912420E-09
     885   124428.       5.44071     -0.915563E-09
     886   124428.       5.45315     -0.918714E-09
     887   124428.       5.46561     -0.921867E-09
     888   124428.       5.47808     -0.925031E-09
     889   124428.       5.49056     -0.928203E-09
     890   124428.       5.50306     -0.931381E-09
     891   124428.       5.51557     -0.934562E-09
     892   124428.       5.52810     -0.937754E-09
     893   124428.       5.54064     -0.940953E-09
     894   124428.       5.55320     -0.944160E-09
     895   124428.       5.56577     -0.947373E-09
     896   124428.       5.57836     -0.950596E-09
     897   124428.       5.59096     -0.953826E-09
     898   124428.       5.60358     -0.957060E-09
     899   124428.       5.61621     -0.960305E-09
     900   124428.       5.62885     -0.963555E-09
     901   124428.       5.64151     -0.966813E-09
     902   124428.       5.65419     -0.970076E-09
     903   124428.       5.66688     -0.973346E-09
     904   124428.       5.67958     -0.976626E-09
     905   124428.       5.69230     -0.979916E-09
     906   124428.       5.70503     -0.983206E-09
     907   124428.       5.71778     -0.986509E-09
     908   124428.       5.73054     -0.989810E-09
     909   124428.       5.74332     -0.993128E-09
     910   124428.       5.75611     -0.996449E-09
     911   124428.       5.76892     -0.999776E-09
     912   124428.       5.78174     -0.100311E-08
     913   124428.       5.79457     -0.100646E-08
     914   124428.       5.80742     -0.100980E-08
     915   124428.       5.82029     -0.101316E-08
     916   124428.       5.83317     -0.101653E-08
     917   124428.       5.84606     -0.101990E-08
     918   124428.       5.85897     -0.102327E-08
     919   124428.       5.87189     -0.102666E-08
     920   124428.       5.88483     -0.103005E-08
     921   124428.       5.89779     -0.103345E-08
     922   124428.       5.91075     -0.103686E-08
     923   124428.       5.92374     -0.104027E-08
     924   124428.       5.93673     -0.104370E-08
     925   124428.       5.94974     -0.104712E-08
     926   124428.       5.96277     -0.105056E-08
     927   124428.       5.97581     -0.105401E-08
     928   124428.       5.98887     -0.105746E-08
     929   124428.       6.00194     -0.106092E-08
     930   124428.       6.01502     -0.106439E-08
     931   124428.       6.02812     -0.106786E-08
     932   124428.       6.04123     -0.107134E-08
     933   124428.       6.05436     -0.107483E-08
     934   124428.       6.06751     -0.107832E-08
     935   124428.       6.08067     -0.108183E-08
     936   124428.       6.09384     -0.108534E-08
     937   124428.       6.10703     -0.108885E-08
     938   124428.       6.12023     -0.109238E-08
     939   124428.       6.13345     -0.109591E-08
     940   124428.       6.14668     -0.109945E-08
     941   124428.       6.15992     -0.110300E-08
     942   124428.       6.17319     -0.110655E-08
     943   124428.       6.18646     -0.111011E-08
     944   124428.       6.19975     -0.111368E-08
     945   124428.       6.21306     -0.111725E-08
     946   124428.       6.22638     -0.112084E-08
     947   124428.       6.23971     -0.112443E-08
     948   124428.       6.25306     -0.112803E-08
     949   124428.       6.26643     -0.113163E-08
     950   124428.       6.27980     -0.113524E-08
     951   124428.       6.29320     -0.113886E-08
     952   124428.       6.30661     -0.114249E-08
     953   124428.       6.32003     -0.114612E-08
     954   124428.       6.33347     -0.114976E-08
     955   124428.       6.34692     -0.115341E-08
     956   124427.       6.36039     -0.115707E-08
     957   124427.       6.37387     -0.116073E-08
     958   124427.       6.38737     -0.116440E-08
     959   124427.       6.40088     -0.116808E-08
     960   124427.       6.41440     -0.117176E-08
     961   124427.       6.42794     -0.117546E-08
     962   124427.       6.44150     -0.117916E-08
     963   124427.       6.45507     -0.118287E-08
     964   124427.       6.46866     -0.118659E-08
     965   124427.       6.48226     -0.119031E-08
     966   124427.       6.49587     -0.119404E-08
     967   124427.       6.50950     -0.119778E-08
     968   124427.       6.52314     -0.120152E-08
     969   124427.       6.53680     -0.120528E-08
     970   124427.       6.55048     -0.120904E-08
     971   124427.       6.56417     -0.121280E-08
     972   124427.       6.57787     -0.121658E-08
     973   124427.       6.59159     -0.122037E-08
     974   124427.       6.60532     -0.122415E-08
     975   124427.       6.61907     -0.122795E-08
     976   124427.       6.63283     -0.123176E-08
     977   124427.       6.64661     -0.123557E-08
     978   124427.       6.66040     -0.123939E-08
     979   124427.       6.67421     -0.124321E-08
     980   124427.       6.68803     -0.124705E-08
     981   124427.       6.70186     -0.125090E-08
     982   124427.       6.71571     -0.125475E-08
     983   124427.       6.72958     -0.125860E-08
     984   124427.       6.74346     -0.126247E-08
     985   124427.       6.75736     -0.126633E-08
     986   124427.       6.77127     -0.127022E-08
     987   124427.       6.78519     -0.127411E-08
     988   124427.       6.79913     -0.127801E-08
     989   124427.       6.81308     -0.128191E-08
     990   124427.       6.82705     -0.128583E-08
     991   124427.       6.84104     -0.128975E-08
     992   124427.       6.85504     -0.129368E-08
     993   124427.       6.86905     -0.129762E-08
     994   124427.       6.88308     -0.130156E-08
     995   124427.       6.89712     -0.130551E-08
     996   124427.       6.91118     -0.130947E-08
     997   124427.       6.92525     -0.131343E-08
     998   124427.       6.93934     -0.131740E-08
     999   124427.       6.95344     -0.132138E-08
    1000   124427.       6.96756     -0.132536E-08
 
  Elapsed wall clock time for main computation:
     233.931     seconds
 
MD
  Normal end of execution.
 
20 November  2007   9:17:22.586 AM      
