   0.00000   1.00000
   0.00000   0.00000
   2.00000   0.00000
   3.00000  -1.00000
   3.50000  -0.50000
   2.50000   1.00000
   0.00000   1.00000
 
  -0.00000   0.04756
   0.50046   0.04747
   0.99830   0.04694
   1.48316   0.04449
   1.90814   0.03319
   2.17601  -0.12397
   2.46740  -0.41172
   2.75274  -0.69970
   3.02573  -0.97427
 
   0.00000   0.09512
   0.50049   0.09494
   0.99844   0.09392
   1.48381   0.08908
   1.91152   0.06686
   2.20128  -0.09694
   2.49536  -0.38398
   2.77946  -0.67338
   3.05145  -0.94855
 
   0.00000   0.14269
   0.50054   0.14243
   0.99868   0.14092
   1.48491   0.13381
   1.91687   0.10139
   2.22627  -0.06907
   2.52343  -0.35626
   2.80629  -0.64721
   3.07713  -0.92287
 
   0.00000   0.19025
   0.50061   0.18992
   0.99901   0.18796
   1.48643   0.17873
   1.92389   0.13701
   2.25115  -0.04032
   2.55167  -0.32858
   2.83325  -0.62120
   3.10277  -0.89724
 
   0.00000   0.23783
   0.50069   0.23742
   0.99942   0.23506
   1.48833   0.22388
   1.93232   0.17384
   2.27609  -0.01067
   2.58008  -0.30091
   2.86032  -0.59536
   3.12833  -0.87167
 
   0.00000   0.28540
   0.50079   0.28494
   0.99994   0.28225
   1.49058   0.26931
   1.94194   0.21193
   2.30125   0.01987
   2.60873  -0.27325
   2.88751  -0.56970
   3.15382  -0.84619
 
   0.00000   0.33299
   0.50090   0.33248
   1.00047   0.32949
   1.49313   0.31509
   1.95263   0.25135
   2.32680   0.05128
   2.63763  -0.24563
   2.91483  -0.54424
   3.17920  -0.82081
 
   0.00001   0.38058
   0.50102   0.38003
   1.00105   0.37680
   1.49591   0.36124
   1.96424   0.29213
   2.35288   0.08354
   2.66684  -0.21803
   2.94227  -0.51901
   3.20445  -0.79556
 
   0.00001   0.42818
   0.50114   0.42761
   1.00168   0.42421
   1.49889   0.40781
   1.97665   0.33432
   2.37965   0.11661
   2.69637  -0.19052
   2.96984  -0.49401
   3.22955  -0.77045
 
   0.00001   0.47579
   0.50127   0.47520
   1.00234   0.47172
   1.50201   0.45483
   1.98979   0.37800
   2.40723   0.15047
   2.72628  -0.16309
   2.99755  -0.46927
   3.25448  -0.74553
 
  -0.00001   0.52345
   0.50139   0.52287
   1.00299   0.51937
   1.50520   0.50236
   2.00356   0.42325
   2.43578   0.18507
   2.75660  -0.13575
   3.02542  -0.44479
   3.27922  -0.72077
 
  -0.00001   0.57108
   0.50152   0.57051
   1.00364   0.56708
   1.50839   0.55033
   2.01786   0.47019
   2.46543   0.22029
   2.78734  -0.10859
   3.05341  -0.42065
   3.30371  -0.69628
 
  -0.00001   0.61871
   0.50165   0.61816
   1.00428   0.61487
   1.51151   0.59876
   2.03260   0.51897
   2.49635   0.25608
   2.81853  -0.08163
   3.08156  -0.39685
   3.32792  -0.67207
 
  -0.00000   0.66635
   0.50177   0.66584
   1.00490   0.66277
   1.51451   0.64766
   2.04762   0.56978
   2.52870   0.29232
   2.85019  -0.05489
   3.10989  -0.37341
   3.35182  -0.64818
 
  -0.00000   0.71400
   0.50188   0.71354
   1.00546   0.71075
   1.51728   0.69701
   2.06273   0.62283
   2.56266   0.32886
   2.88235  -0.02844
   3.13839  -0.35037
   3.37533  -0.62466
 
  -0.00000   0.76166
   0.50198   0.76126
   1.00596   0.75882
   1.51977   0.74678
   2.07764   0.67842
   2.59843   0.36549
   2.91505  -0.00233
   3.16710  -0.32773
   3.39840  -0.60160
 
  -0.00000   0.80932
   0.50206   0.80898
   1.00638   0.80696
   1.52190   0.79693
   2.09193   0.73683
   2.63616   0.40198
   2.94821   0.02340
   3.19602  -0.30554
   3.42093  -0.57907
 
  -0.00000   0.85698
   0.50213   0.85673
   1.00668   0.85519
   1.52363   0.84741
   2.10494   0.79833
   2.67596   0.43797
   2.98187   0.04871
   3.22518  -0.28379
   3.44278  -0.55722
 
  -0.00000   0.90465
   0.50218   0.90448
   1.00693   0.90343
   1.52492   0.89814
   2.11570   0.86304
   2.71786   0.47309
   3.01600   0.07354
   3.25459  -0.26252
   3.46374  -0.53626
 
  -0.00000   0.95233
   0.50221   0.95223
   1.00708   0.95170
   1.52573   0.94902
   2.12299   0.93061
   2.76176   0.50688
   3.05059   0.09785
   3.28428  -0.24172
   3.48338  -0.51662
 
   0.50045  -0.00001
   0.50046   0.04747
   0.50049   0.09494
   0.50054   0.14243
   0.50061   0.18992
   0.50069   0.23742
   0.50079   0.28494
   0.50090   0.33248
   0.50102   0.38003
   0.50114   0.42761
   0.50127   0.47520
   0.50139   0.52287
   0.50152   0.57051
   0.50165   0.61816
   0.50177   0.66584
   0.50188   0.71354
   0.50198   0.76126
   0.50206   0.80898
   0.50213   0.85673
   0.50218   0.90448
   0.50221   0.95223
   0.50222   0.99999
 
   0.99825  -0.00001
   0.99830   0.04694
   0.99844   0.09392
   0.99868   0.14092
   0.99901   0.18796
   0.99942   0.23506
   0.99994   0.28225
   1.00047   0.32949
   1.00105   0.37680
   1.00168   0.42421
   1.00234   0.47172
   1.00299   0.51937
   1.00364   0.56708
   1.00428   0.61487
   1.00490   0.66277
   1.00546   0.71075
   1.00596   0.75882
   1.00638   0.80696
   1.00668   0.85519
   1.00693   0.90343
   1.00708   0.95170
   1.00713   0.99999
 
   1.48297  -0.00000
   1.48316   0.04449
   1.48381   0.08908
   1.48491   0.13381
   1.48643   0.17873
   1.48833   0.22388
   1.49058   0.26931
   1.49313   0.31509
   1.49591   0.36124
   1.49889   0.40781
   1.50201   0.45483
   1.50520   0.50236
   1.50839   0.55033
   1.51151   0.59876
   1.51451   0.64766
   1.51728   0.69701
   1.51977   0.74678
   1.52190   0.79693
   1.52363   0.84741
   1.52492   0.89814
   1.52573   0.94902
   1.52603   0.99995
 
   1.90697   0.00003
   1.90814   0.03319
   1.91152   0.06686
   1.91687   0.10139
   1.92389   0.13701
   1.93232   0.17384
   1.94194   0.21193
   1.95263   0.25135
   1.96424   0.29213
   1.97665   0.33432
   1.98979   0.37800
   2.00356   0.42325
   2.01786   0.47019
   2.03260   0.51897
   2.04762   0.56978
   2.06273   0.62283
   2.07764   0.67842
   2.09193   0.73683
   2.10494   0.79833
   2.11570   0.86304
   2.12299   0.93061
   2.12560   0.99995
 
   2.15029  -0.15026
   2.17601  -0.12397
   2.20128  -0.09694
   2.22627  -0.06907
   2.25115  -0.04032
   2.27609  -0.01067
   2.30125   0.01987
   2.32680   0.05128
   2.35288   0.08354
   2.37965   0.11661
   2.40723   0.15047
   2.43578   0.18507
   2.46543   0.22029
   2.49635   0.25608
   2.52870   0.29232
   2.56266   0.32886
   2.59843   0.36549
   2.63616   0.40198
   2.67596   0.43797
   2.71786   0.47309
   2.76176   0.50688
   2.80740   0.53890
 
   2.43953  -0.43952
   2.46740  -0.41172
   2.49536  -0.38398
   2.52343  -0.35626
   2.55167  -0.32858
   2.58008  -0.30091
   2.60873  -0.27325
   2.63763  -0.24563
   2.66684  -0.21803
   2.69637  -0.19052
   2.72628  -0.16309
   2.75660  -0.13575
   2.78734  -0.10859
   2.81853  -0.08163
   2.85019  -0.05489
   2.88235  -0.02844
   2.91505  -0.00233
   2.94821   0.02340
   2.98187   0.04871
   3.01600   0.07354
   3.05059   0.09785
   3.08560   0.12162
 
   2.72616  -0.72615
   2.75274  -0.69970
   2.77946  -0.67338
   2.80629  -0.64721
   2.83325  -0.62120
   2.86032  -0.59536
   2.88751  -0.56970
   2.91483  -0.54424
   2.94227  -0.51901
   2.96984  -0.49401
   2.99755  -0.46927
   3.02542  -0.44479
   3.05341  -0.42065
   3.08156  -0.39685
   3.10989  -0.37341
   3.13839  -0.35037
   3.16710  -0.32773
   3.19602  -0.30554
   3.22518  -0.28379
   3.25459  -0.26252
   3.28428  -0.24172
   3.31426  -0.22139
 
