     -0.9290600365296273
     -0.1019617897037252
     -0.1019617897037252
     -0.1019617897037252
     -0.1019617897037252
     -0.3194967800322369
     -0.3194967800322370
     -0.0102956738250856
     -0.0102956738250856
     -0.0102956738250856
     -0.0102956738250856
     -0.3194967800322369
     -0.3194967800322367
     -0.0531161501158832
     -0.1324864884064815
     -0.1324864884064815
     -0.0531161501158832
     -0.0552684787978906
     -0.0552684787978906
     -0.0552684787978906
     -0.0552684787978906
     -0.0552684787978906
     -0.0552684787978906
     -0.0552684787978906
     -0.0552684787978906
     -0.0531161501158832
     -0.1324864884064815
     -0.1324864884064816
     -0.0531161501158832
      0.0135560217072252
      0.0365063308867000
      0.0544878591220748
      0.0642420754823593
      0.0642420754823592
      0.0544878591220748
      0.0365063308867000
      0.0135560217072252
     -0.0138308626098876
     -0.0359668342466328
     -0.0359668342466328
     -0.0138308626098876
     -0.0138308626098876
     -0.0359668342466328
     -0.0359668342466328
     -0.0138308626098876
      0.0135449735449735
      0.0135449735449736
      0.0135449735449736
      0.0135449735449736
     -0.0138308626098876
     -0.0138308626098876
     -0.0359668342466328
     -0.0359668342466328
     -0.0359668342466328
     -0.0359668342466328
     -0.0138308626098876
     -0.0138308626098876
      0.0135560217072252
      0.0365063308867000
      0.0544878591220748
      0.0642420754823593
      0.0642420754823592
      0.0544878591220748
      0.0365063308867000
      0.0135560217072252
      0.0187863959259100
      0.0569158333544674
      0.0925255256755035
      0.1245442190905880
      0.1517676008827770
      0.1731550768836549
      0.1878864888775374
      0.1953963764161112
      0.1953963764161112
      0.1878864888775374
      0.1731550768836549
      0.1517676008827770
      0.1245442190905880
      0.0925255256755035
      0.0569158333544674
      0.0187863959259101
      0.0124562342790685
      0.0363018508606303
      0.0543908880939011
      0.0641712882043086
      0.0641712882043086
      0.0543908880939011
      0.0363018508606303
      0.0124562342790686
      0.0124562342790685
      0.0363018508606303
      0.0543908880939011
      0.0641712882043086
      0.0641712882043086
      0.0543908880939011
      0.0363018508606303
      0.0124562342790686
      0.0779832795818763
      0.1929161913175945
      0.1929161913175945
      0.0779832795818764
      0.0779832795818764
      0.1929161913175945
      0.1929161913175946
      0.0779832795818764
      0.0779832795818763
      0.0779832795818764
      0.1929161913175945
      0.1929161913175945
      0.1929161913175945
      0.1929161913175946
      0.0779832795818764
      0.0779832795818764
      0.0124562342790685
      0.0124562342790685
      0.0363018508606303
      0.0363018508606303
      0.0543908880939011
      0.0543908880939011
      0.0641712882043086
      0.0641712882043086
      0.0641712882043086
      0.0641712882043086
      0.0543908880939011
      0.0543908880939011
      0.0363018508606303
      0.0363018508606303
      0.0124562342790686
      0.0124562342790686
      0.0187863959259100
      0.0569158333544674
      0.0925255256755035
      0.1245442190905880
      0.1517676008827770
      0.1731550768836549
      0.1878864888775374
      0.1953963764161112
      0.1953963764161112
      0.1878864888775374
      0.1731550768836549
      0.1517676008827770
      0.1245442190905880
      0.0925255256755035
      0.0569158333544674
      0.0187863959259101
