
TOMS725_PRB:
  FORTRAN77 version
  Test the TOMS725 library.
 
   M      Calculated       True         Diff.    IER
 
   2      0.72436908      0.72437000   -9.21E-07    5
   2      0.74520360      0.74520000    3.60E-06    5
   2      0.95618162      0.95618000    1.62E-06    6
   2      0.95855272      0.95855000    2.72E-06    6
   3      0.63439316      0.63439000    3.16E-06    5
   3      0.67777959      0.67778000   -4.09E-07    5
   3      0.93655756      0.93656000   -2.44E-06    6
   3      0.94253351      0.94253000    3.51E-06    6
   4      0.56299273      0.56299000    2.73E-06    5
   4      0.62669894      0.62670000   -1.06E-06    5
   4      0.91819032      0.91819000    3.22E-07    6
   4      0.92845067      0.92845000    6.69E-07    6

TOMS725_PRB:
  Normal end of execution.
