    -1.00000         13.6536    
   -0.996000         11.6654    
   -0.992000         9.85199    
   -0.988000         8.20270    
   -0.984000         6.70739    
   -0.980000         5.35633    
   -0.976000         4.14025    
   -0.972000         3.05032    
   -0.968000         2.07811    
   -0.964000         1.21560    
   -0.960000         1.43009    
   -0.956000         1.94633    
   -0.952000         2.38346    
   -0.948000         2.74766    
   -0.944000         3.04474    
   -0.940000         3.28024    
   -0.936000         3.45939    
   -0.932000         3.58714    
   -0.928000         3.66815    
   -0.924000         3.70685    
   -0.920000         3.70739    
   -0.916000         3.67367    
   -0.912000         3.60939    
   -0.908000         3.51801    
   -0.904000         3.40276    
   -0.900000         3.26668    
   -0.896000         3.11263    
   -0.892000         2.94325    
   -0.888000         2.76103    
   -0.884000         2.56825    
   -0.880000         2.36707    
   -0.876000         2.15946    
   -0.872000         1.94726    
   -0.868000         1.73215    
   -0.864000         1.51570    
   -0.860000         1.29932    
   -0.856000         1.08432    
   -0.852000         1.10325    
   -0.848000         1.26842    
   -0.844000         1.42620    
   -0.840000         1.57604    
   -0.836000         1.71749    
   -0.832000         1.85017    
   -0.828000         1.97376    
   -0.824000         2.08802    
   -0.820000         2.19273    
   -0.816000         2.28778    
   -0.812000         2.37306    
   -0.808000         2.44855    
   -0.804000         2.51424    
   -0.800000         2.57017    
   -0.796000         2.61645    
   -0.792000         2.65318    
   -0.788000         2.68052    
   -0.784000         2.69864    
   -0.780000         2.70777    
   -0.776000         2.70813    
   -0.772000         2.69998    
   -0.768000         2.68359    
   -0.764000         2.65926    
   -0.760000         2.62730    
   -0.756000         2.58803    
   -0.752000         2.54179    
   -0.748000         2.48893    
   -0.744000         2.42978    
   -0.740000         2.36473    
   -0.736000         2.29413    
   -0.732000         2.21835    
   -0.728000         2.13776    
   -0.724000         2.05274    
   -0.720000         1.96367    
   -0.716000         1.87090    
   -0.712000         1.77483    
   -0.708000         1.67580    
   -0.704000         1.57419    
   -0.700000         1.47035    
   -0.696000         1.36464    
   -0.692000         1.25740    
   -0.688000         1.14897    
   -0.684000         1.03968    
   -0.680000         1.05838    
   -0.676000         1.14820    
   -0.672000         1.23583    
   -0.668000         1.32108    
   -0.664000         1.40377    
   -0.660000         1.48371    
   -0.656000         1.56075    
   -0.652000         1.63473    
   -0.648000         1.70551    
   -0.644000         1.77297    
   -0.640000         1.83698    
   -0.636000         1.89743    
   -0.632000         1.95422    
   -0.628000         2.00727    
   -0.624000         2.05651    
   -0.620000         2.10185    
   -0.616000         2.14325    
   -0.612000         2.18065    
   -0.608000         2.21403    
   -0.604000         2.24336    
   -0.600000         2.26861    
   -0.596000         2.28977    
   -0.592000         2.30686    
   -0.588000         2.31988    
   -0.584000         2.32884    
   -0.580000         2.33377    
   -0.576000         2.33471    
   -0.572000         2.33170    
   -0.568000         2.32478    
   -0.564000         2.31402    
   -0.560000         2.29948    
   -0.556000         2.28123    
   -0.552000         2.25934    
   -0.548000         2.23390    
   -0.544000         2.20499    
   -0.540000         2.17271    
   -0.536000         2.13716    
   -0.532000         2.09845    
   -0.528000         2.05667    
   -0.524000         2.01194    
   -0.520000         1.96439    
   -0.516000         1.91412    
   -0.512000         1.86126    
   -0.508000         1.80594    
   -0.504000         1.74829    
   -0.500000         1.68843    
   -0.496000         1.62650    
   -0.492000         1.56265    
   -0.488000         1.49699    
   -0.484000         1.42968    
   -0.480000         1.36084    
   -0.476000         1.29063    
   -0.472000         1.21918    
   -0.468000         1.14663    
   -0.464000         1.07311    
   -0.460000         1.00106    
   -0.456000         1.06547    
   -0.452000         1.12879    
   -0.448000         1.19093    
   -0.444000         1.25179    
   -0.440000         1.31127    
   -0.436000         1.36928    
   -0.432000         1.42574    
   -0.428000         1.48056    
   -0.424000         1.53366    
   -0.420000         1.58496    
   -0.416000         1.63440    
   -0.412000         1.68189    
   -0.408000         1.72738    
   -0.404000         1.77080    
   -0.400000         1.81208    
   -0.396000         1.85118    
   -0.392000         1.88805    
   -0.388000         1.92262    
   -0.384000         1.95487    
   -0.380000         1.98475    
   -0.376000         2.01222    
   -0.372000         2.03725    
   -0.368000         2.05982    
   -0.364000         2.07989    
   -0.360000         2.09745    
   -0.356000         2.11248    
   -0.352000         2.12498    
   -0.348000         2.13492    
   -0.344000         2.14231    
   -0.340000         2.14714    
   -0.336000         2.14942    
   -0.332000         2.14915    
   -0.328000         2.14634    
   -0.324000         2.14102    
   -0.320000         2.13319    
   -0.316000         2.12287    
   -0.312000         2.11010    
   -0.308000         2.09489    
   -0.304000         2.07729    
   -0.300000         2.05732    
   -0.296000         2.03503    
   -0.292000         2.01045    
   -0.288000         1.98362    
   -0.284000         1.95461    
   -0.280000         1.92345    
   -0.276000         1.89020    
   -0.272000         1.85491    
   -0.268000         1.81764    
   -0.264000         1.77846    
   -0.260000         1.73742    
   -0.256000         1.69460    
   -0.252000         1.65005    
   -0.248000         1.60385    
   -0.244000         1.55606    
   -0.240000         1.50677    
   -0.236000         1.45605    
   -0.232000         1.40397    
   -0.228000         1.35061    
   -0.224000         1.29605    
   -0.220000         1.24037    
   -0.216000         1.18366    
   -0.212000         1.12599    
   -0.208000         1.06745    
   -0.204000         1.00812    
   -0.200000         1.04630    
   -0.196000         1.09916    
   -0.192000         1.15116    
   -0.188000         1.20224    
   -0.184000         1.25234    
   -0.180000         1.30138    
   -0.176000         1.34931    
   -0.172000         1.39606    
   -0.168000         1.44159    
   -0.164000         1.48582    
   -0.160000         1.52870    
   -0.156000         1.57018    
   -0.152000         1.61021    
   -0.148000         1.64873    
   -0.144000         1.68569    
   -0.140000         1.72106    
   -0.136000         1.75478    
   -0.132000         1.78682    
   -0.128000         1.81713    
   -0.124000         1.84567    
   -0.120000         1.87241    
   -0.116000         1.89732    
   -0.112000         1.92036    
   -0.108000         1.94150    
   -0.104000         1.96073    
   -0.100000         1.97801    
   -0.960000E-01     1.99333    
   -0.920000E-01     2.00666    
   -0.880000E-01     2.01799    
   -0.840000E-01     2.02730    
   -0.800000E-01     2.03459    
   -0.760000E-01     2.03984    
   -0.720000E-01     2.04306    
   -0.680000E-01     2.04422    
   -0.640000E-01     2.04334    
   -0.600000E-01     2.04042    
   -0.560000E-01     2.03545    
   -0.520000E-01     2.02845    
   -0.480000E-01     2.01943    
   -0.440000E-01     2.00839    
   -0.400000E-01     1.99535    
   -0.360000E-01     1.98033    
   -0.320000E-01     1.96334    
   -0.280000E-01     1.94442    
   -0.240000E-01     1.92357    
   -0.200000E-01     1.90084    
   -0.160000E-01     1.87624    
   -0.120000E-01     1.84981    
   -0.800000E-02     1.82158    
   -0.400000E-02     1.79159    
     0.00000         1.75987    
    0.400000E-02     1.72647    
    0.800000E-02     1.69143    
    0.120000E-01     1.65479    
    0.160000E-01     1.61660    
    0.200000E-01     1.57690    
    0.240000E-01     1.53575    
    0.280000E-01     1.49320    
    0.320000E-01     1.44930    
    0.360000E-01     1.40411    
    0.400000E-01     1.35769    
    0.440000E-01     1.31009    
    0.480000E-01     1.26137    
    0.520000E-01     1.21160    
    0.560000E-01     1.16084    
    0.600000E-01     1.10915    
    0.640000E-01     1.05660    
    0.680000E-01     1.00326    
    0.720000E-01     1.04694    
    0.760000E-01     1.09621    
    0.800000E-01     1.14470    
    0.840000E-01     1.19234    
    0.880000E-01     1.23908    
    0.920000E-01     1.28486    
    0.960000E-01     1.32962    
    0.100000         1.37330    
    0.104000         1.41584    
    0.108000         1.45720    
    0.112000         1.49732    
    0.116000         1.53615    
    0.120000         1.57363    
    0.124000         1.60972    
    0.128000         1.64438    
    0.132000         1.67755    
    0.136000         1.70919    
    0.140000         1.73926    
    0.144000         1.76771    
    0.148000         1.79452    
    0.152000         1.81964    
    0.156000         1.84303    
    0.160000         1.86467    
    0.164000         1.88452    
    0.168000         1.90255    
    0.172000         1.91874    
    0.176000         1.93307    
    0.180000         1.94550    
    0.184000         1.95602    
    0.188000         1.96462    
    0.192000         1.97126    
    0.196000         1.97596    
    0.200000         1.97868    
    0.204000         1.97943    
    0.208000         1.97819    
    0.212000         1.97497    
    0.216000         1.96976    
    0.220000         1.96256    
    0.224000         1.95338    
    0.228000         1.94222    
    0.232000         1.92909    
    0.236000         1.91401    
    0.240000         1.89699    
    0.244000         1.87804    
    0.248000         1.85718    
    0.252000         1.83444    
    0.256000         1.80984    
    0.260000         1.78340    
    0.264000         1.75515    
    0.268000         1.72513    
    0.272000         1.69337    
    0.276000         1.65990    
    0.280000         1.62477    
    0.284000         1.58801    
    0.288000         1.54967    
    0.292000         1.50979    
    0.296000         1.46843    
    0.300000         1.42563    
    0.304000         1.38144    
    0.308000         1.33593    
    0.312000         1.28913    
    0.316000         1.24112    
    0.320000         1.19196    
    0.324000         1.14170    
    0.328000         1.09042    
    0.332000         1.03817    
    0.336000         1.01449    
    0.340000         1.06575    
    0.344000         1.11620    
    0.348000         1.16577    
    0.352000         1.21437    
    0.356000         1.26196    
    0.360000         1.30844    
    0.364000         1.35376    
    0.368000         1.39785    
    0.372000         1.44063    
    0.376000         1.48204    
    0.380000         1.52203    
    0.384000         1.56052    
    0.388000         1.59745    
    0.392000         1.63277    
    0.396000         1.66642    
    0.400000         1.69834    
    0.404000         1.72847    
    0.408000         1.75677    
    0.412000         1.78318    
    0.416000         1.80765    
    0.420000         1.83015    
    0.424000         1.85063    
    0.428000         1.86904    
    0.432000         1.88536    
    0.436000         1.89953    
    0.440000         1.91154    
    0.444000         1.92135    
    0.448000         1.92893    
    0.452000         1.93427    
    0.456000         1.93733    
    0.460000         1.93811    
    0.464000         1.93659    
    0.468000         1.93275    
    0.472000         1.92659    
    0.476000         1.91810    
    0.480000         1.90729    
    0.484000         1.89415    
    0.488000         1.87869    
    0.492000         1.86092    
    0.496000         1.84085    
    0.500000         1.81851    
    0.504000         1.79390    
    0.508000         1.76706    
    0.512000         1.73801    
    0.516000         1.70678    
    0.520000         1.67341    
    0.524000         1.63793    
    0.528000         1.60040    
    0.532000         1.56085    
    0.536000         1.51934    
    0.540000         1.47592    
    0.544000         1.43064    
    0.548000         1.38358    
    0.552000         1.33479    
    0.556000         1.28434    
    0.560000         1.23231    
    0.564000         1.17877    
    0.568000         1.12380    
    0.572000         1.06749    
    0.576000         1.00991    
    0.580000         1.04888    
    0.584000         1.10685    
    0.588000         1.16368    
    0.592000         1.21927    
    0.596000         1.27350    
    0.600000         1.32626    
    0.604000         1.37742    
    0.608000         1.42689    
    0.612000         1.47454    
    0.616000         1.52028    
    0.620000         1.56399    
    0.624000         1.60556    
    0.628000         1.64490    
    0.632000         1.68191    
    0.636000         1.71648    
    0.640000         1.74853    
    0.644000         1.77795    
    0.648000         1.80468    
    0.652000         1.82861    
    0.656000         1.84968    
    0.660000         1.86781    
    0.664000         1.88293    
    0.668000         1.89497    
    0.672000         1.90387    
    0.676000         1.90958    
    0.680000         1.91206    
    0.684000         1.91124    
    0.688000         1.90711    
    0.692000         1.89963    
    0.696000         1.88877    
    0.700000         1.87453    
    0.704000         1.85688    
    0.708000         1.83583    
    0.712000         1.81138    
    0.716000         1.78354    
    0.720000         1.75235    
    0.724000         1.71781    
    0.728000         1.67998    
    0.732000         1.63890    
    0.736000         1.59463    
    0.740000         1.54722    
    0.744000         1.49675    
    0.748000         1.44331    
    0.752000         1.38698    
    0.756000         1.32787    
    0.760000         1.26609    
    0.764000         1.20176    
    0.768000         1.13500    
    0.772000         1.06596    
    0.776000         1.00560    
    0.780000         1.08230    
    0.784000         1.15730    
    0.788000         1.23030    
    0.792000         1.30103    
    0.796000         1.36920    
    0.800000         1.43453    
    0.804000         1.49673    
    0.808000         1.55551    
    0.812000         1.61059    
    0.816000         1.66169    
    0.820000         1.70853    
    0.824000         1.75083    
    0.828000         1.78833    
    0.832000         1.82076    
    0.836000         1.84787    
    0.840000         1.86942    
    0.844000         1.88517    
    0.848000         1.89491    
    0.852000         1.89844    
    0.856000         1.89555    
    0.860000         1.88610    
    0.864000         1.86993    
    0.868000         1.84691    
    0.872000         1.81695    
    0.876000         1.77996    
    0.880000         1.73592    
    0.884000         1.68480    
    0.888000         1.62662    
    0.892000         1.56146    
    0.896000         1.48940    
    0.900000         1.41059    
    0.904000         1.32522    
    0.908000         1.23353    
    0.912000         1.13580    
    0.916000         1.03238    
    0.920000         1.08904    
    0.924000         1.21364    
    0.928000         1.33330    
    0.932000         1.44652    
    0.936000         1.55166    
    0.940000         1.64697    
    0.944000         1.73054    
    0.948000         1.80033    
    0.952000         1.85413    
    0.956000         1.88961    
    0.960000         1.90423    
    0.964000         1.89530    
    0.968000         1.85995    
    0.972000         1.79512    
    0.976000         1.69755    
    0.980000         1.56377    
    0.984000         1.39010    
    0.988000         1.17265    
    0.992000         1.16312    
    0.996000         1.70562    
     1.00000         2.32161    
