    -1.00000         1.00000    
   -0.996000         1.11674    
   -0.992000         1.20479    
   -0.988000         1.26681    
   -0.984000         1.30527    
   -0.980000         1.32254    
   -0.976000         1.32081    
   -0.972000         1.30216    
   -0.968000         1.26853    
   -0.964000         1.22177    
   -0.960000         1.16356    
   -0.956000         1.09550    
   -0.952000         1.01909    
   -0.948000         1.09057    
   -0.944000         1.20204    
   -0.940000         1.30543    
   -0.936000         1.40069    
   -0.932000         1.48782    
   -0.928000         1.56682    
   -0.924000         1.63775    
   -0.920000         1.70065    
   -0.916000         1.75564    
   -0.912000         1.80283    
   -0.908000         1.84234    
   -0.904000         1.87434    
   -0.900000         1.89899    
   -0.896000         1.91648    
   -0.892000         1.92701    
   -0.888000         1.93079    
   -0.884000         1.92805    
   -0.880000         1.91903    
   -0.876000         1.90395    
   -0.872000         1.88309    
   -0.868000         1.85668    
   -0.864000         1.82500    
   -0.860000         1.78832    
   -0.856000         1.74689    
   -0.852000         1.70101    
   -0.848000         1.65094    
   -0.844000         1.59696    
   -0.840000         1.53934    
   -0.836000         1.47837    
   -0.832000         1.41431    
   -0.828000         1.34745    
   -0.824000         1.27804    
   -0.820000         1.20636    
   -0.816000         1.13268    
   -0.812000         1.05724    
   -0.808000         1.02196    
   -0.804000         1.10701    
   -0.800000         1.18980    
   -0.796000         1.27016    
   -0.792000         1.34793    
   -0.788000         1.42295    
   -0.784000         1.49508    
   -0.780000         1.56421    
   -0.776000         1.63020    
   -0.772000         1.69295    
   -0.768000         1.75237    
   -0.764000         1.80837    
   -0.760000         1.86088    
   -0.756000         1.90983    
   -0.752000         1.95517    
   -0.748000         1.99684    
   -0.744000         2.03482    
   -0.740000         2.06908    
   -0.736000         2.09959    
   -0.732000         2.12634    
   -0.728000         2.14933    
   -0.724000         2.16857    
   -0.720000         2.18407    
   -0.716000         2.19585    
   -0.712000         2.20393    
   -0.708000         2.20835    
   -0.704000         2.20915    
   -0.700000         2.20637    
   -0.696000         2.20006    
   -0.692000         2.19029    
   -0.688000         2.17712    
   -0.684000         2.16060    
   -0.680000         2.14083    
   -0.676000         2.11786    
   -0.672000         2.09179    
   -0.668000         2.06270    
   -0.664000         2.03068    
   -0.660000         1.99582    
   -0.656000         1.95822    
   -0.652000         1.91797    
   -0.648000         1.87519    
   -0.644000         1.82997    
   -0.640000         1.78241    
   -0.636000         1.73264    
   -0.632000         1.68076    
   -0.628000         1.62688    
   -0.624000         1.57111    
   -0.620000         1.51358    
   -0.616000         1.45439    
   -0.612000         1.39367    
   -0.608000         1.33152    
   -0.604000         1.26808    
   -0.600000         1.20345    
   -0.596000         1.13776    
   -0.592000         1.07112    
   -0.588000         1.00364    
   -0.584000         1.06719    
   -0.580000         1.13713    
   -0.576000         1.20590    
   -0.572000         1.27338    
   -0.568000         1.33949    
   -0.564000         1.40412    
   -0.560000         1.46720    
   -0.556000         1.52863    
   -0.552000         1.58833    
   -0.548000         1.64623    
   -0.544000         1.70225    
   -0.540000         1.75632    
   -0.536000         1.80837    
   -0.532000         1.85833    
   -0.528000         1.90616    
   -0.524000         1.95178    
   -0.520000         1.99515    
   -0.516000         2.03623    
   -0.512000         2.07495    
   -0.508000         2.11130    
   -0.504000         2.14522    
   -0.500000         2.17668    
   -0.496000         2.20566    
   -0.492000         2.23212    
   -0.488000         2.25605    
   -0.484000         2.27743    
   -0.480000         2.29624    
   -0.476000         2.31248    
   -0.472000         2.32613    
   -0.468000         2.33719    
   -0.464000         2.34566    
   -0.460000         2.35154    
   -0.456000         2.35484    
   -0.452000         2.35557    
   -0.448000         2.35375    
   -0.444000         2.34939    
   -0.440000         2.34250    
   -0.436000         2.33312    
   -0.432000         2.32126    
   -0.428000         2.30696    
   -0.424000         2.29025    
   -0.420000         2.27116    
   -0.416000         2.24974    
   -0.412000         2.22601    
   -0.408000         2.20002    
   -0.404000         2.17182    
   -0.400000         2.14146    
   -0.396000         2.10899    
   -0.392000         2.07445    
   -0.388000         2.03790    
   -0.384000         1.99940    
   -0.380000         1.95900    
   -0.376000         1.91677    
   -0.372000         1.87277    
   -0.368000         1.82707    
   -0.364000         1.77972    
   -0.360000         1.73079    
   -0.356000         1.68036    
   -0.352000         1.62849    
   -0.348000         1.57525    
   -0.344000         1.52072    
   -0.340000         1.46496    
   -0.336000         1.40806    
   -0.332000         1.35009    
   -0.328000         1.29111    
   -0.324000         1.23122    
   -0.320000         1.17048    
   -0.316000         1.10898    
   -0.312000         1.04678    
   -0.308000         1.01633    
   -0.304000         1.08013    
   -0.300000         1.14317    
   -0.296000         1.20540    
   -0.292000         1.26674    
   -0.288000         1.32711    
   -0.284000         1.38645    
   -0.280000         1.44468    
   -0.276000         1.50175    
   -0.272000         1.55759    
   -0.268000         1.61213    
   -0.264000         1.66532    
   -0.260000         1.71709    
   -0.256000         1.76738    
   -0.252000         1.81615    
   -0.248000         1.86333    
   -0.244000         1.90888    
   -0.240000         1.95275    
   -0.236000         1.99488    
   -0.232000         2.03524    
   -0.228000         2.07378    
   -0.224000         2.11046    
   -0.220000         2.14524    
   -0.216000         2.17808    
   -0.212000         2.20895    
   -0.208000         2.23783    
   -0.204000         2.26467    
   -0.200000         2.28945    
   -0.196000         2.31215    
   -0.192000         2.33275    
   -0.188000         2.35122    
   -0.184000         2.36755    
   -0.180000         2.38173    
   -0.176000         2.39373    
   -0.172000         2.40356    
   -0.168000         2.41120    
   -0.164000         2.41665    
   -0.160000         2.41991    
   -0.156000         2.42097    
   -0.152000         2.41984    
   -0.148000         2.41652    
   -0.144000         2.41103    
   -0.140000         2.40336    
   -0.136000         2.39353    
   -0.132000         2.38156    
   -0.128000         2.36747    
   -0.124000         2.35126    
   -0.120000         2.33296    
   -0.116000         2.31260    
   -0.112000         2.29021    
   -0.108000         2.26580    
   -0.104000         2.23941    
   -0.100000         2.21106    
   -0.960000E-01     2.18081    
   -0.920000E-01     2.14867    
   -0.880000E-01     2.11470    
   -0.840000E-01     2.07892    
   -0.800000E-01     2.04138    
   -0.760000E-01     2.00213    
   -0.720000E-01     1.96120    
   -0.680000E-01     1.91865    
   -0.640000E-01     1.87453    
   -0.600000E-01     1.82889    
   -0.560000E-01     1.78177    
   -0.520000E-01     1.73323    
   -0.480000E-01     1.68334    
   -0.440000E-01     1.63213    
   -0.400000E-01     1.57968    
   -0.360000E-01     1.52603    
   -0.320000E-01     1.47126    
   -0.280000E-01     1.41542    
   -0.240000E-01     1.35858    
   -0.200000E-01     1.30079    
   -0.160000E-01     1.24212    
   -0.120000E-01     1.18264    
   -0.800000E-02     1.12242    
   -0.400000E-02     1.06152    
     0.00000         1.00000    
    0.400000E-02     1.06152    
    0.800000E-02     1.12242    
    0.120000E-01     1.18264    
    0.160000E-01     1.24212    
    0.200000E-01     1.30079    
    0.240000E-01     1.35858    
    0.280000E-01     1.41542    
    0.320000E-01     1.47126    
    0.360000E-01     1.52603    
    0.400000E-01     1.57968    
    0.440000E-01     1.63213    
    0.480000E-01     1.68334    
    0.520000E-01     1.73323    
    0.560000E-01     1.78177    
    0.600000E-01     1.82889    
    0.640000E-01     1.87453    
    0.680000E-01     1.91865    
    0.720000E-01     1.96120    
    0.760000E-01     2.00213    
    0.800000E-01     2.04138    
    0.840000E-01     2.07892    
    0.880000E-01     2.11470    
    0.920000E-01     2.14867    
    0.960000E-01     2.18081    
    0.100000         2.21106    
    0.104000         2.23941    
    0.108000         2.26580    
    0.112000         2.29021    
    0.116000         2.31260    
    0.120000         2.33296    
    0.124000         2.35126    
    0.128000         2.36747    
    0.132000         2.38156    
    0.136000         2.39353    
    0.140000         2.40336    
    0.144000         2.41103    
    0.148000         2.41652    
    0.152000         2.41984    
    0.156000         2.42097    
    0.160000         2.41991    
    0.164000         2.41665    
    0.168000         2.41120    
    0.172000         2.40356    
    0.176000         2.39373    
    0.180000         2.38173    
    0.184000         2.36755    
    0.188000         2.35122    
    0.192000         2.33275    
    0.196000         2.31215    
    0.200000         2.28945    
    0.204000         2.26467    
    0.208000         2.23783    
    0.212000         2.20895    
    0.216000         2.17808    
    0.220000         2.14524    
    0.224000         2.11046    
    0.228000         2.07378    
    0.232000         2.03524    
    0.236000         1.99488    
    0.240000         1.95275    
    0.244000         1.90888    
    0.248000         1.86333    
    0.252000         1.81615    
    0.256000         1.76738    
    0.260000         1.71709    
    0.264000         1.66532    
    0.268000         1.61213    
    0.272000         1.55759    
    0.276000         1.50175    
    0.280000         1.44468    
    0.284000         1.38645    
    0.288000         1.32711    
    0.292000         1.26674    
    0.296000         1.20540    
    0.300000         1.14317    
    0.304000         1.08013    
    0.308000         1.01633    
    0.312000         1.04678    
    0.316000         1.10898    
    0.320000         1.17048    
    0.324000         1.23122    
    0.328000         1.29111    
    0.332000         1.35009    
    0.336000         1.40806    
    0.340000         1.46496    
    0.344000         1.52072    
    0.348000         1.57525    
    0.352000         1.62849    
    0.356000         1.68036    
    0.360000         1.73079    
    0.364000         1.77972    
    0.368000         1.82707    
    0.372000         1.87277    
    0.376000         1.91677    
    0.380000         1.95900    
    0.384000         1.99940    
    0.388000         2.03790    
    0.392000         2.07445    
    0.396000         2.10899    
    0.400000         2.14146    
    0.404000         2.17182    
    0.408000         2.20002    
    0.412000         2.22601    
    0.416000         2.24974    
    0.420000         2.27116    
    0.424000         2.29025    
    0.428000         2.30696    
    0.432000         2.32126    
    0.436000         2.33312    
    0.440000         2.34250    
    0.444000         2.34939    
    0.448000         2.35375    
    0.452000         2.35557    
    0.456000         2.35484    
    0.460000         2.35154    
    0.464000         2.34566    
    0.468000         2.33719    
    0.472000         2.32613    
    0.476000         2.31248    
    0.480000         2.29624    
    0.484000         2.27743    
    0.488000         2.25605    
    0.492000         2.23212    
    0.496000         2.20566    
    0.500000         2.17668    
    0.504000         2.14522    
    0.508000         2.11130    
    0.512000         2.07495    
    0.516000         2.03623    
    0.520000         1.99515    
    0.524000         1.95178    
    0.528000         1.90616    
    0.532000         1.85833    
    0.536000         1.80837    
    0.540000         1.75632    
    0.544000         1.70225    
    0.548000         1.64623    
    0.552000         1.58833    
    0.556000         1.52863    
    0.560000         1.46720    
    0.564000         1.40412    
    0.568000         1.33949    
    0.572000         1.27338    
    0.576000         1.20590    
    0.580000         1.13713    
    0.584000         1.06719    
    0.588000         1.00364    
    0.592000         1.07112    
    0.596000         1.13776    
    0.600000         1.20345    
    0.604000         1.26808    
    0.608000         1.33152    
    0.612000         1.39367    
    0.616000         1.45439    
    0.620000         1.51358    
    0.624000         1.57111    
    0.628000         1.62688    
    0.632000         1.68076    
    0.636000         1.73264    
    0.640000         1.78241    
    0.644000         1.82997    
    0.648000         1.87519    
    0.652000         1.91797    
    0.656000         1.95822    
    0.660000         1.99582    
    0.664000         2.03068    
    0.668000         2.06270    
    0.672000         2.09179    
    0.676000         2.11786    
    0.680000         2.14083    
    0.684000         2.16060    
    0.688000         2.17712    
    0.692000         2.19029    
    0.696000         2.20006    
    0.700000         2.20637    
    0.704000         2.20915    
    0.708000         2.20835    
    0.712000         2.20393    
    0.716000         2.19585    
    0.720000         2.18407    
    0.724000         2.16857    
    0.728000         2.14933    
    0.732000         2.12634    
    0.736000         2.09959    
    0.740000         2.06908    
    0.744000         2.03482    
    0.748000         1.99684    
    0.752000         1.95517    
    0.756000         1.90983    
    0.760000         1.86088    
    0.764000         1.80837    
    0.768000         1.75237    
    0.772000         1.69295    
    0.776000         1.63020    
    0.780000         1.56421    
    0.784000         1.49508    
    0.788000         1.42295    
    0.792000         1.34793    
    0.796000         1.27016    
    0.800000         1.18980    
    0.804000         1.10701    
    0.808000         1.02196    
    0.812000         1.05724    
    0.816000         1.13268    
    0.820000         1.20636    
    0.824000         1.27804    
    0.828000         1.34745    
    0.832000         1.41431    
    0.836000         1.47837    
    0.840000         1.53934    
    0.844000         1.59696    
    0.848000         1.65094    
    0.852000         1.70101    
    0.856000         1.74689    
    0.860000         1.78832    
    0.864000         1.82500    
    0.868000         1.85668    
    0.872000         1.88309    
    0.876000         1.90395    
    0.880000         1.91903    
    0.884000         1.92805    
    0.888000         1.93079    
    0.892000         1.92701    
    0.896000         1.91648    
    0.900000         1.89899    
    0.904000         1.87434    
    0.908000         1.84234    
    0.912000         1.80283    
    0.916000         1.75564    
    0.920000         1.70065    
    0.924000         1.63775    
    0.928000         1.56682    
    0.932000         1.48782    
    0.936000         1.40069    
    0.940000         1.30543    
    0.944000         1.20204    
    0.948000         1.09057    
    0.952000         1.01909    
    0.956000         1.09550    
    0.960000         1.16356    
    0.964000         1.22177    
    0.968000         1.26853    
    0.972000         1.30216    
    0.976000         1.32081    
    0.980000         1.32254    
    0.984000         1.30527    
    0.988000         1.26681    
    0.992000         1.20479    
    0.996000         1.11674    
     1.00000         1.00000    
