    -1.00000         1.00000    
   -0.996000         5.38773    
   -0.992000         9.31310    
   -0.988000         12.8053    
   -0.984000         15.8924    
   -0.980000         18.6008    
   -0.976000         20.9561    
   -0.972000         22.9823    
   -0.968000         24.7027    
   -0.964000         26.1390    
   -0.960000         27.3121    
   -0.956000         28.2420    
   -0.952000         28.9473    
   -0.948000         29.4461    
   -0.944000         29.7552    
   -0.940000         29.8907    
   -0.936000         29.8678    
   -0.932000         29.7010    
   -0.928000         29.4037    
   -0.924000         28.9888    
   -0.920000         28.4685    
   -0.916000         27.8542    
   -0.912000         27.1564    
   -0.908000         26.3855    
   -0.904000         25.5507    
   -0.900000         24.6610    
   -0.896000         23.7247    
   -0.892000         22.7495    
   -0.888000         21.7427    
   -0.884000         20.7110    
   -0.880000         19.6606    
   -0.876000         18.5975    
   -0.872000         17.5269    
   -0.868000         16.4538    
   -0.864000         15.3828    
   -0.860000         14.3181    
   -0.856000         13.2636    
   -0.852000         12.2226    
   -0.848000         11.1984    
   -0.844000         10.1939    
   -0.840000         9.21163    
   -0.836000         8.25388    
   -0.832000         7.32271    
   -0.828000         6.41991    
   -0.824000         5.54705    
   -0.820000         4.70546    
   -0.816000         3.89630    
   -0.812000         3.12049    
   -0.808000         2.37881    
   -0.804000         1.67183    
   -0.800000         1.00000    
   -0.796000         1.56360    
   -0.792000         2.09239    
   -0.788000         2.58648    
   -0.784000         3.04607    
   -0.780000         3.47147    
   -0.776000         3.86308    
   -0.772000         4.22140    
   -0.768000         4.54700    
   -0.764000         4.84053    
   -0.760000         5.10271    
   -0.756000         5.33429    
   -0.752000         5.53611    
   -0.748000         5.70904    
   -0.744000         5.85400    
   -0.740000         5.97193    
   -0.736000         6.06383    
   -0.732000         6.13070    
   -0.728000         6.17357    
   -0.724000         6.19350    
   -0.720000         6.19155    
   -0.716000         6.16880    
   -0.712000         6.12631    
   -0.708000         6.06519    
   -0.704000         5.98652    
   -0.700000         5.89137    
   -0.696000         5.78081    
   -0.692000         5.65593    
   -0.688000         5.51776    
   -0.684000         5.36736    
   -0.680000         5.20575    
   -0.676000         5.03394    
   -0.672000         4.85292    
   -0.668000         4.66366    
   -0.664000         4.46710    
   -0.660000         4.26417    
   -0.656000         4.05577    
   -0.652000         3.84277    
   -0.648000         3.62601    
   -0.644000         3.40632    
   -0.640000         3.18448    
   -0.636000         2.96125    
   -0.632000         2.73736    
   -0.628000         2.51351    
   -0.624000         2.29037    
   -0.620000         2.06858    
   -0.616000         1.84874    
   -0.612000         1.63144    
   -0.608000         1.41721    
   -0.604000         1.20657    
   -0.600000         1.00000    
   -0.596000         1.15284    
   -0.592000         1.29982    
   -0.588000         1.44070    
   -0.584000         1.57522    
   -0.580000         1.70317    
   -0.576000         1.82437    
   -0.572000         1.93866    
   -0.568000         2.04589    
   -0.564000         2.14595    
   -0.560000         2.23875    
   -0.556000         2.32421    
   -0.552000         2.40230    
   -0.548000         2.47298    
   -0.544000         2.53624    
   -0.540000         2.59211    
   -0.536000         2.64061    
   -0.532000         2.68178    
   -0.528000         2.71571    
   -0.524000         2.74247    
   -0.520000         2.76216    
   -0.516000         2.77489    
   -0.512000         2.78081    
   -0.508000         2.78004    
   -0.504000         2.77275    
   -0.500000         2.75909    
   -0.496000         2.73926    
   -0.492000         2.71344    
   -0.488000         2.68183    
   -0.484000         2.64464    
   -0.480000         2.60208    
   -0.476000         2.55438    
   -0.472000         2.50176    
   -0.468000         2.44447    
   -0.464000         2.38275    
   -0.460000         2.31684    
   -0.456000         2.24699    
   -0.452000         2.17346    
   -0.448000         2.09650    
   -0.444000         2.01638    
   -0.440000         1.93335    
   -0.436000         1.84767    
   -0.432000         1.75960    
   -0.428000         1.66940    
   -0.424000         1.57734    
   -0.420000         1.48367    
   -0.416000         1.38864    
   -0.412000         1.29251    
   -0.408000         1.19553    
   -0.404000         1.09795    
   -0.400000         1.00000    
   -0.396000         1.06679    
   -0.392000         1.13172    
   -0.388000         1.19468    
   -0.384000         1.25553    
   -0.380000         1.31416    
   -0.376000         1.37045    
   -0.372000         1.42430    
   -0.368000         1.47561    
   -0.364000         1.52428    
   -0.360000         1.57023    
   -0.356000         1.61338    
   -0.352000         1.65366    
   -0.348000         1.69099    
   -0.344000         1.72533    
   -0.340000         1.75661    
   -0.336000         1.78480    
   -0.332000         1.80985    
   -0.328000         1.83174    
   -0.324000         1.85043    
   -0.320000         1.86591    
   -0.316000         1.87817    
   -0.312000         1.88721    
   -0.308000         1.89302    
   -0.304000         1.89562    
   -0.300000         1.89502    
   -0.296000         1.89124    
   -0.292000         1.88431    
   -0.288000         1.87427    
   -0.284000         1.86115    
   -0.280000         1.84500    
   -0.276000         1.82587    
   -0.272000         1.80382    
   -0.268000         1.77890    
   -0.264000         1.75120    
   -0.260000         1.72077    
   -0.256000         1.68770    
   -0.252000         1.65207    
   -0.248000         1.61396    
   -0.244000         1.57347    
   -0.240000         1.53068    
   -0.236000         1.48571    
   -0.232000         1.43864    
   -0.228000         1.38958    
   -0.224000         1.33865    
   -0.220000         1.28595    
   -0.216000         1.23160    
   -0.212000         1.17571    
   -0.208000         1.11839    
   -0.204000         1.05979    
   -0.200000         1.00000    
   -0.196000         1.04507    
   -0.192000         1.08889    
   -0.188000         1.13141    
   -0.184000         1.17253    
   -0.180000         1.21221    
   -0.176000         1.25038    
   -0.172000         1.28697    
   -0.168000         1.32193    
   -0.164000         1.35519    
   -0.160000         1.38672    
   -0.156000         1.41646    
   -0.152000         1.44435    
   -0.148000         1.47036    
   -0.144000         1.49444    
   -0.140000         1.51656    
   -0.136000         1.53668    
   -0.132000         1.55477    
   -0.128000         1.57080    
   -0.124000         1.58475    
   -0.120000         1.59658    
   -0.116000         1.60629    
   -0.112000         1.61386    
   -0.108000         1.61927    
   -0.104000         1.62253    
   -0.100000         1.62361    
   -0.960000E-01     1.62253    
   -0.920000E-01     1.61927    
   -0.880000E-01     1.61386    
   -0.840000E-01     1.60629    
   -0.800000E-01     1.59658    
   -0.760000E-01     1.58475    
   -0.720000E-01     1.57080    
   -0.680000E-01     1.55477    
   -0.640000E-01     1.53668    
   -0.600000E-01     1.51656    
   -0.560000E-01     1.49444    
   -0.520000E-01     1.47036    
   -0.480000E-01     1.44435    
   -0.440000E-01     1.41646    
   -0.400000E-01     1.38672    
   -0.360000E-01     1.35519    
   -0.320000E-01     1.32193    
   -0.280000E-01     1.28697    
   -0.240000E-01     1.25038    
   -0.200000E-01     1.21221    
   -0.160000E-01     1.17253    
   -0.120000E-01     1.13141    
   -0.800000E-02     1.08889    
   -0.400000E-02     1.04507    
     0.00000         1.00000    
    0.400000E-02     1.04507    
    0.800000E-02     1.08889    
    0.120000E-01     1.13141    
    0.160000E-01     1.17253    
    0.200000E-01     1.21221    
    0.240000E-01     1.25038    
    0.280000E-01     1.28697    
    0.320000E-01     1.32193    
    0.360000E-01     1.35519    
    0.400000E-01     1.38672    
    0.440000E-01     1.41646    
    0.480000E-01     1.44435    
    0.520000E-01     1.47036    
    0.560000E-01     1.49444    
    0.600000E-01     1.51656    
    0.640000E-01     1.53668    
    0.680000E-01     1.55477    
    0.720000E-01     1.57080    
    0.760000E-01     1.58475    
    0.800000E-01     1.59658    
    0.840000E-01     1.60629    
    0.880000E-01     1.61386    
    0.920000E-01     1.61927    
    0.960000E-01     1.62253    
    0.100000         1.62361    
    0.104000         1.62253    
    0.108000         1.61927    
    0.112000         1.61386    
    0.116000         1.60629    
    0.120000         1.59658    
    0.124000         1.58475    
    0.128000         1.57080    
    0.132000         1.55477    
    0.136000         1.53668    
    0.140000         1.51656    
    0.144000         1.49444    
    0.148000         1.47036    
    0.152000         1.44435    
    0.156000         1.41646    
    0.160000         1.38672    
    0.164000         1.35519    
    0.168000         1.32193    
    0.172000         1.28697    
    0.176000         1.25038    
    0.180000         1.21221    
    0.184000         1.17253    
    0.188000         1.13141    
    0.192000         1.08889    
    0.196000         1.04507    
    0.200000         1.00000    
    0.204000         1.05979    
    0.208000         1.11839    
    0.212000         1.17571    
    0.216000         1.23160    
    0.220000         1.28595    
    0.224000         1.33865    
    0.228000         1.38958    
    0.232000         1.43864    
    0.236000         1.48571    
    0.240000         1.53068    
    0.244000         1.57347    
    0.248000         1.61396    
    0.252000         1.65207    
    0.256000         1.68770    
    0.260000         1.72077    
    0.264000         1.75120    
    0.268000         1.77890    
    0.272000         1.80382    
    0.276000         1.82587    
    0.280000         1.84500    
    0.284000         1.86115    
    0.288000         1.87427    
    0.292000         1.88431    
    0.296000         1.89124    
    0.300000         1.89502    
    0.304000         1.89562    
    0.308000         1.89302    
    0.312000         1.88721    
    0.316000         1.87817    
    0.320000         1.86591    
    0.324000         1.85043    
    0.328000         1.83174    
    0.332000         1.80985    
    0.336000         1.78480    
    0.340000         1.75661    
    0.344000         1.72533    
    0.348000         1.69099    
    0.352000         1.65366    
    0.356000         1.61338    
    0.360000         1.57023    
    0.364000         1.52428    
    0.368000         1.47561    
    0.372000         1.42430    
    0.376000         1.37045    
    0.380000         1.31416    
    0.384000         1.25553    
    0.388000         1.19468    
    0.392000         1.13172    
    0.396000         1.06679    
    0.400000         1.00000    
    0.404000         1.09795    
    0.408000         1.19553    
    0.412000         1.29251    
    0.416000         1.38864    
    0.420000         1.48367    
    0.424000         1.57734    
    0.428000         1.66940    
    0.432000         1.75960    
    0.436000         1.84767    
    0.440000         1.93335    
    0.444000         2.01638    
    0.448000         2.09650    
    0.452000         2.17346    
    0.456000         2.24699    
    0.460000         2.31684    
    0.464000         2.38275    
    0.468000         2.44447    
    0.472000         2.50176    
    0.476000         2.55438    
    0.480000         2.60208    
    0.484000         2.64464    
    0.488000         2.68183    
    0.492000         2.71344    
    0.496000         2.73926    
    0.500000         2.75909    
    0.504000         2.77275    
    0.508000         2.78004    
    0.512000         2.78081    
    0.516000         2.77489    
    0.520000         2.76216    
    0.524000         2.74247    
    0.528000         2.71571    
    0.532000         2.68178    
    0.536000         2.64061    
    0.540000         2.59211    
    0.544000         2.53624    
    0.548000         2.47298    
    0.552000         2.40230    
    0.556000         2.32421    
    0.560000         2.23875    
    0.564000         2.14595    
    0.568000         2.04589    
    0.572000         1.93866    
    0.576000         1.82437    
    0.580000         1.70317    
    0.584000         1.57522    
    0.588000         1.44070    
    0.592000         1.29982    
    0.596000         1.15284    
    0.600000         1.00000    
    0.604000         1.20657    
    0.608000         1.41721    
    0.612000         1.63144    
    0.616000         1.84874    
    0.620000         2.06858    
    0.624000         2.29037    
    0.628000         2.51351    
    0.632000         2.73736    
    0.636000         2.96125    
    0.640000         3.18448    
    0.644000         3.40632    
    0.648000         3.62601    
    0.652000         3.84277    
    0.656000         4.05577    
    0.660000         4.26417    
    0.664000         4.46710    
    0.668000         4.66366    
    0.672000         4.85292    
    0.676000         5.03394    
    0.680000         5.20575    
    0.684000         5.36736    
    0.688000         5.51776    
    0.692000         5.65593    
    0.696000         5.78081    
    0.700000         5.89137    
    0.704000         5.98652    
    0.708000         6.06519    
    0.712000         6.12631    
    0.716000         6.16880    
    0.720000         6.19155    
    0.724000         6.19350    
    0.728000         6.17357    
    0.732000         6.13070    
    0.736000         6.06383    
    0.740000         5.97193    
    0.744000         5.85400    
    0.748000         5.70904    
    0.752000         5.53611    
    0.756000         5.33429    
    0.760000         5.10271    
    0.764000         4.84053    
    0.768000         4.54700    
    0.772000         4.22140    
    0.776000         3.86308    
    0.780000         3.47147    
    0.784000         3.04607    
    0.788000         2.58648    
    0.792000         2.09239    
    0.796000         1.56360    
    0.800000         1.00000    
    0.804000         1.67183    
    0.808000         2.37881    
    0.812000         3.12049    
    0.816000         3.89630    
    0.820000         4.70546    
    0.824000         5.54705    
    0.828000         6.41991    
    0.832000         7.32271    
    0.836000         8.25388    
    0.840000         9.21163    
    0.844000         10.1939    
    0.848000         11.1984    
    0.852000         12.2226    
    0.856000         13.2636    
    0.860000         14.3181    
    0.864000         15.3828    
    0.868000         16.4538    
    0.872000         17.5269    
    0.876000         18.5975    
    0.880000         19.6606    
    0.884000         20.7110    
    0.888000         21.7427    
    0.892000         22.7495    
    0.896000         23.7247    
    0.900000         24.6610    
    0.904000         25.5507    
    0.908000         26.3855    
    0.912000         27.1564    
    0.916000         27.8542    
    0.920000         28.4685    
    0.924000         28.9888    
    0.928000         29.4037    
    0.932000         29.7010    
    0.936000         29.8678    
    0.940000         29.8907    
    0.944000         29.7552    
    0.948000         29.4461    
    0.952000         28.9473    
    0.956000         28.2420    
    0.960000         27.3121    
    0.964000         26.1390    
    0.968000         24.7027    
    0.972000         22.9823    
    0.976000         20.9561    
    0.980000         18.6008    
    0.984000         15.8924    
    0.988000         12.8053    
    0.992000         9.31310    
    0.996000         5.38773    
     1.00000         1.00000    
