    -1.00000         2047.00    
   -0.996000         1912.46    
   -0.992000         1785.17    
   -0.988000         1664.79    
   -0.984000         1551.03    
   -0.980000         1443.58    
   -0.976000         1342.15    
   -0.972000         1246.48    
   -0.968000         1156.29    
   -0.964000         1071.33    
   -0.960000         991.352    
   -0.956000         916.118    
   -0.952000         845.403    
   -0.948000         778.986    
   -0.944000         716.658    
   -0.940000         658.216    
   -0.936000         603.467    
   -0.932000         552.225    
   -0.928000         504.312    
   -0.924000         459.555    
   -0.920000         417.791    
   -0.916000         378.863    
   -0.912000         342.619    
   -0.908000         308.915    
   -0.904000         277.614    
   -0.900000         248.582    
   -0.896000         221.693    
   -0.892000         196.827    
   -0.888000         173.868    
   -0.884000         152.704    
   -0.880000         133.232    
   -0.876000         115.349    
   -0.872000         98.9614    
   -0.868000         83.9759    
   -0.864000         70.3059    
   -0.860000         57.8684    
   -0.856000         46.5842    
   -0.852000         36.3782    
   -0.848000         27.1790    
   -0.844000         18.9185    
   -0.840000         11.5323    
   -0.836000         4.95915    
   -0.832000         2.81250    
   -0.828000         7.79654    
   -0.824000         12.1402    
   -0.820000         15.8924    
   -0.816000         19.0993    
   -0.812000         21.8047    
   -0.808000         24.0498    
   -0.804000         25.8734    
   -0.800000         27.3121    
   -0.796000         28.4004    
   -0.792000         29.1706    
   -0.788000         29.6533    
   -0.784000         29.8767    
   -0.780000         29.8678    
   -0.776000         29.6515    
   -0.772000         29.2512    
   -0.768000         28.6886    
   -0.764000         27.9840    
   -0.760000         27.1564    
   -0.756000         26.2233    
   -0.752000         25.2009    
   -0.748000         24.1043    
   -0.744000         22.9473    
   -0.740000         21.7427    
   -0.736000         20.5022    
   -0.732000         19.2366    
   -0.728000         17.9557    
   -0.724000         16.6684    
   -0.720000         15.3828    
   -0.716000         14.1063    
   -0.712000         12.8454    
   -0.708000         11.6059    
   -0.704000         10.3931    
   -0.700000         9.21163    
   -0.696000         8.06546    
   -0.692000         6.95809    
   -0.688000         5.89251    
   -0.684000         4.87122    
   -0.680000         3.89630    
   -0.676000         2.96940    
   -0.672000         2.09183    
   -0.668000         1.26450    
   -0.664000         1.45366    
   -0.660000         2.09239    
   -0.656000         2.68115    
   -0.652000         3.22031    
   -0.648000         3.71046    
   -0.644000         4.15237    
   -0.640000         4.54700    
   -0.636000         4.89545    
   -0.632000         5.19896    
   -0.628000         5.45890    
   -0.624000         5.67672    
   -0.620000         5.85400    
   -0.616000         5.99237    
   -0.612000         6.09353    
   -0.608000         6.15924    
   -0.604000         6.19130    
   -0.600000         6.19155    
   -0.596000         6.16184    
   -0.592000         6.10404    
   -0.588000         6.02003    
   -0.584000         5.91166    
   -0.580000         5.78081    
   -0.576000         5.62932    
   -0.572000         5.45901    
   -0.568000         5.27168    
   -0.564000         5.06907    
   -0.560000         4.85292    
   -0.556000         4.62490    
   -0.552000         4.38664    
   -0.548000         4.13973    
   -0.544000         3.88569    
   -0.540000         3.62601    
   -0.536000         3.36210    
   -0.532000         3.09531    
   -0.528000         2.82695    
   -0.524000         2.55824    
   -0.520000         2.29037    
   -0.516000         2.02444    
   -0.512000         1.76149    
   -0.508000         1.50250    
   -0.504000         1.24839    
   -0.500000         1.00000    
   -0.496000         1.18271    
   -0.492000         1.35692    
   -0.488000         1.52219    
   -0.484000         1.67811    
   -0.480000         1.82437    
   -0.476000         1.96067    
   -0.472000         2.08678    
   -0.468000         2.20250    
   -0.464000         2.30771    
   -0.460000         2.40230    
   -0.456000         2.48622    
   -0.452000         2.55948    
   -0.448000         2.62209    
   -0.444000         2.67413    
   -0.440000         2.71571    
   -0.436000         2.74697    
   -0.432000         2.76808    
   -0.428000         2.77925    
   -0.424000         2.78072    
   -0.420000         2.77275    
   -0.416000         2.75562    
   -0.412000         2.72964    
   -0.408000         2.69516    
   -0.404000         2.65251    
   -0.400000         2.60208    
   -0.396000         2.54424    
   -0.392000         2.47939    
   -0.388000         2.40795    
   -0.384000         2.33034    
   -0.380000         2.24699    
   -0.376000         2.15833    
   -0.372000         2.06482    
   -0.368000         1.96689    
   -0.364000         1.86500    
   -0.360000         1.75960    
   -0.356000         1.65113    
   -0.352000         1.54005    
   -0.348000         1.42680    
   -0.344000         1.31181    
   -0.340000         1.19553    
   -0.336000         1.07838    
   -0.332000         1.02693    
   -0.328000         1.10598    
   -0.324000         1.18225    
   -0.320000         1.25553    
   -0.316000         1.32561    
   -0.312000         1.39229    
   -0.308000         1.45540    
   -0.304000         1.51476    
   -0.300000         1.57023    
   -0.296000         1.62167    
   -0.292000         1.66895    
   -0.288000         1.71196    
   -0.284000         1.75060    
   -0.280000         1.78480    
   -0.276000         1.81448    
   -0.272000         1.83960    
   -0.268000         1.86010    
   -0.264000         1.87598    
   -0.260000         1.88721    
   -0.256000         1.89380    
   -0.252000         1.89576    
   -0.248000         1.89313    
   -0.244000         1.88595    
   -0.240000         1.87427    
   -0.236000         1.85816    
   -0.232000         1.83770    
   -0.228000         1.81298    
   -0.224000         1.78411    
   -0.220000         1.75120    
   -0.216000         1.71437    
   -0.212000         1.67375    
   -0.208000         1.62950    
   -0.204000         1.58175    
   -0.200000         1.53068    
   -0.196000         1.47646    
   -0.192000         1.41925    
   -0.188000         1.35924    
   -0.184000         1.29663    
   -0.180000         1.23160    
   -0.176000         1.16435    
   -0.172000         1.09510    
   -0.168000         1.02405    
   -0.164000         1.03615    
   -0.160000         1.08889    
   -0.156000         1.13974    
   -0.152000         1.18858    
   -0.148000         1.23530    
   -0.144000         1.27978    
   -0.140000         1.32193    
   -0.136000         1.36164    
   -0.132000         1.39883    
   -0.128000         1.43342    
   -0.124000         1.46531    
   -0.120000         1.49444    
   -0.116000         1.52075    
   -0.112000         1.54417    
   -0.108000         1.56464    
   -0.104000         1.58213    
   -0.100000         1.59658    
   -0.960000E-01     1.60798    
   -0.920000E-01     1.61629    
   -0.880000E-01     1.62149    
   -0.840000E-01     1.62357    
   -0.800000E-01     1.62253    
   -0.760000E-01     1.61836    
   -0.720000E-01     1.61109    
   -0.680000E-01     1.60072    
   -0.640000E-01     1.58728    
   -0.600000E-01     1.57080    
   -0.560000E-01     1.55132    
   -0.520000E-01     1.52888    
   -0.480000E-01     1.50353    
   -0.440000E-01     1.47533    
   -0.400000E-01     1.44435    
   -0.360000E-01     1.41065    
   -0.320000E-01     1.37432    
   -0.280000E-01     1.33544    
   -0.240000E-01     1.29409    
   -0.200000E-01     1.25038    
   -0.160000E-01     1.20439    
   -0.120000E-01     1.15625    
   -0.800000E-02     1.10606    
   -0.400000E-02     1.05394    
     0.00000         1.00000    
    0.400000E-02     1.05394    
    0.800000E-02     1.10606    
    0.120000E-01     1.15625    
    0.160000E-01     1.20439    
    0.200000E-01     1.25038    
    0.240000E-01     1.29409    
    0.280000E-01     1.33544    
    0.320000E-01     1.37432    
    0.360000E-01     1.41065    
    0.400000E-01     1.44435    
    0.440000E-01     1.47533    
    0.480000E-01     1.50353    
    0.520000E-01     1.52888    
    0.560000E-01     1.55132    
    0.600000E-01     1.57080    
    0.640000E-01     1.58728    
    0.680000E-01     1.60072    
    0.720000E-01     1.61109    
    0.760000E-01     1.61836    
    0.800000E-01     1.62253    
    0.840000E-01     1.62357    
    0.880000E-01     1.62149    
    0.920000E-01     1.61629    
    0.960000E-01     1.60798    
    0.100000         1.59658    
    0.104000         1.58213    
    0.108000         1.56464    
    0.112000         1.54417    
    0.116000         1.52075    
    0.120000         1.49444    
    0.124000         1.46531    
    0.128000         1.43342    
    0.132000         1.39883    
    0.136000         1.36164    
    0.140000         1.32193    
    0.144000         1.27978    
    0.148000         1.23530    
    0.152000         1.18858    
    0.156000         1.13974    
    0.160000         1.08889    
    0.164000         1.03615    
    0.168000         1.02405    
    0.172000         1.09510    
    0.176000         1.16435    
    0.180000         1.23160    
    0.184000         1.29663    
    0.188000         1.35924    
    0.192000         1.41925    
    0.196000         1.47646    
    0.200000         1.53068    
    0.204000         1.58175    
    0.208000         1.62950    
    0.212000         1.67375    
    0.216000         1.71437    
    0.220000         1.75120    
    0.224000         1.78411    
    0.228000         1.81298    
    0.232000         1.83770    
    0.236000         1.85816    
    0.240000         1.87427    
    0.244000         1.88595    
    0.248000         1.89313    
    0.252000         1.89576    
    0.256000         1.89380    
    0.260000         1.88721    
    0.264000         1.87598    
    0.268000         1.86010    
    0.272000         1.83960    
    0.276000         1.81448    
    0.280000         1.78480    
    0.284000         1.75060    
    0.288000         1.71196    
    0.292000         1.66895    
    0.296000         1.62167    
    0.300000         1.57023    
    0.304000         1.51476    
    0.308000         1.45540    
    0.312000         1.39229    
    0.316000         1.32561    
    0.320000         1.25553    
    0.324000         1.18225    
    0.328000         1.10598    
    0.332000         1.02693    
    0.336000         1.07838    
    0.340000         1.19553    
    0.344000         1.31181    
    0.348000         1.42680    
    0.352000         1.54005    
    0.356000         1.65113    
    0.360000         1.75960    
    0.364000         1.86500    
    0.368000         1.96689    
    0.372000         2.06482    
    0.376000         2.15833    
    0.380000         2.24699    
    0.384000         2.33034    
    0.388000         2.40795    
    0.392000         2.47939    
    0.396000         2.54424    
    0.400000         2.60208    
    0.404000         2.65251    
    0.408000         2.69516    
    0.412000         2.72964    
    0.416000         2.75562    
    0.420000         2.77275    
    0.424000         2.78072    
    0.428000         2.77925    
    0.432000         2.76808    
    0.436000         2.74697    
    0.440000         2.71571    
    0.444000         2.67413    
    0.448000         2.62209    
    0.452000         2.55948    
    0.456000         2.48622    
    0.460000         2.40230    
    0.464000         2.30771    
    0.468000         2.20250    
    0.472000         2.08678    
    0.476000         1.96067    
    0.480000         1.82437    
    0.484000         1.67811    
    0.488000         1.52219    
    0.492000         1.35692    
    0.496000         1.18271    
    0.500000         1.00000    
    0.504000         1.24839    
    0.508000         1.50250    
    0.512000         1.76149    
    0.516000         2.02444    
    0.520000         2.29037    
    0.524000         2.55824    
    0.528000         2.82695    
    0.532000         3.09531    
    0.536000         3.36210    
    0.540000         3.62601    
    0.544000         3.88569    
    0.548000         4.13973    
    0.552000         4.38664    
    0.556000         4.62490    
    0.560000         4.85292    
    0.564000         5.06907    
    0.568000         5.27168    
    0.572000         5.45901    
    0.576000         5.62932    
    0.580000         5.78081    
    0.584000         5.91166    
    0.588000         6.02003    
    0.592000         6.10404    
    0.596000         6.16184    
    0.600000         6.19155    
    0.604000         6.19130    
    0.608000         6.15924    
    0.612000         6.09353    
    0.616000         5.99237    
    0.620000         5.85400    
    0.624000         5.67672    
    0.628000         5.45890    
    0.632000         5.19896    
    0.636000         4.89545    
    0.640000         4.54700    
    0.644000         4.15237    
    0.648000         3.71046    
    0.652000         3.22031    
    0.656000         2.68115    
    0.660000         2.09239    
    0.664000         1.45366    
    0.668000         1.26450    
    0.672000         2.09183    
    0.676000         2.96940    
    0.680000         3.89630    
    0.684000         4.87122    
    0.688000         5.89251    
    0.692000         6.95809    
    0.696000         8.06546    
    0.700000         9.21163    
    0.704000         10.3931    
    0.708000         11.6059    
    0.712000         12.8454    
    0.716000         14.1063    
    0.720000         15.3828    
    0.724000         16.6684    
    0.728000         17.9557    
    0.732000         19.2366    
    0.736000         20.5022    
    0.740000         21.7427    
    0.744000         22.9473    
    0.748000         24.1043    
    0.752000         25.2009    
    0.756000         26.2233    
    0.760000         27.1564    
    0.764000         27.9840    
    0.768000         28.6886    
    0.772000         29.2512    
    0.776000         29.6515    
    0.780000         29.8678    
    0.784000         29.8767    
    0.788000         29.6533    
    0.792000         29.1706    
    0.796000         28.4004    
    0.800000         27.3121    
    0.804000         25.8734    
    0.808000         24.0498    
    0.812000         21.8047    
    0.816000         19.0993    
    0.820000         15.8924    
    0.824000         12.1402    
    0.828000         7.79654    
    0.832000         2.81250    
    0.836000         4.95915    
    0.840000         11.5323    
    0.844000         18.9185    
    0.848000         27.1790    
    0.852000         36.3782    
    0.856000         46.5842    
    0.860000         57.8684    
    0.864000         70.3059    
    0.868000         83.9759    
    0.872000         98.9614    
    0.876000         115.349    
    0.880000         133.232    
    0.884000         152.704    
    0.888000         173.868    
    0.892000         196.827    
    0.896000         221.693    
    0.900000         248.582    
    0.904000         277.614    
    0.908000         308.915    
    0.912000         342.619    
    0.916000         378.863    
    0.920000         417.791    
    0.924000         459.555    
    0.928000         504.312    
    0.932000         552.225    
    0.936000         603.467    
    0.940000         658.216    
    0.944000         716.658    
    0.948000         778.986    
    0.952000         845.403    
    0.956000         916.118    
    0.960000         991.352    
    0.964000         1071.33    
    0.968000         1156.29    
    0.972000         1246.48    
    0.976000         1342.15    
    0.980000         1443.58    
    0.984000         1551.03    
    0.988000         1664.79    
    0.992000         1785.17    
    0.996000         1912.46    
     1.00000         2047.00    
