    -1.00000         385.160    
   -0.996000         351.436    
   -0.992000         319.876    
   -0.988000         290.373    
   -0.984000         262.822    
   -0.980000         237.125    
   -0.976000         213.186    
   -0.972000         190.913    
   -0.968000         170.219    
   -0.964000         151.018    
   -0.960000         133.232    
   -0.956000         116.781    
   -0.952000         101.593    
   -0.948000         87.5956    
   -0.944000         74.7216    
   -0.940000         62.9061    
   -0.936000         52.0869    
   -0.932000         42.2049    
   -0.928000         33.2034    
   -0.924000         25.0284    
   -0.920000         17.6284    
   -0.916000         10.9543    
   -0.912000         4.95915    
   -0.908000         2.36666    
   -0.904000         7.01170    
   -0.900000         11.1116    
   -0.896000         14.7045    
   -0.892000         17.8265    
   -0.888000         20.5121    
   -0.884000         22.7938    
   -0.880000         24.7027    
   -0.876000         26.2678    
   -0.872000         27.5169    
   -0.868000         28.4763    
   -0.864000         29.1706    
   -0.860000         29.6233    
   -0.856000         29.8563    
   -0.852000         29.8904    
   -0.848000         29.7452    
   -0.844000         29.4389    
   -0.840000         28.9888    
   -0.836000         28.4111    
   -0.832000         27.7209    
   -0.828000         26.9324    
   -0.824000         26.0587    
   -0.820000         25.1122    
   -0.816000         24.1043    
   -0.812000         23.0457    
   -0.808000         21.9462    
   -0.804000         20.8151    
   -0.800000         19.6606    
   -0.796000         18.4907    
   -0.792000         17.3123    
   -0.788000         16.1321    
   -0.784000         14.9560    
   -0.780000         13.7894    
   -0.776000         12.6371    
   -0.772000         11.5037    
   -0.768000         10.3931    
   -0.764000         9.30879    
   -0.760000         8.25388    
   -0.756000         7.23112    
   -0.752000         6.24289    
   -0.748000         5.29123    
   -0.744000         4.37785    
   -0.740000         3.50417    
   -0.736000         2.67135    
   -0.732000         1.88025    
   -0.728000         1.13154    
   -0.724000         1.50880    
   -0.720000         2.09239    
   -0.716000         2.63399    
   -0.712000         3.13387    
   -0.708000         3.59248    
   -0.704000         4.01037    
   -0.700000         4.38825    
   -0.696000         4.72693    
   -0.692000         5.02730    
   -0.688000         5.29038    
   -0.684000         5.51724    
   -0.680000         5.70904    
   -0.676000         5.86699    
   -0.672000         5.99237    
   -0.668000         6.08647    
   -0.664000         6.15067    
   -0.660000         6.18634    
   -0.656000         6.19489    
   -0.652000         6.17774    
   -0.648000         6.13634    
   -0.644000         6.07211    
   -0.640000         5.98652    
   -0.636000         5.88099    
   -0.632000         5.75695    
   -0.628000         5.61582    
   -0.624000         5.45901    
   -0.620000         5.28789    
   -0.616000         5.10383    
   -0.612000         4.90813    
   -0.608000         4.70212    
   -0.604000         4.48706    
   -0.600000         4.26417    
   -0.596000         4.03466    
   -0.592000         3.79969    
   -0.588000         3.56037    
   -0.584000         3.31780    
   -0.580000         3.07299    
   -0.576000         2.82695    
   -0.572000         2.58062    
   -0.568000         2.33491    
   -0.564000         2.09068    
   -0.560000         1.84874    
   -0.556000         1.60987    
   -0.552000         1.37478    
   -0.548000         1.14415    
   -0.544000         1.06182    
   -0.540000         1.22708    
   -0.536000         1.38510    
   -0.532000         1.53554    
   -0.528000         1.67811    
   -0.524000         1.81256    
   -0.520000         1.93866    
   -0.516000         2.05622    
   -0.512000         2.16509    
   -0.508000         2.26516    
   -0.504000         2.35633    
   -0.500000         2.43856    
   -0.496000         2.51183    
   -0.492000         2.57613    
   -0.488000         2.63149    
   -0.484000         2.67799    
   -0.480000         2.71571    
   -0.476000         2.74475    
   -0.472000         2.76526    
   -0.468000         2.77738    
   -0.464000         2.78129    
   -0.460000         2.77720    
   -0.456000         2.76531    
   -0.452000         2.74585    
   -0.448000         2.71908    
   -0.444000         2.68525    
   -0.440000         2.64464    
   -0.436000         2.59754    
   -0.432000         2.54424    
   -0.428000         2.48505    
   -0.424000         2.42030    
   -0.420000         2.35030    
   -0.416000         2.27539    
   -0.412000         2.19589    
   -0.408000         2.11216    
   -0.404000         2.02453    
   -0.400000         1.93335    
   -0.396000         1.83896    
   -0.392000         1.74172    
   -0.388000         1.64197    
   -0.384000         1.54005    
   -0.380000         1.43631    
   -0.376000         1.33108    
   -0.372000         1.22470    
   -0.368000         1.11750    
   -0.364000         1.00980    
   -0.360000         1.06679    
   -0.356000         1.13811    
   -0.352000         1.20702    
   -0.348000         1.27336    
   -0.344000         1.33697    
   -0.340000         1.39769    
   -0.336000         1.45540    
   -0.332000         1.50996    
   -0.328000         1.56127    
   -0.324000         1.60920    
   -0.320000         1.65366    
   -0.316000         1.69456    
   -0.312000         1.73183    
   -0.308000         1.76540    
   -0.304000         1.79520    
   -0.300000         1.82119    
   -0.296000         1.84333    
   -0.292000         1.86160    
   -0.288000         1.87598    
   -0.284000         1.88645    
   -0.280000         1.89302    
   -0.276000         1.89570    
   -0.272000         1.89452    
   -0.268000         1.88949    
   -0.264000         1.88067    
   -0.260000         1.86809    
   -0.256000         1.85182    
   -0.252000         1.83192    
   -0.248000         1.80846    
   -0.244000         1.78152    
   -0.240000         1.75120    
   -0.236000         1.71758    
   -0.232000         1.68078    
   -0.228000         1.64089    
   -0.224000         1.59805    
   -0.220000         1.55236    
   -0.216000         1.50395    
   -0.212000         1.45297    
   -0.208000         1.39955    
   -0.204000         1.34382    
   -0.200000         1.28595    
   -0.196000         1.22607    
   -0.192000         1.16435    
   -0.188000         1.10094    
   -0.184000         1.03601    
   -0.180000         1.02269    
   -0.176000         1.07152    
   -0.172000         1.11879    
   -0.168000         1.16442    
   -0.164000         1.20831    
   -0.160000         1.25038    
   -0.156000         1.29054    
   -0.152000         1.32872    
   -0.148000         1.36484    
   -0.144000         1.39883    
   -0.140000         1.43064    
   -0.136000         1.46019    
   -0.132000         1.48742    
   -0.128000         1.51230    
   -0.124000         1.53476    
   -0.120000         1.55477    
   -0.116000         1.57229    
   -0.112000         1.58728    
   -0.108000         1.59972    
   -0.104000         1.60958    
   -0.100000         1.61684    
   -0.960000E-01     1.62149    
   -0.920000E-01     1.62351    
   -0.880000E-01     1.62292    
   -0.840000E-01     1.61970    
   -0.800000E-01     1.61386    
   -0.760000E-01     1.60542    
   -0.720000E-01     1.59439    
   -0.680000E-01     1.58078    
   -0.640000E-01     1.56464    
   -0.600000E-01     1.54598    
   -0.560000E-01     1.52485    
   -0.520000E-01     1.50129    
   -0.480000E-01     1.47533    
   -0.440000E-01     1.44704    
   -0.400000E-01     1.41646    
   -0.360000E-01     1.38365    
   -0.320000E-01     1.34868    
   -0.280000E-01     1.31161    
   -0.240000E-01     1.27252    
   -0.200000E-01     1.23149    
   -0.160000E-01     1.18858    
   -0.120000E-01     1.14389    
   -0.800000E-02     1.09750    
   -0.400000E-02     1.04951    
     0.00000         1.00000    
    0.400000E-02     1.04951    
    0.800000E-02     1.09750    
    0.120000E-01     1.14389    
    0.160000E-01     1.18858    
    0.200000E-01     1.23149    
    0.240000E-01     1.27252    
    0.280000E-01     1.31161    
    0.320000E-01     1.34868    
    0.360000E-01     1.38365    
    0.400000E-01     1.41646    
    0.440000E-01     1.44704    
    0.480000E-01     1.47533    
    0.520000E-01     1.50129    
    0.560000E-01     1.52485    
    0.600000E-01     1.54598    
    0.640000E-01     1.56464    
    0.680000E-01     1.58078    
    0.720000E-01     1.59439    
    0.760000E-01     1.60542    
    0.800000E-01     1.61386    
    0.840000E-01     1.61970    
    0.880000E-01     1.62292    
    0.920000E-01     1.62351    
    0.960000E-01     1.62149    
    0.100000         1.61684    
    0.104000         1.60958    
    0.108000         1.59972    
    0.112000         1.58728    
    0.116000         1.57229    
    0.120000         1.55477    
    0.124000         1.53476    
    0.128000         1.51230    
    0.132000         1.48742    
    0.136000         1.46019    
    0.140000         1.43064    
    0.144000         1.39883    
    0.148000         1.36484    
    0.152000         1.32872    
    0.156000         1.29054    
    0.160000         1.25038    
    0.164000         1.20831    
    0.168000         1.16442    
    0.172000         1.11879    
    0.176000         1.07152    
    0.180000         1.02269    
    0.184000         1.03601    
    0.188000         1.10094    
    0.192000         1.16435    
    0.196000         1.22607    
    0.200000         1.28595    
    0.204000         1.34382    
    0.208000         1.39955    
    0.212000         1.45297    
    0.216000         1.50395    
    0.220000         1.55236    
    0.224000         1.59805    
    0.228000         1.64089    
    0.232000         1.68078    
    0.236000         1.71758    
    0.240000         1.75120    
    0.244000         1.78152    
    0.248000         1.80846    
    0.252000         1.83192    
    0.256000         1.85182    
    0.260000         1.86809    
    0.264000         1.88067    
    0.268000         1.88949    
    0.272000         1.89452    
    0.276000         1.89570    
    0.280000         1.89302    
    0.284000         1.88645    
    0.288000         1.87598    
    0.292000         1.86160    
    0.296000         1.84333    
    0.300000         1.82119    
    0.304000         1.79520    
    0.308000         1.76540    
    0.312000         1.73183    
    0.316000         1.69456    
    0.320000         1.65366    
    0.324000         1.60920    
    0.328000         1.56127    
    0.332000         1.50996    
    0.336000         1.45540    
    0.340000         1.39769    
    0.344000         1.33697    
    0.348000         1.27336    
    0.352000         1.20702    
    0.356000         1.13811    
    0.360000         1.06679    
    0.364000         1.00980    
    0.368000         1.11750    
    0.372000         1.22470    
    0.376000         1.33108    
    0.380000         1.43631    
    0.384000         1.54005    
    0.388000         1.64197    
    0.392000         1.74172    
    0.396000         1.83896    
    0.400000         1.93335    
    0.404000         2.02453    
    0.408000         2.11216    
    0.412000         2.19589    
    0.416000         2.27539    
    0.420000         2.35030    
    0.424000         2.42030    
    0.428000         2.48505    
    0.432000         2.54424    
    0.436000         2.59754    
    0.440000         2.64464    
    0.444000         2.68525    
    0.448000         2.71908    
    0.452000         2.74585    
    0.456000         2.76531    
    0.460000         2.77720    
    0.464000         2.78129    
    0.468000         2.77738    
    0.472000         2.76526    
    0.476000         2.74475    
    0.480000         2.71571    
    0.484000         2.67799    
    0.488000         2.63149    
    0.492000         2.57613    
    0.496000         2.51183    
    0.500000         2.43856    
    0.504000         2.35633    
    0.508000         2.26516    
    0.512000         2.16509    
    0.516000         2.05622    
    0.520000         1.93866    
    0.524000         1.81256    
    0.528000         1.67811    
    0.532000         1.53554    
    0.536000         1.38510    
    0.540000         1.22708    
    0.544000         1.06182    
    0.548000         1.14415    
    0.552000         1.37478    
    0.556000         1.60987    
    0.560000         1.84874    
    0.564000         2.09068    
    0.568000         2.33491    
    0.572000         2.58062    
    0.576000         2.82695    
    0.580000         3.07299    
    0.584000         3.31780    
    0.588000         3.56037    
    0.592000         3.79969    
    0.596000         4.03466    
    0.600000         4.26417    
    0.604000         4.48706    
    0.608000         4.70212    
    0.612000         4.90813    
    0.616000         5.10383    
    0.620000         5.28789    
    0.624000         5.45901    
    0.628000         5.61582    
    0.632000         5.75695    
    0.636000         5.88099    
    0.640000         5.98652    
    0.644000         6.07211    
    0.648000         6.13634    
    0.652000         6.17774    
    0.656000         6.19489    
    0.660000         6.18634    
    0.664000         6.15067    
    0.668000         6.08647    
    0.672000         5.99237    
    0.676000         5.86699    
    0.680000         5.70904    
    0.684000         5.51724    
    0.688000         5.29038    
    0.692000         5.02730    
    0.696000         4.72693    
    0.700000         4.38825    
    0.704000         4.01037    
    0.708000         3.59248    
    0.712000         3.13387    
    0.716000         2.63399    
    0.720000         2.09239    
    0.724000         1.50880    
    0.728000         1.13154    
    0.732000         1.88025    
    0.736000         2.67135    
    0.740000         3.50417    
    0.744000         4.37785    
    0.748000         5.29123    
    0.752000         6.24289    
    0.756000         7.23112    
    0.760000         8.25388    
    0.764000         9.30879    
    0.768000         10.3931    
    0.772000         11.5037    
    0.776000         12.6371    
    0.780000         13.7894    
    0.784000         14.9560    
    0.788000         16.1321    
    0.792000         17.3123    
    0.796000         18.4907    
    0.800000         19.6606    
    0.804000         20.8151    
    0.808000         21.9462    
    0.812000         23.0457    
    0.816000         24.1043    
    0.820000         25.1122    
    0.824000         26.0587    
    0.828000         26.9324    
    0.832000         27.7209    
    0.836000         28.4111    
    0.840000         28.9888    
    0.844000         29.4389    
    0.848000         29.7452    
    0.852000         29.8904    
    0.856000         29.8563    
    0.860000         29.6233    
    0.864000         29.1706    
    0.868000         28.4763    
    0.872000         27.5169    
    0.876000         26.2678    
    0.880000         24.7027    
    0.884000         22.7938    
    0.888000         20.5121    
    0.892000         17.8265    
    0.896000         14.7045    
    0.900000         11.1116    
    0.904000         7.01170    
    0.908000         2.36666    
    0.912000         4.95915    
    0.916000         10.9543    
    0.920000         17.6284    
    0.924000         25.0284    
    0.928000         33.2034    
    0.932000         42.2049    
    0.936000         52.0869    
    0.940000         62.9061    
    0.944000         74.7216    
    0.948000         87.5956    
    0.952000         101.593    
    0.956000         116.781    
    0.960000         133.232    
    0.964000         151.018    
    0.968000         170.219    
    0.972000         190.913    
    0.976000         213.186    
    0.980000         237.125    
    0.984000         262.822    
    0.988000         290.373    
    0.992000         319.876    
    0.996000         351.436    
     1.00000         385.160    
