    -1.00000         2.48943    
   -0.996000         1.84808    
   -0.992000         1.28024    
   -0.988000         1.13171    
   -0.984000         1.38492    
   -0.980000         1.59194    
   -0.976000         1.75666    
   -0.972000         1.88276    
   -0.968000         1.97371    
   -0.964000         2.03279    
   -0.960000         2.06309    
   -0.956000         2.06751    
   -0.952000         2.04880    
   -0.948000         2.00950    
   -0.944000         1.95205    
   -0.940000         1.87869    
   -0.936000         1.79152    
   -0.932000         1.69254    
   -0.928000         1.58356    
   -0.924000         1.46629    
   -0.920000         1.34233    
   -0.916000         1.21314    
   -0.912000         1.08008    
   -0.908000         1.04646    
   -0.904000         1.15687    
   -0.900000         1.26202    
   -0.896000         1.36151    
   -0.892000         1.45501    
   -0.888000         1.54222    
   -0.884000         1.62291    
   -0.880000         1.69689    
   -0.876000         1.76401    
   -0.872000         1.82417    
   -0.868000         1.87731    
   -0.864000         1.92338    
   -0.860000         1.96240    
   -0.856000         1.99439    
   -0.852000         2.01942    
   -0.848000         2.03757    
   -0.844000         2.04896    
   -0.840000         2.05371    
   -0.836000         2.05199    
   -0.832000         2.04396    
   -0.828000         2.02982    
   -0.824000         2.00977    
   -0.820000         1.98401    
   -0.816000         1.95280    
   -0.812000         1.91635    
   -0.808000         1.87493    
   -0.804000         1.82878    
   -0.800000         1.77818    
   -0.796000         1.72338    
   -0.792000         1.66465    
   -0.788000         1.60228    
   -0.784000         1.53654    
   -0.780000         1.46771    
   -0.776000         1.39605    
   -0.772000         1.32186    
   -0.768000         1.24540    
   -0.764000         1.16695    
   -0.760000         1.08678    
   -0.756000         1.00515    
   -0.752000         1.06981    
   -0.748000         1.14247    
   -0.744000         1.21311    
   -0.740000         1.28160    
   -0.736000         1.34777    
   -0.732000         1.41152    
   -0.728000         1.47271    
   -0.724000         1.53124    
   -0.720000         1.58700    
   -0.716000         1.63989    
   -0.712000         1.68983    
   -0.708000         1.73674    
   -0.704000         1.78055    
   -0.700000         1.82119    
   -0.696000         1.85862    
   -0.692000         1.89279    
   -0.688000         1.92366    
   -0.684000         1.95120    
   -0.680000         1.97540    
   -0.676000         1.99622    
   -0.672000         2.01368    
   -0.668000         2.02776    
   -0.664000         2.03847    
   -0.660000         2.04584    
   -0.656000         2.04987    
   -0.652000         2.05059    
   -0.648000         2.04804    
   -0.644000         2.04225    
   -0.640000         2.03327    
   -0.636000         2.02115    
   -0.632000         2.00594    
   -0.628000         1.98770    
   -0.624000         1.96650    
   -0.620000         1.94241    
   -0.616000         1.91549    
   -0.612000         1.88583    
   -0.608000         1.85351    
   -0.604000         1.81862    
   -0.600000         1.78123    
   -0.596000         1.74145    
   -0.592000         1.69937    
   -0.588000         1.65508    
   -0.584000         1.60869    
   -0.580000         1.56030    
   -0.576000         1.51001    
   -0.572000         1.45792    
   -0.568000         1.40416    
   -0.564000         1.34882    
   -0.560000         1.29201    
   -0.556000         1.23386    
   -0.552000         1.17446    
   -0.548000         1.11393    
   -0.544000         1.05239    
   -0.540000         1.00955    
   -0.536000         1.06855    
   -0.532000         1.12647    
   -0.528000         1.18322    
   -0.524000         1.23873    
   -0.520000         1.29290    
   -0.516000         1.34567    
   -0.512000         1.39697    
   -0.508000         1.44671    
   -0.504000         1.49484    
   -0.500000         1.54129    
   -0.496000         1.58600    
   -0.492000         1.62891    
   -0.488000         1.66997    
   -0.484000         1.70913    
   -0.480000         1.74633    
   -0.476000         1.78153    
   -0.472000         1.81470    
   -0.468000         1.84578    
   -0.464000         1.87476    
   -0.460000         1.90159    
   -0.456000         1.92624    
   -0.452000         1.94870    
   -0.448000         1.96894    
   -0.444000         1.98695    
   -0.440000         2.00269    
   -0.436000         2.01618    
   -0.432000         2.02739    
   -0.428000         2.03632    
   -0.424000         2.04298    
   -0.420000         2.04735    
   -0.416000         2.04945    
   -0.412000         2.04927    
   -0.408000         2.04685    
   -0.404000         2.04217    
   -0.400000         2.03527    
   -0.396000         2.02616    
   -0.392000         2.01487    
   -0.388000         2.00141    
   -0.384000         1.98582    
   -0.380000         1.96812    
   -0.376000         1.94836    
   -0.372000         1.92656    
   -0.368000         1.90276    
   -0.364000         1.87700    
   -0.360000         1.84933    
   -0.356000         1.81979    
   -0.352000         1.78842    
   -0.348000         1.75528    
   -0.344000         1.72042    
   -0.340000         1.68389    
   -0.336000         1.64574    
   -0.332000         1.60604    
   -0.328000         1.56483    
   -0.324000         1.52219    
   -0.320000         1.47816    
   -0.316000         1.43282    
   -0.312000         1.38623    
   -0.308000         1.33845    
   -0.304000         1.28955    
   -0.300000         1.23959    
   -0.296000         1.18866    
   -0.292000         1.13680    
   -0.288000         1.08410    
   -0.284000         1.03063    
   -0.280000         1.02289    
   -0.276000         1.07518    
   -0.272000         1.12666    
   -0.268000         1.17727    
   -0.264000         1.22693    
   -0.260000         1.27560    
   -0.256000         1.32322    
   -0.252000         1.36973    
   -0.248000         1.41507    
   -0.244000         1.45919    
   -0.240000         1.50205    
   -0.236000         1.54358    
   -0.232000         1.58375    
   -0.228000         1.62250    
   -0.224000         1.65980    
   -0.220000         1.69560    
   -0.216000         1.72985    
   -0.212000         1.76253    
   -0.208000         1.79359    
   -0.204000         1.82300    
   -0.200000         1.85073    
   -0.196000         1.87674    
   -0.192000         1.90101    
   -0.188000         1.92352    
   -0.184000         1.94423    
   -0.180000         1.96312    
   -0.176000         1.98018    
   -0.172000         1.99540    
   -0.168000         2.00874    
   -0.164000         2.02020    
   -0.160000         2.02978    
   -0.156000         2.03745    
   -0.152000         2.04322    
   -0.148000         2.04707    
   -0.144000         2.04902    
   -0.140000         2.04905    
   -0.136000         2.04717    
   -0.132000         2.04339    
   -0.128000         2.03771    
   -0.124000         2.03014    
   -0.120000         2.02069    
   -0.116000         2.00938    
   -0.112000         1.99622    
   -0.108000         1.98123    
   -0.104000         1.96442    
   -0.100000         1.94582    
   -0.960000E-01     1.92546    
   -0.920000E-01     1.90336    
   -0.880000E-01     1.87954    
   -0.840000E-01     1.85404    
   -0.800000E-01     1.82688    
   -0.760000E-01     1.79811    
   -0.720000E-01     1.76775    
   -0.680000E-01     1.73585    
   -0.640000E-01     1.70244    
   -0.600000E-01     1.66755    
   -0.560000E-01     1.63125    
   -0.520000E-01     1.59355    
   -0.480000E-01     1.55452    
   -0.440000E-01     1.51420    
   -0.400000E-01     1.47264    
   -0.360000E-01     1.42988    
   -0.320000E-01     1.38597    
   -0.280000E-01     1.34097    
   -0.240000E-01     1.29494    
   -0.200000E-01     1.24792    
   -0.160000E-01     1.19997    
   -0.120000E-01     1.15114    
   -0.800000E-02     1.10150    
   -0.400000E-02     1.05110    
     0.00000         1.00000    
    0.400000E-02     1.05110    
    0.800000E-02     1.10150    
    0.120000E-01     1.15114    
    0.160000E-01     1.19997    
    0.200000E-01     1.24792    
    0.240000E-01     1.29494    
    0.280000E-01     1.34097    
    0.320000E-01     1.38597    
    0.360000E-01     1.42988    
    0.400000E-01     1.47264    
    0.440000E-01     1.51420    
    0.480000E-01     1.55452    
    0.520000E-01     1.59355    
    0.560000E-01     1.63125    
    0.600000E-01     1.66755    
    0.640000E-01     1.70244    
    0.680000E-01     1.73585    
    0.720000E-01     1.76775    
    0.760000E-01     1.79811    
    0.800000E-01     1.82688    
    0.840000E-01     1.85404    
    0.880000E-01     1.87954    
    0.920000E-01     1.90336    
    0.960000E-01     1.92546    
    0.100000         1.94582    
    0.104000         1.96442    
    0.108000         1.98123    
    0.112000         1.99622    
    0.116000         2.00938    
    0.120000         2.02069    
    0.124000         2.03014    
    0.128000         2.03771    
    0.132000         2.04339    
    0.136000         2.04717    
    0.140000         2.04905    
    0.144000         2.04902    
    0.148000         2.04707    
    0.152000         2.04322    
    0.156000         2.03745    
    0.160000         2.02978    
    0.164000         2.02020    
    0.168000         2.00874    
    0.172000         1.99540    
    0.176000         1.98018    
    0.180000         1.96312    
    0.184000         1.94423    
    0.188000         1.92352    
    0.192000         1.90101    
    0.196000         1.87674    
    0.200000         1.85073    
    0.204000         1.82300    
    0.208000         1.79359    
    0.212000         1.76253    
    0.216000         1.72985    
    0.220000         1.69560    
    0.224000         1.65980    
    0.228000         1.62250    
    0.232000         1.58375    
    0.236000         1.54358    
    0.240000         1.50205    
    0.244000         1.45919    
    0.248000         1.41507    
    0.252000         1.36973    
    0.256000         1.32322    
    0.260000         1.27560    
    0.264000         1.22693    
    0.268000         1.17727    
    0.272000         1.12666    
    0.276000         1.07518    
    0.280000         1.02289    
    0.284000         1.03063    
    0.288000         1.08410    
    0.292000         1.13680    
    0.296000         1.18866    
    0.300000         1.23959    
    0.304000         1.28955    
    0.308000         1.33845    
    0.312000         1.38623    
    0.316000         1.43282    
    0.320000         1.47816    
    0.324000         1.52219    
    0.328000         1.56483    
    0.332000         1.60604    
    0.336000         1.64574    
    0.340000         1.68389    
    0.344000         1.72042    
    0.348000         1.75528    
    0.352000         1.78842    
    0.356000         1.81979    
    0.360000         1.84933    
    0.364000         1.87700    
    0.368000         1.90276    
    0.372000         1.92656    
    0.376000         1.94836    
    0.380000         1.96812    
    0.384000         1.98582    
    0.388000         2.00141    
    0.392000         2.01487    
    0.396000         2.02616    
    0.400000         2.03527    
    0.404000         2.04217    
    0.408000         2.04685    
    0.412000         2.04927    
    0.416000         2.04945    
    0.420000         2.04735    
    0.424000         2.04298    
    0.428000         2.03632    
    0.432000         2.02739    
    0.436000         2.01618    
    0.440000         2.00269    
    0.444000         1.98695    
    0.448000         1.96894    
    0.452000         1.94870    
    0.456000         1.92624    
    0.460000         1.90159    
    0.464000         1.87476    
    0.468000         1.84578    
    0.472000         1.81470    
    0.476000         1.78153    
    0.480000         1.74633    
    0.484000         1.70913    
    0.488000         1.66997    
    0.492000         1.62891    
    0.496000         1.58600    
    0.500000         1.54129    
    0.504000         1.49484    
    0.508000         1.44671    
    0.512000         1.39697    
    0.516000         1.34567    
    0.520000         1.29290    
    0.524000         1.23873    
    0.528000         1.18322    
    0.532000         1.12647    
    0.536000         1.06855    
    0.540000         1.00955    
    0.544000         1.05239    
    0.548000         1.11393    
    0.552000         1.17446    
    0.556000         1.23386    
    0.560000         1.29201    
    0.564000         1.34882    
    0.568000         1.40416    
    0.572000         1.45792    
    0.576000         1.51001    
    0.580000         1.56030    
    0.584000         1.60869    
    0.588000         1.65508    
    0.592000         1.69937    
    0.596000         1.74145    
    0.600000         1.78123    
    0.604000         1.81862    
    0.608000         1.85351    
    0.612000         1.88583    
    0.616000         1.91549    
    0.620000         1.94241    
    0.624000         1.96650    
    0.628000         1.98770    
    0.632000         2.00594    
    0.636000         2.02115    
    0.640000         2.03327    
    0.644000         2.04225    
    0.648000         2.04804    
    0.652000         2.05059    
    0.656000         2.04987    
    0.660000         2.04584    
    0.664000         2.03847    
    0.668000         2.02776    
    0.672000         2.01368    
    0.676000         1.99622    
    0.680000         1.97540    
    0.684000         1.95120    
    0.688000         1.92366    
    0.692000         1.89279    
    0.696000         1.85862    
    0.700000         1.82119    
    0.704000         1.78055    
    0.708000         1.73674    
    0.712000         1.68983    
    0.716000         1.63989    
    0.720000         1.58700    
    0.724000         1.53124    
    0.728000         1.47271    
    0.732000         1.41152    
    0.736000         1.34777    
    0.740000         1.28160    
    0.744000         1.21311    
    0.748000         1.14247    
    0.752000         1.06981    
    0.756000         1.00515    
    0.760000         1.08678    
    0.764000         1.16695    
    0.768000         1.24540    
    0.772000         1.32186    
    0.776000         1.39605    
    0.780000         1.46771    
    0.784000         1.53654    
    0.788000         1.60228    
    0.792000         1.66465    
    0.796000         1.72338    
    0.800000         1.77818    
    0.804000         1.82878    
    0.808000         1.87493    
    0.812000         1.91635    
    0.816000         1.95280    
    0.820000         1.98401    
    0.824000         2.00977    
    0.828000         2.02982    
    0.832000         2.04396    
    0.836000         2.05199    
    0.840000         2.05371    
    0.844000         2.04896    
    0.848000         2.03757    
    0.852000         2.01942    
    0.856000         1.99439    
    0.860000         1.96240    
    0.864000         1.92338    
    0.868000         1.87731    
    0.872000         1.82417    
    0.876000         1.76401    
    0.880000         1.69689    
    0.884000         1.62291    
    0.888000         1.54222    
    0.892000         1.45501    
    0.896000         1.36151    
    0.900000         1.26202    
    0.904000         1.15687    
    0.908000         1.04646    
    0.912000         1.08008    
    0.916000         1.21314    
    0.920000         1.34233    
    0.924000         1.46629    
    0.928000         1.58356    
    0.932000         1.69254    
    0.936000         1.79152    
    0.940000         1.87869    
    0.944000         1.95205    
    0.948000         2.00950    
    0.952000         2.04880    
    0.956000         2.06751    
    0.960000         2.06309    
    0.964000         2.03279    
    0.968000         1.97371    
    0.972000         1.88276    
    0.976000         1.75666    
    0.980000         1.59194    
    0.984000         1.38492    
    0.988000         1.13171    
    0.992000         1.28024    
    0.996000         1.84808    
     1.00000         2.48943    
