    -1.00000         11.0000    
   -0.996000         9.32063    
   -0.992000         7.79574    
   -0.988000         6.41549    
   -0.984000         5.17053    
   -0.980000         4.05193    
   -0.976000         3.05118    
   -0.972000         2.16021    
   -0.968000         1.37131    
   -0.964000         1.24076    
   -0.960000         1.68450    
   -0.956000         2.05720    
   -0.952000         2.36460    
   -0.948000         2.61215    
   -0.944000         2.80498    
   -0.940000         2.94796    
   -0.936000         3.04565    
   -0.932000         3.10238    
   -0.928000         3.12220    
   -0.924000         3.10895    
   -0.920000         3.06621    
   -0.916000         2.99734    
   -0.912000         2.90549    
   -0.908000         2.79362    
   -0.904000         2.66448    
   -0.900000         2.52063    
   -0.896000         2.36445    
   -0.892000         2.19817    
   -0.888000         2.02384    
   -0.884000         1.84336    
   -0.880000         1.65848    
   -0.876000         1.47080    
   -0.872000         1.28182    
   -0.868000         1.09288    
   -0.864000         1.07324    
   -0.860000         1.21314    
   -0.856000         1.34628    
   -0.852000         1.47217    
   -0.848000         1.59041    
   -0.844000         1.70065    
   -0.840000         1.80262    
   -0.836000         1.89609    
   -0.832000         1.98091    
   -0.828000         2.05697    
   -0.824000         2.12419    
   -0.820000         2.18257    
   -0.816000         2.23214    
   -0.812000         2.27294    
   -0.808000         2.30509    
   -0.804000         2.32871    
   -0.800000         2.34396    
   -0.796000         2.35104    
   -0.792000         2.35016    
   -0.788000         2.34154    
   -0.784000         2.32546    
   -0.780000         2.30218    
   -0.776000         2.27198    
   -0.772000         2.23518    
   -0.768000         2.19209    
   -0.764000         2.14302    
   -0.760000         2.08832    
   -0.756000         2.02832    
   -0.752000         1.96337    
   -0.748000         1.89381    
   -0.744000         1.82000    
   -0.740000         1.74228    
   -0.736000         1.66102    
   -0.732000         1.57655    
   -0.728000         1.48922    
   -0.724000         1.39939    
   -0.720000         1.30739    
   -0.716000         1.21355    
   -0.712000         1.11821    
   -0.708000         1.02168    
   -0.704000         1.06173    
   -0.700000         1.13940    
   -0.696000         1.21487    
   -0.692000         1.28797    
   -0.688000         1.35854    
   -0.684000         1.42642    
   -0.680000         1.49147    
   -0.676000         1.55357    
   -0.672000         1.61259    
   -0.668000         1.66842    
   -0.664000         1.72097    
   -0.660000         1.77014    
   -0.656000         1.81585    
   -0.652000         1.85804    
   -0.648000         1.89663    
   -0.644000         1.93160    
   -0.640000         1.96288    
   -0.636000         1.99046    
   -0.632000         2.01431    
   -0.628000         2.03441    
   -0.624000         2.05077    
   -0.620000         2.06339    
   -0.616000         2.07227    
   -0.612000         2.07745    
   -0.608000         2.07894    
   -0.604000         2.07679    
   -0.600000         2.07104    
   -0.596000         2.06174    
   -0.592000         2.04895    
   -0.588000         2.03273    
   -0.584000         2.01315    
   -0.580000         1.99028    
   -0.576000         1.96421    
   -0.572000         1.93503    
   -0.568000         1.90282    
   -0.564000         1.86769    
   -0.560000         1.82973    
   -0.556000         1.78905    
   -0.552000         1.74576    
   -0.548000         1.69997    
   -0.544000         1.65180    
   -0.540000         1.60136    
   -0.536000         1.54877    
   -0.532000         1.49417    
   -0.528000         1.43767    
   -0.524000         1.37941    
   -0.520000         1.31950    
   -0.516000         1.25809    
   -0.512000         1.19530    
   -0.508000         1.13127    
   -0.504000         1.06612    
   -0.500000         1.00000    
   -0.496000         1.05802    
   -0.492000         1.11487    
   -0.488000         1.17047    
   -0.484000         1.22473    
   -0.480000         1.27756    
   -0.476000         1.32888    
   -0.472000         1.37862    
   -0.468000         1.42670    
   -0.464000         1.47305    
   -0.460000         1.51760    
   -0.456000         1.56029    
   -0.452000         1.60106    
   -0.448000         1.63985    
   -0.444000         1.67661    
   -0.440000         1.71129    
   -0.436000         1.74383    
   -0.432000         1.77421    
   -0.428000         1.80238    
   -0.424000         1.82831    
   -0.420000         1.85196    
   -0.416000         1.87331    
   -0.412000         1.89234    
   -0.408000         1.90902    
   -0.404000         1.92335    
   -0.400000         1.93530    
   -0.396000         1.94487    
   -0.392000         1.95206    
   -0.388000         1.95686    
   -0.384000         1.95928    
   -0.380000         1.95932    
   -0.376000         1.95699    
   -0.372000         1.95231    
   -0.368000         1.94530    
   -0.364000         1.93597    
   -0.360000         1.92434    
   -0.356000         1.91045    
   -0.352000         1.89432    
   -0.348000         1.87599    
   -0.344000         1.85549    
   -0.340000         1.83286    
   -0.336000         1.80815    
   -0.332000         1.78139    
   -0.328000         1.75264    
   -0.324000         1.72195    
   -0.320000         1.68936    
   -0.316000         1.65494    
   -0.312000         1.61874    
   -0.308000         1.58082    
   -0.304000         1.54124    
   -0.300000         1.50006    
   -0.296000         1.45736    
   -0.292000         1.41320    
   -0.288000         1.36764    
   -0.284000         1.32076    
   -0.280000         1.27263    
   -0.276000         1.22333    
   -0.272000         1.17293    
   -0.268000         1.12150    
   -0.264000         1.06912    
   -0.260000         1.01588    
   -0.256000         1.03542    
   -0.252000         1.08494    
   -0.248000         1.13353    
   -0.244000         1.18112    
   -0.240000         1.22765    
   -0.236000         1.27307    
   -0.232000         1.31732    
   -0.228000         1.36033    
   -0.224000         1.40206    
   -0.220000         1.44245    
   -0.216000         1.48145    
   -0.212000         1.51901    
   -0.208000         1.55508    
   -0.204000         1.58963    
   -0.200000         1.62260    
   -0.196000         1.65395    
   -0.192000         1.68365    
   -0.188000         1.71166    
   -0.184000         1.73795    
   -0.180000         1.76249    
   -0.176000         1.78523    
   -0.172000         1.80617    
   -0.168000         1.82527    
   -0.164000         1.84251    
   -0.160000         1.85787    
   -0.156000         1.87134    
   -0.152000         1.88289    
   -0.148000         1.89252    
   -0.144000         1.90022    
   -0.140000         1.90597    
   -0.136000         1.90978    
   -0.132000         1.91164    
   -0.128000         1.91155    
   -0.124000         1.90951    
   -0.120000         1.90553    
   -0.116000         1.89962    
   -0.112000         1.89178    
   -0.108000         1.88202    
   -0.104000         1.87037    
   -0.100000         1.85683    
   -0.960000E-01     1.84143    
   -0.920000E-01     1.82419    
   -0.880000E-01     1.80513    
   -0.840000E-01     1.78428    
   -0.800000E-01     1.76166    
   -0.760000E-01     1.73731    
   -0.720000E-01     1.71126    
   -0.680000E-01     1.68355    
   -0.640000E-01     1.65420    
   -0.600000E-01     1.62326    
   -0.560000E-01     1.59077    
   -0.520000E-01     1.55677    
   -0.480000E-01     1.52131    
   -0.440000E-01     1.48443    
   -0.400000E-01     1.44618    
   -0.360000E-01     1.40661    
   -0.320000E-01     1.36577    
   -0.280000E-01     1.32372    
   -0.240000E-01     1.28050    
   -0.200000E-01     1.23618    
   -0.160000E-01     1.19080    
   -0.120000E-01     1.14444    
   -0.800000E-02     1.09714    
   -0.400000E-02     1.04898    
     0.00000         1.00000    
    0.400000E-02     1.04898    
    0.800000E-02     1.09714    
    0.120000E-01     1.14444    
    0.160000E-01     1.19080    
    0.200000E-01     1.23618    
    0.240000E-01     1.28050    
    0.280000E-01     1.32372    
    0.320000E-01     1.36577    
    0.360000E-01     1.40661    
    0.400000E-01     1.44618    
    0.440000E-01     1.48443    
    0.480000E-01     1.52131    
    0.520000E-01     1.55677    
    0.560000E-01     1.59077    
    0.600000E-01     1.62326    
    0.640000E-01     1.65420    
    0.680000E-01     1.68355    
    0.720000E-01     1.71126    
    0.760000E-01     1.73731    
    0.800000E-01     1.76166    
    0.840000E-01     1.78428    
    0.880000E-01     1.80513    
    0.920000E-01     1.82419    
    0.960000E-01     1.84143    
    0.100000         1.85683    
    0.104000         1.87037    
    0.108000         1.88202    
    0.112000         1.89178    
    0.116000         1.89962    
    0.120000         1.90553    
    0.124000         1.90951    
    0.128000         1.91155    
    0.132000         1.91164    
    0.136000         1.90978    
    0.140000         1.90597    
    0.144000         1.90022    
    0.148000         1.89252    
    0.152000         1.88289    
    0.156000         1.87134    
    0.160000         1.85787    
    0.164000         1.84251    
    0.168000         1.82527    
    0.172000         1.80617    
    0.176000         1.78523    
    0.180000         1.76249    
    0.184000         1.73795    
    0.188000         1.71166    
    0.192000         1.68365    
    0.196000         1.65395    
    0.200000         1.62260    
    0.204000         1.58963    
    0.208000         1.55508    
    0.212000         1.51901    
    0.216000         1.48145    
    0.220000         1.44245    
    0.224000         1.40206    
    0.228000         1.36033    
    0.232000         1.31732    
    0.236000         1.27307    
    0.240000         1.22765    
    0.244000         1.18112    
    0.248000         1.13353    
    0.252000         1.08494    
    0.256000         1.03542    
    0.260000         1.01588    
    0.264000         1.06912    
    0.268000         1.12150    
    0.272000         1.17293    
    0.276000         1.22333    
    0.280000         1.27263    
    0.284000         1.32076    
    0.288000         1.36764    
    0.292000         1.41320    
    0.296000         1.45736    
    0.300000         1.50006    
    0.304000         1.54124    
    0.308000         1.58082    
    0.312000         1.61874    
    0.316000         1.65494    
    0.320000         1.68936    
    0.324000         1.72195    
    0.328000         1.75264    
    0.332000         1.78139    
    0.336000         1.80815    
    0.340000         1.83286    
    0.344000         1.85549    
    0.348000         1.87599    
    0.352000         1.89432    
    0.356000         1.91045    
    0.360000         1.92434    
    0.364000         1.93597    
    0.368000         1.94530    
    0.372000         1.95231    
    0.376000         1.95699    
    0.380000         1.95932    
    0.384000         1.95928    
    0.388000         1.95686    
    0.392000         1.95206    
    0.396000         1.94487    
    0.400000         1.93530    
    0.404000         1.92335    
    0.408000         1.90902    
    0.412000         1.89234    
    0.416000         1.87331    
    0.420000         1.85196    
    0.424000         1.82831    
    0.428000         1.80238    
    0.432000         1.77421    
    0.436000         1.74383    
    0.440000         1.71129    
    0.444000         1.67661    
    0.448000         1.63985    
    0.452000         1.60106    
    0.456000         1.56029    
    0.460000         1.51760    
    0.464000         1.47305    
    0.468000         1.42670    
    0.472000         1.37862    
    0.476000         1.32888    
    0.480000         1.27756    
    0.484000         1.22473    
    0.488000         1.17047    
    0.492000         1.11487    
    0.496000         1.05802    
    0.500000         1.00000    
    0.504000         1.06612    
    0.508000         1.13127    
    0.512000         1.19530    
    0.516000         1.25809    
    0.520000         1.31950    
    0.524000         1.37941    
    0.528000         1.43767    
    0.532000         1.49417    
    0.536000         1.54877    
    0.540000         1.60136    
    0.544000         1.65180    
    0.548000         1.69997    
    0.552000         1.74576    
    0.556000         1.78905    
    0.560000         1.82973    
    0.564000         1.86769    
    0.568000         1.90282    
    0.572000         1.93503    
    0.576000         1.96421    
    0.580000         1.99028    
    0.584000         2.01315    
    0.588000         2.03273    
    0.592000         2.04895    
    0.596000         2.06174    
    0.600000         2.07104    
    0.604000         2.07679    
    0.608000         2.07894    
    0.612000         2.07745    
    0.616000         2.07227    
    0.620000         2.06339    
    0.624000         2.05077    
    0.628000         2.03441    
    0.632000         2.01431    
    0.636000         1.99046    
    0.640000         1.96288    
    0.644000         1.93160    
    0.648000         1.89663    
    0.652000         1.85804    
    0.656000         1.81585    
    0.660000         1.77014    
    0.664000         1.72097    
    0.668000         1.66842    
    0.672000         1.61259    
    0.676000         1.55357    
    0.680000         1.49147    
    0.684000         1.42642    
    0.688000         1.35854    
    0.692000         1.28797    
    0.696000         1.21487    
    0.700000         1.13940    
    0.704000         1.06173    
    0.708000         1.02168    
    0.712000         1.11821    
    0.716000         1.21355    
    0.720000         1.30739    
    0.724000         1.39939    
    0.728000         1.48922    
    0.732000         1.57655    
    0.736000         1.66102    
    0.740000         1.74228    
    0.744000         1.82000    
    0.748000         1.89381    
    0.752000         1.96337    
    0.756000         2.02832    
    0.760000         2.08832    
    0.764000         2.14302    
    0.768000         2.19209    
    0.772000         2.23518    
    0.776000         2.27198    
    0.780000         2.30218    
    0.784000         2.32546    
    0.788000         2.34154    
    0.792000         2.35016    
    0.796000         2.35104    
    0.800000         2.34396    
    0.804000         2.32871    
    0.808000         2.30509    
    0.812000         2.27294    
    0.816000         2.23214    
    0.820000         2.18257    
    0.824000         2.12419    
    0.828000         2.05697    
    0.832000         1.98091    
    0.836000         1.89609    
    0.840000         1.80262    
    0.844000         1.70065    
    0.848000         1.59041    
    0.852000         1.47217    
    0.856000         1.34628    
    0.860000         1.21314    
    0.864000         1.07324    
    0.868000         1.09288    
    0.872000         1.28182    
    0.876000         1.47080    
    0.880000         1.65848    
    0.884000         1.84336    
    0.888000         2.02384    
    0.892000         2.19817    
    0.896000         2.36445    
    0.900000         2.52063    
    0.904000         2.66448    
    0.908000         2.79362    
    0.912000         2.90549    
    0.916000         2.99734    
    0.920000         3.06621    
    0.924000         3.10895    
    0.928000         3.12220    
    0.932000         3.10238    
    0.936000         3.04565    
    0.940000         2.94796    
    0.944000         2.80498    
    0.948000         2.61215    
    0.952000         2.36460    
    0.956000         2.05720    
    0.960000         1.68450    
    0.964000         1.24076    
    0.968000         1.37131    
    0.972000         2.16021    
    0.976000         3.05118    
    0.980000         4.05193    
    0.984000         5.17053    
    0.988000         6.41549    
    0.992000         7.79574    
    0.996000         9.32063    
     1.00000         11.0000    
